Mut 1 2 3 4 5 6 7 8 9 10 11 12 13 14 15 16 17 18 19 20 21 22 23 24 25 26 27 28 29 30 31 32 33 34 35 36 37 38 39 40 41 42 43 44 45 46 47 48 49 50 51 52 53 54 55 56 57 58 59 60 61 62 63 64 65 66 67 68 69 70 71 72 73 74 75 76 77 78 79 80 81 82 83 84 85 86 87 88 89 90 91 92 93 94 95 96 97 98 99 100 101 102 103 104 105 106 107 108 109 110 111 112 113 114 115 116 117 118 119 120 121 122 123 124 125 126 127 128
AAA_C 181 57 28 18 24 17 16 10 9 9 9 11 9 6 6 4 11 8 13 6 8 5 5 5 2 2 3 7 1 4 5 10 3 3 4 3 2 4 2 4 4 2 1 2 3 4 2 0 4 4 5 4 2 3 2 2 6 2 4 3 0 2 6 0 1 1 2 5 2 4 2 1 2 7 2 2 4 2 3 2 4 1 0 1 5 4 4 5 0 0 2 1 1 3 1 1 1 2 1 2 3 3 2 2 0 0 1 0 0 1 2 3 1 3 2 4 1 3 0 1 3 3 4 3 2 5 13 43
AAA_G 291 110 54 37 19 30 20 20 18 20 13 13 14 10 13 15 10 8 6 9 13 9 9 11 8 12 9 7 6 8 6 5 5 4 6 5 10 5 5 4 5 6 5 8 7 9 2 2 1 7 7 3 4 2 7 6 9 4 2 5 7 5 4 4 5 1 2 3 6 1 4 2 3 6 3 3 8 4 2 3 5 6 4 2 4 6 5 4 1 2 5 5 6 6 2 2 1 3 2 2 3 5 2 2 3 2 0 3 3 5 7 1 3 3 6 1 4 6 6 2 2 6 4 4 10 13 24 62
AAA_T 80 34 16 20 9 13 8 3 8 4 5 6 5 2 5 3 4 3 2 3 7 2 1 1 7 2 6 3 7 1 3 3 0 4 1 3 1 1 3 0 3 0 2 2 3 1 1 3 0 2 2 1 3 0 3 3 0 2 2 2 3 2 2 3 2 0 2 2 4 4 5 0 1 2 1 1 2 0 1 2 1 2 3 2 0 0 1 1 1 1 2 0 1 1 2 0 0 0 0 2 1 0 0 0 0 3 0 0 2 0 1 2 0 3 1 1 0 1 0 2 0 2 2 0 1 3 1 36
AAC_C 60 21 13 6 4 6 2 3 10 1 4 8 2 1 1 3 2 1 2 1 2 2 1 2 2 0 1 1 3 2 2 0 1 1 3 1 1 0 1 0 1 1 1 0 3 1 1 0 0 1 2 2 0 1 0 0 0 0 3 0 0 1 0 1 2 1 2 1 0 1 0 1 0 1 1 0 2 2 0 0 0 1 2 0 0 4 0 1 1 0 0 0 0 1 0 2 2 0 0 2 3 0 1 0 1 0 0 0 0 1 1 1 0 0 0 2 1 0 1 0 2 1 1 0 1 1 4 24
AAC_G 182 73 39 24 24 19 18 10 10 11 12 10 13 8 7 7 8 8 5 15 5 7 4 2 6 7 9 3 2 5 2 2 4 4 2 4 2 6 2 6 5 6 5 5 9 5 4 2 2 4 5 6 5 5 8 3 2 3 2 4 2 2 2 3 5 1 6 4 2 3 0 4 3 1 3 1 0 5 0 5 4 8 5 2 3 3 3 1 3 1 4 3 3 3 0 1 5 4 2 2 3 6 2 2 3 3 2 0 2 3 2 2 0 4 1 2 5 4 1 3 7 3 7 6 6 3 12 52
AAC_T 44 21 8 5 1 0 2 2 1 1 5 2 2 1 2 2 2 2 4 2 3 0 0 2 1 1 1 3 4 2 1 1 0 1 2 0 1 0 0 1 1 0 0 1 0 1 4 0 1 1 2 1 2 0 2 0 0 2 1 0 2 0 2 0 1 1 2 1 0 2 0 1 0 1 0 0 0 0 0 0 0 1 1 1 0 0 0 0 0 0 1 0 0 0 1 0 0 0 1 2 0 0 0 1 0 0 0 0 0 0 1 2 1 0 0 0 2 0 1 2 0 0 2 1 1 5 4 6
AAG_C 78 28 11 8 9 2 3 6 3 4 6 5 2 5 1 4 2 4 3 3 1 3 5 3 2 3 2 0 2 0 6 1 2 0 2 1 0 3 0 3 3 0 1 1 2 0 1 2 0 1 0 1 0 1 1 2 0 0 0 1 2 2 0 2 1 1 2 0 0 2 2 1 2 1 2 0 1 0 1 0 1 2 2 1 3 0 0 1 0 0 0 1 0 0 2 1 1 1 0 0 1 0 1 0 2 0 0 0 2 1 0 2 1 0 0 1 0 0 0 0 1 0 0 1 0 0 6 15
AAG_G 211 61 37 32 35 22 11 14 14 7 17 9 5 10 6 9 8 11 9 8 7 7 6 3 12 3 4 7 6 7 4 4 5 2 7 8 7 2 1 3 2 5 7 1 9 3 1 4 2 0 7 4 1 7 7 5 5 4 3 4 2 2 3 3 2 1 5 1 2 6 4 2 1 3 2 5 6 5 4 4 3 2 1 3 5 5 4 5 4 1 5 1 3 2 5 5 3 1 0 3 7 1 1 1 5 0 2 2 4 3 2 2 1 4 0 2 5 3 3 2 3 3 4 4 7 8 12 90
AAG_T 56 13 3 4 3 6 3 0 3 4 0 2 1 0 3 4 0 2 5 1 2 1 2 4 1 2 3 1 1 2 2 0 1 0 2 0 1 1 0 1 3 1 0 1 1 0 2 0 0 0 0 1 0 3 1 0 1 1 1 0 1 2 3 1 0 0 0 0 0 0 3 1 2 0 2 0 0 0 1 1 0 2 0 0 2 0 0 1 1 0 0 0 0 1 0 1 0 0 0 0 0 2 1 0 0 0 1 1 0 0 0 1 0 0 0 0 0 0 0 0 0 2 2 0 3 1 4 13
AAT_C 74 18 8 11 7 6 4 4 1 6 2 2 4 3 2 7 3 3 0 2 1 2 3 2 1 3 3 2 0 0 2 2 1 2 0 1 2 0 0 2 1 0 1 1 2 1 2 1 2 0 2 2 1 2 0 1 2 1 0 0 1 0 0 0 0 0 0 1 2 2 1 1 2 1 1 0 1 1 0 0 2 2 1 1 1 2 1 1 1 0 0 1 1 3 1 4 1 0 0 0 1 0 2 0 1 0 1 2 1 1 0 1 1 0 0 0 0 0 2 1 0 2 1 3 1 3 5 16
AAT_G 429 133 82 66 39 35 38 38 38 21 22 21 25 10 23 17 23 19 14 18 9 13 14 13 16 9 21 19 5 14 10 6 13 15 13 11 8 9 6 9 4 2 7 11 9 4 7 5 8 7 12 9 5 7 7 6 9 7 2 7 5 7 15 4 7 11 3 6 4 9 0 6 7 7 6 4 10 6 8 3 3 7 4 8 5 10 7 2 4 3 4 2 2 6 3 7 5 6 8 4 8 5 4 4 6 4 2 6 10 6 4 8 6 8 4 4 6 5 6 4 7 10 5 5 8 13 26 97
AAT_T 90 19 19 13 6 7 7 4 8 2 1 6 2 2 4 3 2 3 2 4 1 2 5 3 4 0 2 2 2 0 0 1 2 4 2 1 2 1 3 0 2 5 0 0 1 3 0 2 2 0 1 0 2 1 0 2 1 3 1 6 1 1 2 1 0 0 2 3 1 0 1 2 0 0 2 1 1 1 1 1 1 1 0 0 0 1 0 0 1 0 0 0 0 0 1 0 1 1 2 0 2 1 0 1 2 0 0 1 1 0 1 0 0 0 0 1 1 4 0 1 1 2 1 0 2 0 7 43
ACA_A 142 64 24 17 17 14 7 15 9 14 9 1 7 7 4 7 11 2 2 4 3 5 4 2 5 4 1 1 3 3 3 3 4 3 2 1 4 4 4 5 2 4 3 0 0 2 2 3 6 3 5 2 1 4 1 3 2 1 2 0 1 2 1 1 2 1 3 1 3 2 1 2 3 2 1 5 0 1 2 4 3 1 2 0 2 0 4 0 1 0 1 2 2 3 0 5 1 1 1 1 4 0 5 1 4 1 3 1 1 1 0 1 0 1 1 1 1 1 0 0 2 4 1 5 1 5 7 46
ACA_G 142 32 25 22 12 12 14 7 6 9 10 7 5 6 12 6 5 5 7 2 2 5 4 5 3 2 6 1 6 2 1 3 5 3 1 2 4 3 1 3 4 1 0 4 3 4 3 2 2 6 5 1 3 4 2 2 0 0 3 2 2 2 5 2 1 3 3 4 1 0 2 2 0 2 3 2 2 2 0 2 2 2 3 4 1 4 2 1 0 1 2 1 1 1 1 3 0 1 0 1 0 2 0 1 1 0 0 0 0 1 2 0 2 1 3 0 1 4 2 2 0 3 1 7 2 5 9 42
ACA_T 567 157 99 55 58 43 25 23 36 36 29 21 22 17 16 27 23 16 16 14 13 14 10 9 16 13 20 17 10 8 8 11 8 11 10 12 7 3 7 13 13 4 10 13 7 12 10 5 7 10 7 10 8 11 7 8 9 6 6 4 6 4 5 6 7 8 2 4 10 3 4 8 5 6 6 11 5 4 5 5 2 7 3 4 3 9 6 5 3 4 3 4 4 5 6 6 2 6 6 4 10 5 2 3 4 5 4 3 3 4 6 8 2 5 5 5 10 7 2 8 11 6 12 12 7 25 35 204
ACC_A 191 57 45 38 16 16 9 10 12 12 5 4 8 9 4 5 11 2 5 8 10 4 7 3 3 8 2 3 4 2 2 7 1 2 1 5 4 3 4 4 3 5 5 4 2 4 1 3 8 3 1 3 9 3 0 6 3 2 2 4 3 2 0 1 3 3 3 0 2 0 2 2 2 3 2 5 5 2 0 1 3 2 3 2 3 3 2 0 2 2 4 1 2 3 2 2 2 0 0 3 1 0 1 3 1 1 1 1 3 1 4 2 1 1 0 4 2 4 1 1 0 1 1 3 3 5 9 48
ACC_G 101 45 15 13 10 6 6 6 7 6 3 4 4 1 3 4 5 9 3 5 1 3 6 1 5 3 4 5 0 2 1 4 0 2 2 1 0 2 2 2 1 3 2 2 1 1 2 1 3 2 2 1 2 2 1 0 3 1 3 2 1 3 3 0 1 1 0 2 2 3 1 1 0 2 0 2 3 3 1 0 0 1 2 1 1 1 4 0 0 1 1 2 0 0 3 0 1 1 1 1 1 1 2 2 1 1 1 1 1 3 2 1 1 1 1 0 3 1 2 3 2 6 2 2 3 5 8 27
ACC_T 463 126 73 47 43 38 23 28 18 20 15 20 4 14 12 7 15 10 15 11 7 6 10 9 12 12 2 5 8 11 9 9 7 9 3 3 11 5 2 11 2 14 6 7 6 3 9 3 6 7 4 2 5 7 7 5 6 4 5 3 4 6 5 1 10 7 8 6 5 6 5 1 4 3 2 6 7 2 3 2 7 3 3 6 2 3 2 4 7 9 2 3 1 7 4 4 1 1 1 1 5 2 2 1 6 3 1 3 8 0 7 7 3 2 5 5 6 4 2 4 2 4 2 1 4 12 16 76
ACG_A 55 17 13 13 5 5 4 2 5 8 5 1 3 6 2 1 5 3 3 1 1 2 0 0 3 0 1 0 1 2 1 1 3 2 2 1 2 0 0 2 1 3 0 3 2 1 0 0 0 2 1 2 1 1 3 0 0 0 0 1 0 3 2 1 0 2 1 1 0 1 1 0 0 2 1 1 0 1 0 0 1 1 1 0 2 1 0 1 0 0 1 0 1 1 0 1 4 1 0 1 0 0 1 0 0 1 0 1 0 1 2 1 0 0 0 2 0 1 0 0 1 0 2 0 1 0 1 15
ACG_G 41 9 9 5 5 5 7 2 3 1 1 1 2 4 1 2 4 2 3 2 0 3 3 2 3 1 2 0 1 4 0 2 1 0 2 1 1 0 2 0 0 1 2 0 0 1 1 1 0 1 0 0 1 2 1 0 0 1 1 0 1 2 2 0 0 1 1 0 1 1 2 1 1 1 0 0 1 0 1 0 2 0 0 1 1 1 1 0 0 0 0 2 2 0 0 0 0 2 0 0 0 0 1 0 1 0 1 1 1 0 0 1 0 0 1 1 2 1 0 0 0 0 1 0 3 1 3 23
ACG_T 1233 364 203 145 117 114 65 84 74 58 70 54 49 44 56 40 41 40 43 37 35 25 33 29 16 25 21 25 21 24 16 18 18 17 19 22 26 23 19 22 31 18 13 21 26 17 16 10 16 17 20 13 17 23 16 19 14 14 15 17 18 20 14 12 19 14 14 14 19 18 17 15 10 15 15 10 14 11 12 6 13 13 19 8 10 15 11 7 8 5 7 15 9 8 12 8 16 14 7 14 12 12 13 9 10 9 10 8 8 13 16 5 7 4 7 16 24 15 7 15 5 27 13 13 11 36 59 272
ACT_A 68 31 14 7 6 5 4 5 2 1 4 3 3 3 3 2 3 2 2 1 0 0 2 3 1 1 2 2 1 1 0 1 1 4 1 2 1 0 4 0 1 3 2 3 1 2 1 0 0 0 0 0 2 0 0 0 2 3 1 1 1 2 0 1 0 0 2 1 1 0 3 0 0 0 2 0 1 0 0 2 0 1 0 1 0 0 0 0 0 1 0 0 2 1 1 0 1 2 1 0 2 0 1 0 0 2 1 1 1 0 1 0 1 0 0 0 0 2 0 0 2 0 1 0 2 2 3 18
ACT_G 109 45 15 13 13 9 8 5 6 9 4 8 4 4 7 4 1 4 4 4 2 5 2 6 5 5 5 4 4 3 4 5 2 3 1 2 1 2 1 7 3 3 3 2 7 2 2 2 1 1 3 3 0 4 2 4 1 0 4 5 3 2 1 4 2 1 1 2 1 3 1 1 0 1 0 1 1 2 2 1 0 6 1 1 1 1 0 0 0 1 1 1 0 4 0 1 0 0 0 2 1 0 2 0 2 2 1 1 0 1 3 0 3 3 2 2 2 1 0 2 0 1 1 5 2 5 3 26
ACT_T 330 100 67 46 29 22 25 29 24 11 20 14 11 10 8 12 11 8 12 16 11 8 5 10 12 10 11 11 7 5 3 8 5 7 11 9 9 6 4 9 10 12 2 5 10 5 4 6 10 4 6 5 1 5 5 11 3 7 4 5 3 4 7 3 6 6 4 4 6 4 5 2 2 3 5 6 2 6 4 1 5 3 3 2 3 4 4 0 3 1 3 1 4 6 2 6 2 2 1 7 1 1 1 1 4 2 7 7 1 5 2 2 2 3 4 5 5 3 7 0 6 5 3 5 4 11 23 142
AGA_A 355 105 62 36 36 35 24 24 27 21 17 6 11 9 13 10 8 6 16 15 8 8 9 7 15 11 6 11 5 5 3 7 6 8 6 3 6 6 9 7 10 3 9 8 6 4 5 3 2 8 5 7 6 10 6 5 8 3 3 1 6 5 3 4 4 5 4 6 7 2 1 5 3 7 5 7 3 4 1 2 0 9 2 7 3 9 5 4 5 2 2 4 4 1 3 1 0 1 5 3 0 3 2 3 2 3 2 6 4 3 7 1 3 3 3 0 1 2 4 2 4 3 6 6 4 6 13 69
AGA_C 206 80 34 24 29 14 17 12 17 7 13 5 5 8 8 4 9 4 7 6 6 6 11 2 8 8 8 5 7 8 7 5 2 5 4 4 3 2 5 7 8 1 3 3 3 2 2 3 2 3 4 6 3 4 3 4 2 1 5 0 4 0 8 2 2 2 0 2 5 4 2 0 2 5 2 4 2 5 3 1 5 5 1 2 4 0 0 4 0 1 2 4 2 3 3 4 2 2 0 1 4 3 0 3 4 2 4 0 3 2 2 1 1 1 6 2 6 2 2 3 5 2 3 3 3 13 8 40
AGA_T 123 44 24 17 9 9 9 4 5 9 6 5 5 2 5 5 6 4 7 6 3 0 3 5 4 0 4 3 3 2 3 2 2 2 0 0 2 2 2 1 3 5 3 3 6 1 1 1 0 2 2 2 4 1 1 0 2 1 3 0 1 4 2 2 3 2 2 5 0 1 2 1 1 2 3 1 1 3 0 0 1 1 1 2 2 1 1 1 0 1 3 2 0 1 1 0 2 1 0 1 0 1 1 0 2 1 1 0 0 0 1 0 2 0 1 2 4 0 1 1 1 2 2 2 4 5 5 24
AGC_A 394 122 74 40 37 39 25 30 20 22 20 18 11 23 16 12 15 10 16 14 12 15 13 9 12 7 12 4 16 9 10 10 7 6 10 8 5 2 6 3 9 15 10 7 8 6 6 4 2 8 8 4 7 9 1 4 6 6 1 8 5 4 7 4 11 2 8 7 4 3 4 5 7 8 6 1 2 5 5 2 2 5 4 6 3 4 1 2 6 4 4 6 4 2 3 2 3 2 2 3 2 1 1 3 6 0 7 3 4 2 5 1 1 2 3 4 2 5 2 3 2 5 3 9 5 9 12 84
AGC_C 102 46 15 8 14 7 4 9 4 4 11 5 3 6 3 3 4 6 4 8 3 4 3 3 2 1 7 1 3 8 1 2 4 3 3 2 1 2 0 4 4 3 0 2 1 0 3 3 2 0 0 1 1 5 1 2 3 4 1 0 2 2 1 3 2 0 2 1 1 1 1 1 0 0 3 0 1 0 1 0 1 1 1 2 0 6 1 2 0 1 1 1 0 3 1 1 0 1 0 1 0 1 1 1 2 2 0 0 1 1 0 0 0 0 1 2 0 0 1 0 1 1 2 2 1 2 7 21
AGC_T 80 28 21 9 11 7 8 4 5 8 7 5 2 5 2 6 5 2 4 6 6 2 1 3 2 0 1 3 1 2 5 3 0 1 1 0 0 1 2 4 2 2 1 3 1 2 1 0 0 2 2 1 1 1 1 2 0 3 0 2 1 2 1 2 2 1 1 0 0 1 0 0 2 0 0 0 1 0 1 0 0 2 0 0 2 0 2 1 0 0 0 1 0 2 1 0 0 0 0 1 2 1 1 0 2 1 3 0 0 1 5 1 2 0 1 2 1 3 0 3 1 1 0 0 0 6 5 31
AGG_A 539 210 85 60 57 61 27 47 33 27 32 25 21 21 26 26 23 18 20 22 16 17 16 14 16 10 14 10 15 12 13 14 10 15 10 17 11 7 7 13 15 12 11 9 11 11 6 12 9 9 3 11 9 5 7 12 12 9 7 3 11 4 5 7 8 13 1 6 6 3 7 10 8 4 3 6 7 5 7 4 4 7 4 8 6 4 5 3 2 7 1 3 4 5 3 8 5 5 3 4 5 5 7 1 3 3 4 3 3 2 3 3 5 8 6 7 9 9 4 4 4 12 7 12 12 13 27 95
AGG_C 184 66 41 24 20 8 16 13 6 10 10 5 8 8 8 6 7 3 5 5 5 5 6 7 2 4 2 4 5 3 4 3 3 6 2 4 3 2 8 5 4 3 2 3 6 1 3 2 2 6 6 2 4 4 1 3 3 2 2 2 4 6 2 3 2 2 1 2 5 2 6 1 1 1 0 1 2 2 1 1 1 2 2 0 1 1 2 0 1 1 0 3 3 0 1 2 0 3 3 2 2 1 2 3 1 5 1 3 2 2 2 0 2 1 0 1 2 3 1 1 4 5 1 3 2 6 8 28
AGG_T 84 35 18 8 4 3 5 6 3 10 2 5 2 2 5 2 3 1 4 2 2 4 0 1 3 2 2 5 2 2 2 1 2 0 2 0 2 1 2 2 1 3 0 4 1 1 3 0 0 2 3 0 4 2 1 1 0 1 3 1 0 2 2 0 0 1 0 2 1 1 2 0 0 0 0 0 0 0 0 1 0 4 2 2 0 0 1 2 0 1 0 0 0 1 1 2 2 1 0 2 0 2 4 0 2 0 2 0 0 1 1 0 0 0 1 3 2 1 0 0 1 3 0 2 1 7 7 16
AGT_A 346 125 55 40 31 31 22 14 22 13 10 11 13 8 5 17 15 11 17 10 9 13 16 8 9 7 16 4 8 6 1 8 4 4 5 7 6 3 8 4 4 8 2 2 12 3 3 1 5 4 4 5 7 4 1 1 4 4 0 7 10 3 4 8 10 5 7 4 5 4 4 2 2 3 4 4 6 2 6 4 2 5 6 3 3 6 1 2 2 3 5 4 3 8 4 4 4 7 4 1 4 3 5 3 2 9 2 4 4 4 5 3 5 2 2 1 7 4 2 4 6 8 6 8 9 10 20 178
AGT_C 124 45 12 16 9 9 11 13 3 6 3 7 4 5 12 4 6 3 3 3 8 2 2 2 8 1 3 6 3 4 2 3 5 1 1 3 2 1 3 5 4 0 4 2 2 1 3 2 2 5 2 3 1 1 4 0 0 2 0 3 1 4 1 0 1 1 5 4 2 1 2 2 2 0 1 1 3 2 2 1 1 2 1 2 1 0 1 2 0 2 0 1 0 2 4 1 0 1 1 2 1 1 0 2 1 1 1 0 5 2 2 3 0 0 1 1 1 2 2 3 2 0 1 1 4 1 6 26
AGT_T 74 28 12 6 4 6 5 4 3 6 4 4 3 3 1 3 4 1 0 2 1 0 2 3 1 3 3 3 4 2 1 0 2 2 1 0 1 1 0 3 0 3 0 2 2 0 0 2 1 2 2 2 1 1 1 0 1 0 0 3 1 1 0 1 3 1 0 2 2 0 2 2 4 1 0 1 1 6 0 2 2 1 2 2 1 1 0 1 1 1 1 1 1 0 1 0 2 2 1 1 2 0 1 0 2 1 0 1 0 1 2 1 0 3 0 0 4 1 0 1 0 1 2 1 2 6 4 22
ATA_A 85 19 13 6 9 11 3 6 2 3 1 2 1 1 4 3 6 4 3 3 1 1 2 2 2 1 0 1 1 0 1 5 0 2 1 3 1 0 1 1 3 0 0 1 0 3 3 1 1 0 1 0 0 1 1 0 0 2 4 0 0 1 1 2 2 1 2 2 1 1 1 0 0 1 0 3 1 0 2 0 1 1 1 3 0 2 1 3 1 1 2 0 1 2 0 0 1 0 0 0 1 2 1 0 0 0 1 0 1 1 2 2 0 0 0 2 0 1 0 2 1 1 3 9 0 2 6 28
ATA_C 465 170 73 71 48 37 29 35 36 35 28 18 14 16 25 15 21 19 17 19 13 15 8 10 15 13 16 9 13 19 5 4 10 12 9 6 13 6 5 9 10 12 9 16 8 4 10 11 7 6 5 6 12 10 12 7 5 6 11 6 5 11 6 4 8 7 9 7 8 6 4 8 4 8 6 8 4 2 5 4 8 7 4 4 7 8 2 4 5 3 2 4 3 10 5 6 4 8 3 7 9 5 5 4 8 9 2 5 3 7 7 4 3 5 5 4 5 7 6 3 2 9 4 13 8 10 19 137
ATA_G 43 23 10 3 6 3 1 1 1 7 1 1 2 1 2 4 2 1 1 1 1 0 2 1 0 4 1 1 2 1 2 1 0 1 1 1 3 0 0 1 1 2 0 0 1 4 0 0 0 0 1 0 2 0 0 0 0 2 1 0 0 1 2 1 0 1 0 0 0 0 2 1 2 0 0 1 0 0 2 1 1 0 1 2 0 1 0 1 1 0 1 0 2 0 1 0 0 0 2 0 0 2 1 1 1 2 0 0 1 1 1 1 2 1 0 0 1 1 1 4 0 0 1 0 2 1 5 18
ATC_A 85 15 17 15 4 7 11 4 7 3 6 2 1 1 5 8 5 1 1 1 7 0 0 3 1 1 1 1 1 1 1 4 0 2 1 1 1 2 2 4 2 2 1 3 1 2 0 0 0 2 1 1 0 1 0 5 2 1 0 1 4 1 1 2 2 0 1 5 1 1 0 0 0 0 2 1 0 2 0 2 2 0 2 2 1 0 1 1 3 0 1 0 3 1 0 1 0 0 0 2 0 1 1 0 0 2 0 1 2 1 0 2 2 0 0 0 0 1 1 0 1 1 0 0 2 3 7 12
ATC_C 187 84 29 20 17 10 19 20 12 11 7 3 9 6 11 11 5 8 3 9 5 9 4 4 5 4 4 5 5 3 4 3 6 6 2 8 5 4 6 5 4 3 1 2 1 5 3 5 5 2 1 2 0 5 4 5 5 7 1 5 4 1 2 0 4 4 5 3 4 3 1 3 1 4 1 1 3 5 2 3 1 4 3 1 2 4 7 2 1 0 4 3 3 2 0 0 4 2 3 2 4 0 3 3 2 2 2 0 1 1 1 1 4 3 5 3 4 3 2 3 2 4 3 4 7 11 16 83
ATC_G 46 11 4 3 4 4 2 2 1 4 3 2 1 0 1 3 1 2 0 2 0 0 1 0 1 1 1 1 2 0 1 0 0 1 2 2 2 1 1 1 0 0 1 0 2 0 2 0 1 0 0 1 1 0 0 1 3 0 0 1 0 1 0 1 1 1 1 0 0 0 0 0 1 0 0 0 0 1 2 0 1 0 0 0 2 0 1 1 1 1 0 0 1 1 0 1 0 1 0 0 2 0 0 0 0 1 0 1 0 0 1 0 0 0 3 2 0 0 0 0 1 1 0 1 1 1 2 12
ATG_A 97 40 18 12 10 5 9 8 6 8 6 8 3 9 6 6 4 2 6 1 3 2 1 3 4 2 5 2 3 5 2 2 2 2 3 0 1 3 0 1 2 1 1 0 2 2 0 2 6 1 2 4 2 2 2 4 5 4 3 1 1 2 2 0 0 3 0 1 1 2 2 2 1 0 1 1 2 3 2 0 0 1 1 2 1 0 1 2 1 0 1 2 1 1 4 1 2 0 1 1 2 0 0 0 1 1 0 3 0 0 0 1 1 0 0 1 4 0 4 1 2 1 1 1 3 4 3 17
ATG_C 534 199 72 92 39 50 31 46 35 33 40 19 25 23 21 22 20 26 28 20 22 20 20 12 19 15 29 13 15 12 20 14 19 23 9 14 10 12 9 10 16 17 12 14 12 14 9 12 16 14 9 12 11 10 6 10 13 11 15 12 8 9 10 12 13 10 11 4 12 10 9 7 9 9 7 14 10 12 8 5 12 12 8 10 5 8 8 9 9 5 6 6 8 11 10 12 14 7 8 8 10 8 9 7 13 8 5 11 8 15 11 3 9 12 7 8 18 11 14 20 13 27 25 24 32 52 161 1323
ATG_G 88 30 14 8 7 6 5 6 4 3 9 0 2 4 6 4 6 1 5 3 3 1 2 2 3 3 3 4 3 5 3 3 0 1 2 4 1 0 0 3 3 1 0 0 3 1 1 1 0 5 1 0 4 1 1 0 3 1 2 3 1 0 3 2 1 0 2 2 2 1 4 3 0 0 1 0 1 1 1 1 1 0 1 0 5 1 3 0 1 0 0 1 0 2 1 0 0 2 2 1 0 1 1 1 0 2 0 1 0 1 2 1 0 2 2 1 1 0 0 2 0 1 3 3 1 7 7 21
ATT_A 89 21 11 7 8 5 6 8 4 6 7 6 4 3 7 2 2 4 3 2 3 1 4 2 2 4 1 5 2 2 1 1 1 2 2 1 1 0 1 2 1 3 3 1 0 2 2 1 2 0 2 0 1 2 2 1 1 1 1 0 1 0 1 1 0 0 1 1 3 0 0 2 1 1 2 1 0 2 1 2 0 1 0 0 2 0 1 0 1 0 2 2 0 3 1 2 3 1 2 2 4 0 1 0 1 2 0 1 0 2 0 1 0 0 1 1 1 1 1 0 0 3 1 3 2 2 9 35
ATT_C 443 172 57 55 50 33 39 24 23 29 17 25 17 19 15 21 22 14 20 9 14 15 12 9 18 12 14 8 11 11 12 12 8 10 9 7 12 5 7 10 8 9 6 8 7 7 4 11 9 3 5 2 10 6 5 3 8 10 7 3 5 4 7 5 7 5 6 3 5 6 2 7 6 4 8 2 7 5 7 5 4 7 8 5 2 6 7 2 2 5 5 2 4 7 3 3 5 1 2 4 5 2 0 3 4 7 5 5 8 6 6 6 4 6 5 11 2 8 4 5 6 4 12 6 6 11 24 109
ATT_G 71 15 9 8 7 12 6 5 3 3 5 1 1 0 5 3 4 1 4 3 2 1 1 2 2 3 2 4 1 1 0 1 0 1 0 2 0 0 3 1 1 2 2 1 2 1 0 1 0 1 0 0 1 1 1 0 2 2 3 1 0 2 2 0 1 1 0 2 1 0 0 2 0 1 1 2 2 0 0 3 0 1 0 2 1 0 2 0 0 1 1 1 1 1 0 0 2 1 1 0 2 0 0 0 0 0 1 0 1 2 1 0 0 0 2 0 1 0 0 0 0 1 1 2 2 3 5 18
CAA_C 102 31 21 11 5 9 6 7 4 5 4 6 2 2 6 4 2 0 3 5 4 0 3 4 5 2 5 3 4 2 0 4 2 4 1 2 2 1 4 0 2 2 2 4 3 1 1 0 0 3 0 4 1 4 3 4 1 4 3 3 1 0 5 1 3 2 0 1 1 2 2 1 0 1 0 0 0 0 2 0 1 1 5 2 1 1 1 1 0 2 1 0 1 3 2 1 1 1 2 0 0 0 1 0 2 1 0 0 1 0 1 2 2 1 3 1 3 2 2 2 1 3 0 1 1 4 4 36
CAA_G 202 78 50 28 14 17 19 11 13 16 7 15 12 9 6 6 13 16 9 14 5 4 3 3 4 4 10 4 6 6 5 2 3 10 4 1 5 4 5 4 5 6 3 3 6 4 3 4 7 5 4 5 2 9 4 5 4 12 7 3 1 4 2 4 0 4 0 10 7 3 7 6 8 5 4 6 11 5 2 4 4 4 0 1 2 2 3 1 2 5 3 6 1 5 7 3 5 4 4 3 7 1 1 1 5 5 6 3 4 5 2 5 1 5 6 5 1 6 10 8 5 8 8 9 10 25 61 549
CAA_T 30 17 6 3 5 1 3 1 2 4 2 2 2 3 4 2 0 3 0 3 0 2 2 0 2 0 3 1 1 1 1 0 1 1 0 0 2 0 2 0 0 1 1 1 1 1 2 1 0 0 2 1 0 0 0 0 1 0 0 0 0 1 1 0 1 0 1 0 0 1 0 0 1 0 1 0 0 0 0 0 0 1 1 1 2 0 0 0 0 0 0 0 0 0 0 1 0 0 0 0 0 0 0 2 1 0 0 2 0 0 1 0 0 0 0 1 0 0 1 0 1 1 0 0 2 2 2 6
CAC_C 125 35 17 7 7 8 7 7 3 5 7 3 5 3 4 5 6 4 6 5 3 4 4 5 8 3 5 2 0 1 2 2 1 5 0 2 1 2 4 2 2 3 0 2 2 2 2 2 3 3 3 2 2 2 2 1 4 0 2 3 0 0 1 1 3 1 0 0 4 2 1 3 1 1 0 2 1 2 0 1 1 1 4 3 2 3 0 3 0 1 3 1 0 0 2 2 1 0 0 3 1 0 2 2 0 0 0 3 1 1 2 0 1 0 2 2 2 4 2 3 1 2 1 1 3 6 6 29
CAC_G 349 113 61 29 31 25 28 17 16 24 22 16 19 15 15 17 10 8 14 13 12 12 12 10 7 9 11 12 8 7 12 8 6 9 6 6 9 6 8 11 7 7 5 11 9 5 11 11 8 6 8 9 11 11 3 4 3 4 10 4 9 7 7 3 11 7 2 9 8 4 3 4 8 3 3 5 6 4 8 2 1 6 11 5 4 7 6 5 5 6 5 8 7 10 4 9 7 5 3 4 9 2 10 7 9 6 5 7 10 11 7 16 6 8 6 10 10 14 5 2 11 10 16 12 30 48 140 909
CAC_T 67 18 12 8 8 10 9 5 5 7 3 2 3 1 3 1 3 5 2 6 4 0 4 0 3 0 4 2 0 2 2 0 2 0 3 4 1 0 3 0 2 1 0 1 4 1 2 0 0 5 1 2 1 1 0 2 0 1 2 1 0 1 1 0 1 0 1 0 2 0 1 1 2 0 3 1 1 2 1 1 0 0 1 1 0 0 2 1 0 0 1 0 1 0 0 1 0 1 0 0 1 1 0 2 0 0 0 0 0 2 1 1 3 1 0 0 0 1 1 0 1 0 4 1 1 2 5 13
CAG_C 127 52 15 13 10 3 10 6 7 7 11 5 6 10 3 5 4 2 6 4 6 4 4 2 2 1 2 1 4 2 0 3 2 6 2 2 7 1 1 1 2 2 0 1 4 2 0 1 0 2 1 3 2 1 3 2 3 2 2 3 2 0 1 0 3 1 2 1 4 1 4 1 1 0 0 4 1 4 1 1 1 2 3 3 0 0 4 0 0 0 1 0 0 2 0 2 0 2 0 0 0 2 0 0 0 2 2 0 2 2 1 0 2 0 1 1 3 2 1 0 0 2 1 4 0 2 3 25
CAG_G 419 144 74 57 38 38 34 26 25 24 17 26 19 14 28 15 20 17 20 18 17 12 21 13 13 11 14 6 5 15 10 9 6 13 10 13 9 6 8 15 7 19 8 13 7 9 7 7 7 11 11 10 9 12 13 10 14 12 6 10 8 8 8 6 7 10 13 9 10 12 13 7 8 9 8 10 11 8 8 7 7 11 11 17 7 10 6 7 11 6 6 8 5 10 5 8 7 9 8 8 12 10 14 7 8 9 7 11 10 5 8 7 9 7 6 7 16 8 11 19 11 24 20 27 36 43 155 1240
CAG_T 82 22 13 15 8 7 5 7 5 3 3 1 1 3 5 0 2 0 1 3 2 2 2 3 4 3 2 4 3 0 4 1 0 3 3 1 6 3 0 2 1 2 1 0 0 0 0 2 0 1 3 0 1 2 1 4 2 0 0 0 0 1 0 0 0 0 3 1 3 1 1 1 4 1 0 3 1 2 0 1 1 2 0 1 0 1 0 1 1 0 1 0 0 1 0 0 1 0 0 0 1 0 0 0 2 0 2 1 0 2 1 0 0 2 0 0 2 1 0 1 1 1 2 1 2 3 6 16
CAT_C 76 24 12 14 7 7 11 9 7 1 6 1 3 6 3 3 6 3 2 5 4 2 0 3 2 2 2 2 2 3 2 3 4 3 2 1 3 3 3 1 2 1 1 1 3 1 1 3 3 4 2 4 3 3 3 1 1 1 2 0 1 1 4 2 1 1 1 1 2 3 3 1 1 2 0 0 2 3 2 4 1 2 3 1 0 1 0 2 2 2 1 2 0 1 1 1 0 0 1 2 0 2 0 1 2 3 1 0 2 1 2 3 0 1 0 2 0 2 0 2 0 3 1 3 1 1 4 13
CAT_G 532 196 101 73 55 40 38 24 29 33 30 25 28 20 22 20 28 17 23 13 25 21 22 21 18 15 19 18 22 13 7 9 12 20 12 20 14 7 10 10 10 11 9 13 13 15 9 15 14 11 15 11 8 14 14 6 12 11 13 15 5 14 6 7 16 15 8 9 12 20 6 8 11 4 8 12 14 11 9 8 10 13 14 8 7 17 4 7 5 7 4 5 9 6 7 11 11 4 6 13 13 11 12 7 9 13 11 7 8 13 11 15 12 4 7 15 16 18 11 18 16 24 17 30 35 61 172 1353
CAT_T 98 41 18 14 8 10 9 6 8 3 5 2 4 6 9 5 5 2 9 3 5 5 5 0 2 2 1 3 1 1 1 4 3 0 3 1 2 1 2 2 2 1 1 2 4 0 2 1 0 2 3 2 1 1 2 2 3 1 2 0 1 0 0 0 2 1 1 0 1 1 2 2 1 4 2 0 2 1 1 0 0 2 1 2 0 4 2 1 2 1 0 1 1 3 1 1 1 3 2 1 3 0 0 0 3 0 0 0 0 2 1 4 0 0 1 1 3 0 1 0 2 1 1 3 2 3 2 21
CCA_A 100 41 18 7 15 11 11 7 6 3 5 10 4 5 3 4 4 1 3 3 1 5 4 2 4 3 2 2 2 1 2 2 4 3 0 0 0 0 1 2 3 1 2 2 0 1 2 2 1 1 0 2 0 1 1 2 2 3 0 5 2 3 2 1 2 3 5 1 2 3 2 1 2 1 1 1 0 1 1 1 0 0 2 2 1 1 0 0 0 1 0 2 1 1 2 0 0 1 0 1 0 0 2 1 0 1 1 1 0 2 0 1 1 2 0 0 1 0 1 4 0 1 1 0 2 3 5 34
CCA_G 108 52 17 11 10 12 7 7 11 4 4 2 3 4 2 4 3 1 1 2 4 3 5 2 0 3 7 2 2 2 1 2 0 5 3 4 2 3 2 4 2 2 3 0 4 3 2 4 3 1 1 2 1 2 0 1 1 1 2 2 0 1 4 1 2 0 2 2 0 1 0 1 2 2 1 3 0 1 2 4 3 3 5 0 3 3 1 1 1 1 0 4 1 1 0 2 1 1 0 0 1 1 5 3 0 0 1 0 0 2 1 1 2 0 1 2 0 1 1 1 2 1 1 5 1 7 10 23
CCA_T 472 185 80 63 42 37 28 28 25 25 16 15 15 24 23 25 18 16 17 17 13 12 19 11 14 13 10 9 12 10 11 3 17 11 9 6 8 8 5 15 5 13 6 6 11 9 8 9 8 3 7 10 11 9 6 7 4 7 6 2 5 7 8 6 9 3 2 6 7 6 7 4 4 4 1 7 1 4 5 3 2 3 6 4 5 4 4 2 5 3 1 5 4 3 3 3 5 7 1 4 7 6 5 5 3 2 3 4 4 5 3 2 5 3 1 4 9 4 4 1 3 8 7 6 3 10 15 90
CCC_A 152 61 21 17 11 12 12 8 7 6 13 5 3 9 6 6 4 4 0 3 6 10 6 4 4 1 7 6 4 2 3 2 0 1 3 3 4 3 4 1 1 6 4 1 0 4 1 3 4 3 1 10 4 4 5 1 2 2 2 2 3 3 2 0 2 1 0 4 6 1 2 0 1 0 3 3 4 4 4 4 0 1 1 2 1 5 5 1 1 1 2 0 0 2 3 1 1 1 1 2 0 1 2 0 1 2 0 1 0 2 2 1 4 0 2 1 1 3 0 2 1 5 1 1 4 2 6 23
CCC_G 193 51 29 26 19 13 12 14 6 11 8 6 9 9 8 2 5 6 3 8 2 1 2 8 9 7 1 5 6 3 5 3 7 4 4 3 2 3 4 2 3 2 4 2 3 3 0 2 1 2 2 2 1 3 2 6 4 1 2 1 2 2 0 4 4 2 1 2 2 2 5 1 3 4 1 3 2 1 3 3 3 4 3 2 0 0 3 1 3 2 0 1 2 6 2 1 4 2 0 4 2 2 3 1 2 4 4 1 0 2 4 4 3 1 0 1 1 1 1 1 2 0 3 2 2 6 11 28
CCC_T 566 171 92 48 52 52 38 41 20 23 34 23 22 19 24 19 16 11 17 18 16 11 17 17 12 16 13 18 9 10 13 12 9 8 11 5 7 8 11 12 7 8 15 9 12 11 7 5 9 10 5 8 8 7 3 10 4 6 5 14 12 13 8 7 5 7 5 5 4 7 6 6 3 8 6 2 11 10 7 5 7 4 2 5 6 4 4 6 2 10 5 6 3 5 7 3 7 6 4 5 4 8 4 4 4 2 4 4 6 7 7 2 4 3 1 3 7 9 1 2 3 6 9 4 9 10 32 92
CCG_A 64 17 9 4 3 4 3 7 3 0 2 3 4 2 3 3 2 5 6 3 4 0 3 3 3 0 2 0 1 2 0 0 0 4 1 0 2 1 6 1 0 5 3 2 0 1 2 0 1 1 4 1 0 1 1 0 0 0 2 0 0 1 2 0 0 0 0 0 1 0 1 2 2 0 0 0 1 0 4 2 1 0 1 0 1 1 1 2 1 1 1 0 0 0 0 1 0 0 0 0 1 0 1 2 1 0 1 1 0 0 0 0 0 3 0 0 3 0 0 1 2 0 3 2 1 3 4 10
CCG_G 82 36 11 18 11 11 6 3 3 13 2 3 5 1 0 1 1 1 1 1 0 2 5 2 3 1 3 1 3 2 3 3 1 3 2 1 1 2 0 2 1 0 1 0 1 1 2 1 5 5 1 2 2 1 2 2 1 2 1 0 1 2 1 2 1 2 3 0 0 4 1 1 2 1 1 0 1 0 0 0 2 2 2 1 1 1 2 0 0 0 0 0 0 0 0 1 3 0 1 0 2 0 3 0 0 2 1 2 0 0 1 2 1 0 1 3 1 0 2 0 1 3 0 1 0 3 5 12
CCG_T 1561 445 226 152 140 127 97 94 88 81 65 63 57 52 59 43 48 37 44 42 45 33 38 27 45 31 34 26 35 27 28 29 30 35 24 23 21 22 26 26 32 22 21 28 26 20 23 17 29 13 34 12 33 21 14 15 26 17 21 23 25 14 15 13 21 15 17 13 21 24 11 6 18 16 17 17 12 17 14 8 13 19 18 7 11 13 11 11 8 9 10 13 8 20 6 9 13 15 12 7 16 8 15 18 11 9 9 15 14 15 16 13 10 8 8 9 22 12 21 8 4 16 18 22 28 34 68 271
CCT_A 108 38 16 10 5 6 3 8 8 8 6 2 4 2 0 5 6 5 0 1 4 5 3 2 2 2 4 2 1 1 4 0 2 0 3 0 2 1 2 0 2 2 3 3 1 1 2 2 1 0 1 5 0 4 1 1 1 2 0 1 0 2 0 0 2 3 1 0 1 2 1 2 0 2 4 0 0 3 1 0 1 3 2 2 1 2 0 2 0 0 1 0 1 0 0 0 0 1 2 0 5 1 1 0 0 1 1 2 0 2 0 1 0 0 1 2 3 2 1 1 1 0 3 1 3 6 8 20
CCT_G 146 77 36 29 14 12 11 12 7 7 7 9 11 6 10 8 8 4 7 4 3 3 4 1 2 4 8 6 4 7 5 5 1 2 1 6 1 3 3 6 4 3 3 3 4 4 4 2 3 1 1 5 0 5 4 4 2 1 0 3 1 1 2 1 2 2 1 0 2 1 2 3 2 0 0 1 3 3 2 0 1 1 6 2 2 1 1 3 1 1 3 1 2 1 1 3 2 1 2 1 1 3 1 2 1 2 2 1 0 2 1 0 3 2 0 2 0 2 3 3 2 0 1 2 5 4 5 38
CCT_T 522 193 86 60 44 54 40 43 35 27 26 27 22 15 22 24 17 19 20 29 13 20 14 14 15 5 11 11 17 13 17 17 13 11 10 6 8 12 4 11 14 12 11 15 8 9 12 4 6 7 14 8 8 7 4 9 5 5 9 12 9 7 7 11 11 2 10 10 6 13 6 9 6 8 3 3 7 9 7 7 3 7 6 5 7 5 1 5 6 4 3 3 2 8 8 5 6 6 3 6 7 4 4 7 4 2 6 3 3 5 6 7 4 3 2 4 9 6 6 10 9 7 10 9 10 14 21 92
CGA_A 818 239 116 91 66 55 63 38 39 39 41 26 34 42 30 24 50 19 21 29 32 12 25 21 19 13 19 14 15 17 17 17 19 17 19 8 12 20 11 16 14 20 9 5 18 13 12 5 10 9 15 11 16 15 14 14 19 12 9 9 12 5 13 5 8 6 8 15 10 13 7 8 7 4 6 11 4 8 10 11 2 10 6 10 11 1 7 9 5 4 4 7 5 9 9 5 3 7 4 3 4 1 5 5 3 4 4 4 13 12 9 10 7 5 2 10 9 6 7 6 7 6 7 7 10 29 43 128
CGA_C 44 17 10 5 7 7 5 1 3 4 5 4 1 0 3 0 1 1 1 2 2 1 1 2 1 1 2 1 2 2 2 1 2 1 2 0 1 0 2 1 1 3 0 0 1 2 1 2 0 0 2 0 1 0 1 0 1 0 3 0 0 0 3 2 1 0 0 1 1 1 0 1 1 1 1 1 0 1 0 0 1 0 2 0 1 1 1 0 0 1 0 0 3 1 0 1 0 0 0 2 2 0 2 0 0 0 0 0 0 3 0 0 2 0 1 3 1 1 1 0 1 1 1 2 1 2 6 15
CGA_T 59 14 12 5 4 3 3 1 6 0 6 3 2 0 1 1 1 2 5 0 0 1 1 1 1 0 1 1 2 0 1 1 0 1 0 2 1 2 0 3 1 0 1 1 3 0 0 0 0 0 0 1 0 3 0 0 2 2 0 0 3 0 1 2 1 0 1 1 1 2 1 1 0 4 0 0 0 1 0 1 2 1 0 0 0 1 0 1 0 0 0 0 0 0 0 0 0 1 0 1 0 0 0 1 0 0 0 0 1 0 2 0 0 1 0 0 0 1 0 0 0 3 0 1 0 0 4 11
CGC_A 1337 357 184 146 123 86 69 76 72 52 63 31 40 40 38 41 51 32 49 44 37 29 27 38 27 15 25 29 20 21 19 20 24 21 26 15 20 15 26 22 27 13 22 20 27 25 18 13 13 19 21 22 20 21 12 14 13 14 15 7 10 11 14 11 25 9 8 19 15 12 20 11 9 7 13 9 17 11 8 9 7 19 14 7 11 17 10 16 13 9 8 5 10 12 8 11 11 10 4 13 11 7 12 9 11 5 10 13 4 8 6 10 7 8 12 8 12 6 11 5 12 17 11 16 15 15 48 192
CGC_C 43 10 7 6 6 5 2 0 3 4 1 1 0 1 4 3 2 3 2 0 1 3 1 1 1 2 3 0 0 1 0 0 1 3 1 0 4 1 3 1 2 1 2 0 1 1 0 0 0 1 3 1 0 3 1 2 0 0 1 0 3 0 0 1 1 1 0 2 0 1 2 0 0 0 1 0 0 0 0 0 1 2 1 0 0 0 0 1 0 2 0 0 0 0 1 0 0 1 1 0 1 0 0 0 1 1 0 1 0 0 1 0 0 1 0 1 0 0 0 1 0 0 1 0 0 1 3 16
CGC_T 97 30 12 15 9 13 5 6 7 8 1 4 1 6 7 4 3 1 3 1 1 0 2 4 2 2 3 3 2 2 2 0 1 1 4 2 0 0 2 2 0 2 1 2 1 1 1 0 0 0 3 1 1 1 1 2 1 0 1 0 2 1 3 0 1 0 0 0 1 1 2 0 3 2 0 2 1 1 1 1 0 0 2 2 0 1 0 0 2 1 1 0 1 5 1 2 1 0 0 1 2 0 1 1 0 2 1 2 1 1 0 0 0 0 1 1 0 0 1 1 1 1 0 1 3 3 7 16
CGG_A 1592 455 244 173 150 122 107 89 77 78 92 52 53 44 57 39 54 55 45 63 28 24 22 30 43 35 30 31 41 31 39 27 25 26 24 29 24 17 23 15 33 33 21 25 33 22 29 14 24 29 13 21 20 13 19 21 18 17 26 19 14 17 14 16 20 15 17 17 25 18 19 15 9 17 10 12 7 12 10 7 13 21 18 10 9 17 6 10 15 10 11 13 7 21 14 17 11 14 7 11 14 16 15 8 9 6 7 17 15 19 18 11 10 11 12 19 16 17 9 6 9 22 15 13 17 38 69 239
CGG_C 71 23 17 9 6 10 3 7 4 2 4 4 6 1 3 2 3 4 5 2 1 1 4 2 2 2 1 2 0 2 0 1 0 1 1 2 2 4 1 1 1 1 2 2 3 0 3 0 1 2 1 2 5 0 3 1 0 1 2 1 1 2 0 1 3 2 1 1 1 0 1 0 2 0 1 0 2 0 1 0 0 0 2 0 1 1 0 0 1 0 2 0 2 1 1 2 1 0 2 0 0 1 1 0 2 4 0 3 0 3 0 1 0 0 0 1 3 2 1 0 0 3 2 1 1 3 5 19
CGG_T 65 22 13 4 7 3 4 9 7 5 1 1 1 1 2 0 3 2 1 4 1 1 2 1 4 0 1 3 3 2 0 1 0 0 0 1 1 0 1 1 1 2 1 0 1 1 1 1 1 4 4 2 0 2 1 3 1 1 2 0 0 0 0 1 0 2 0 1 4 0 0 1 0 0 0 3 2 2 0 0 1 1 1 0 0 0 1 1 0 1 1 0 0 0 0 0 1 0 0 0 0 0 0 1 2 1 0 0 2 0 0 0 1 0 1 2 3 0 1 0 1 0 1 1 5 2 2 14
CGT_A 1299 378 199 121 120 114 92 85 59 53 54 50 51 52 38 43 35 42 30 44 30 30 27 34 25 34 34 21 24 24 20 27 27 29 23 27 26 17 23 30 20 24 18 19 24 15 17 13 11 24 22 18 10 8 14 20 20 13 15 14 21 5 11 17 13 13 13 22 12 13 14 18 15 9 15 11 13 13 12 5 12 17 15 7 9 19 9 9 5 10 13 6 12 11 6 13 17 20 9 9 9 9 12 7 3 11 10 9 6 12 9 9 14 3 12 12 15 9 13 6 12 14 14 17 16 32 68 290
CGT_C 38 15 9 7 4 5 5 5 4 2 2 2 1 2 3 2 2 3 5 3 2 1 0 1 1 1 2 1 1 0 3 1 0 0 0 0 0 0 1 1 0 0 1 2 2 1 0 1 0 1 0 1 1 0 1 0 5 0 2 0 0 1 1 0 0 0 1 0 2 0 1 1 0 0 1 0 3 0 0 0 0 1 3 0 1 1 0 2 0 0 2 0 0 1 0 1 1 1 1 3 0 0 1 1 1 0 0 0 0 0 2 0 2 0 0 0 1 0 1 3 1 0 0 0 1 1 5 30
CGT_T 50 10 3 8 4 8 3 4 0 5 1 3 1 1 1 2 1 3 2 3 0 1 2 1 0 3 2 3 1 0 1 1 1 1 1 1 2 0 1 1 2 1 0 1 4 2 1 1 1 1 5 0 0 0 1 0 3 2 2 1 0 0 1 2 2 2 0 1 2 4 2 0 1 1 2 1 1 0 2 1 0 3 0 0 0 3 0 0 1 1 1 0 0 0 0 0 0 0 0 0 2 1 1 0 0 0 1 1 0 0 0 0 0 0 0 0 0 1 0 1 0 0 0 1 0 0 3 16
CTA_A 18 14 7 6 3 1 3 4 1 2 2 0 0 1 1 3 0 0 0 0 0 0 2 0 1 1 2 0 1 0 0 4 1 2 1 0 1 0 0 0 0 0 0 0 0 2 0 0 0 0 1 0 1 0 0 0 0 2 1 1 1 0 1 1 0 1 0 1 0 0 0 0 1 0 1 0 1 0 0 0 0 0 0 0 0 0 0 0 0 1 1 0 0 0 1 1 0 0 0 0 0 0 1 1 0 0 0 0 0 0 1 0 1 1 0 0 0 0 0 0 0 0 0 0 3 1 4 6
CTA_C 169 60 31 17 15 13 12 10 8 9 13 7 9 8 8 6 13 5 7 4 5 2 4 1 3 5 2 4 2 2 5 7 10 7 6 3 7 2 3 2 2 5 4 3 4 4 2 1 1 3 6 1 4 4 4 3 2 3 0 5 3 3 5 2 4 4 5 4 4 3 0 3 1 2 1 3 3 4 0 3 2 2 3 2 3 2 2 1 1 2 1 0 1 4 1 2 1 1 5 1 5 2 0 2 3 0 2 3 1 4 2 1 2 2 2 3 1 1 1 4 3 1 2 1 4 6 13 75
CTA_G 32 15 3 2 1 5 2 0 3 2 3 1 2 1 0 0 1 1 3 2 0 0 1 0 0 1 1 3 2 0 1 1 0 1 0 0 0 0 0 2 0 1 0 1 1 0 0 0 0 0 0 1 0 2 3 2 2 0 1 1 1 1 0 1 1 1 0 0 0 1 0 0 2 2 2 0 0 1 1 1 1 0 0 1 1 1 0 0 0 0 0 1 0 0 1 1 1 0 0 2 0 0 0 0 1 0 0 0 1 0 1 0 1 1 0 1 1 1 0 0 0 0 2 2 0 0 2 12
CTC_A 54 20 6 2 5 2 2 3 4 1 0 0 5 5 3 0 5 2 1 3 3 5 0 3 0 3 0 2 0 0 1 2 2 2 0 1 2 1 2 0 1 1 1 2 3 1 1 1 0 1 1 0 2 0 0 1 0 2 1 0 0 0 0 0 3 1 2 0 0 1 0 1 1 3 0 1 0 0 1 1 0 0 1 2 1 1 0 2 1 1 1 0 2 0 2 2 1 1 0 1 0 0 0 0 0 0 0 0 1 1 1 0 2 0 1 0 3 0 1 0 2 0 0 1 3 0 7 10
CTC_C 202 60 31 15 20 13 8 13 17 11 13 3 5 7 13 8 9 6 5 15 5 2 4 5 7 7 5 5 3 4 2 4 3 2 4 5 4 3 4 2 6 5 6 1 2 2 6 1 2 2 7 5 3 2 1 8 1 3 2 2 1 2 5 2 4 3 2 6 5 5 3 3 1 0 2 5 4 2 1 1 6 5 2 1 4 4 3 4 1 2 3 4 1 2 0 0 0 2 3 4 5 1 5 2 4 3 0 1 2 2 4 1 1 0 0 4 3 4 5 3 5 6 5 3 6 10 14 78
CTC_G 73 23 16 7 4 3 9 6 5 5 5 2 3 4 1 7 5 3 4 6 3 3 4 4 1 2 4 5 0 3 0 2 1 3 2 1 5 3 1 1 1 3 0 2 0 0 0 1 1 2 0 0 1 2 1 0 0 1 2 3 0 0 1 0 2 0 0 2 1 2 0 0 3 3 3 1 1 3 1 0 2 1 2 0 1 0 0 2 2 2 0 0 2 0 2 1 2 1 4 1 2 0 1 0 0 2 0 0 1 0 0 1 3 0 1 0 1 0 0 0 3 2 2 0 3 2 4 20
CTG_A 69 33 10 14 11 8 4 3 2 4 7 2 2 2 1 4 1 0 3 2 1 5 0 4 1 1 7 1 0 3 3 4 1 0 2 0 1 4 2 1 3 2 1 0 0 2 3 3 0 0 1 1 2 1 1 0 1 0 0 0 0 2 0 1 2 1 2 0 0 0 1 1 2 1 2 0 1 2 1 0 2 2 2 1 2 0 1 0 0 0 0 1 0 1 1 0 2 0 2 0 0 0 1 1 0 1 1 0 2 1 0 2 1 1 1 2 2 1 1 1 0 0 0 1 3 3 7 17
CTG_C 403 150 82 52 47 41 32 27 30 28 28 28 18 27 12 18 19 12 17 20 16 17 18 16 8 10 10 9 14 12 12 13 14 16 9 12 8 11 9 8 13 14 11 10 12 11 7 4 12 10 20 11 11 13 10 7 12 19 5 15 5 8 13 10 9 7 8 9 6 11 14 14 5 16 13 9 5 7 7 10 10 8 11 8 8 13 5 4 7 7 6 10 3 12 10 7 7 9 8 8 9 4 5 8 6 6 11 13 12 11 11 12 10 5 8 14 17 13 11 9 11 18 16 20 34 53 145 1215
CTG_G 111 54 30 15 11 10 9 4 6 4 1 7 6 6 2 5 2 7 5 6 4 4 1 3 2 6 6 3 2 4 3 5 2 3 4 0 2 0 6 2 2 3 0 2 5 1 3 0 3 2 0 4 0 2 0 1 0 2 3 3 0 2 0 1 3 3 1 2 0 2 2 0 2 2 0 1 1 3 1 0 2 0 1 1 0 0 0 0 2 0 2 0 4 0 1 1 1 1 0 0 3 2 4 0 1 2 1 2 2 1 0 1 3 2 0 1 2 1 0 0 2 2 1 0 2 3 8 20
CTT_A 38 9 11 6 2 4 3 4 2 2 4 0 0 2 1 2 4 3 1 3 1 3 0 2 1 2 0 1 1 1 1 3 0 4 1 0 2 1 0 0 1 2 0 1 0 1 0 1 0 1 0 3 1 1 0 0 4 1 3 3 0 0 1 0 0 0 1 0 0 0 0 1 0 0 2 1 2 0 1 0 1 1 0 1 0 0 0 0 1 0 1 1 0 0 0 0 1 2 2 0 3 0 1 0 0 0 0 0 1 0 2 2 0 0 1 0 0 0 0 0 0 1 2 1 1 1 1 11
CTT_C 223 73 32 34 21 12 16 8 16 18 16 11 7 8 13 10 9 14 11 8 10 7 6 4 6 6 6 2 5 5 4 3 3 8 3 4 6 6 3 7 6 5 7 7 6 4 3 8 3 6 5 3 5 5 3 3 5 4 3 4 5 2 2 1 1 3 5 9 2 6 4 4 1 1 2 3 1 4 4 1 3 4 3 4 1 5 2 3 4 1 3 3 2 1 3 0 3 3 5 3 1 2 1 7 1 0 0 1 2 3 2 3 3 2 2 4 4 4 4 0 3 7 0 5 4 9 11 86
CTT_G 82 28 15 7 9 7 4 2 3 4 3 5 3 1 2 3 6 3 3 3 3 2 1 1 2 5 3 3 0 2 1 0 4 0 2 2 3 2 1 1 4 1 0 1 2 2 1 2 3 1 3 1 1 2 1 0 2 0 1 2 1 0 1 1 1 0 0 2 1 2 2 0 1 2 2 0 0 1 1 0 0 2 3 0 0 1 0 1 1 0 2 0 1 2 0 0 1 1 3 1 0 0 0 0 1 0 0 1 0 0 0 1 1 0 3 2 2 1 1 2 1 3 2 1 1 3 5 13
GAA_C 44 23 4 7 2 5 1 4 1 3 5 5 1 2 3 2 5 1 3 5 5 4 1 2 4 1 3 3 2 1 0 1 3 2 0 2 3 0 2 1 2 1 2 2 5 3 0 3 1 1 0 2 2 2 0 0 2 3 0 1 1 4 3 1 0 1 1 1 2 1 1 2 0 1 0 0 1 2 0 2 0 0 3 0 1 1 1 0 0 1 0 0 0 0 1 1 0 1 2 1 2 1 1 0 0 0 1 1 0 2 1 1 1 0 1 0 1 0 0 0 0 1 1 3 5 4 6 20
GAA_G 153 54 26 24 16 12 19 13 4 9 4 3 8 6 11 11 10 4 4 5 6 2 3 4 9 2 6 3 7 4 3 10 3 5 0 0 4 2 5 5 6 6 1 4 0 6 4 5 1 3 3 0 2 4 5 2 3 7 4 5 2 2 2 1 0 1 2 5 1 4 3 3 2 3 1 2 1 5 2 2 6 4 1 2 5 5 1 2 1 0 3 1 0 5 2 1 3 0 2 1 3 3 0 0 6 1 1 1 2 2 3 1 6 1 2 1 2 2 1 1 2 1 6 0 2 12 12 53
GAA_T 53 14 5 4 4 3 4 1 8 2 1 2 0 1 2 0 0 2 2 1 1 1 2 0 0 2 0 0 1 0 0 1 1 0 1 1 0 1 0 1 1 0 0 0 1 0 1 1 0 4 2 1 0 0 1 0 0 1 1 1 0 2 0 0 1 0 2 0 1 1 1 0 0 0 0 0 1 1 0 0 1 0 0 0 0 0 1 0 0 1 0 1 0 0 0 0 0 1 0 1 0 1 0 1 0 1 0 0 0 0 1 2 0 0 0 2 2 0 1 1 0 1 1 0 0 2 0 7
GAC_C 33 12 7 4 3 3 2 1 3 2 1 2 4 2 2 1 2 0 2 1 0 1 0 1 0 0 0 0 3 1 0 0 2 0 0 0 1 1 1 0 0 0 0 0 0 3 0 0 1 1 2 2 2 0 0 0 0 0 0 0 0 1 0 0 2 1 0 0 0 1 0 0 0 0 2 0 1 0 1 0 0 0 1 0 2 0 0 0 2 1 0 1 0 0 0 0 0 0 0 1 0 1 0 1 1 0 0 1 0 0 0 1 0 0 0 1 0 0 0 1 0 0 0 2 1 2 2 13
GAC_G 133 41 30 13 16 10 14 7 5 8 12 1 3 3 12 6 8 2 5 7 3 6 6 4 5 4 4 2 2 2 1 3 3 2 3 1 1 1 2 7 2 2 3 1 4 2 3 6 0 2 4 1 2 3 5 1 4 3 3 2 3 2 6 1 1 3 1 8 1 4 0 1 6 6 1 2 4 1 1 0 2 4 1 4 2 5 3 3 3 0 2 2 1 2 1 1 1 2 4 1 0 2 2 3 4 3 0 2 2 3 4 2 2 1 3 3 4 3 3 2 1 1 2 5 4 3 9 69
GAC_T 53 14 10 10 5 6 4 3 4 3 5 2 2 3 3 1 2 2 5 3 1 0 0 2 1 2 1 3 0 1 1 0 1 3 1 1 1 0 0 2 1 1 0 1 1 0 2 0 0 1 0 1 2 2 0 0 1 2 1 1 0 0 0 1 1 0 1 0 1 1 1 0 0 0 0 0 0 0 1 0 1 1 0 1 0 1 0 2 0 0 1 0 0 0 0 0 0 1 0 0 0 3 0 0 0 0 2 1 0 1 0 0 0 0 0 1 1 0 0 2 0 1 0 0 2 2 2 6
GAG_C 84 23 17 8 11 3 7 9 6 1 2 1 4 3 5 4 9 4 8 4 3 1 4 2 0 0 1 2 1 2 1 0 2 5 1 0 1 0 1 4 3 2 2 0 1 2 2 1 1 3 0 1 3 1 1 0 0 2 0 2 1 0 2 2 0 1 1 2 1 0 2 0 0 1 0 1 4 2 1 0 0 0 3 1 3 2 0 0 3 1 0 0 0 1 0 2 2 0 1 2 1 1 1 1 3 2 0 1 1 1 2 1 0 0 0 2 1 0 0 0 3 1 1 2 1 3 6 17
GAG_G 200 47 43 23 22 19 10 9 15 7 13 5 3 10 7 7 10 8 6 9 10 6 6 7 5 6 8 3 3 10 2 8 3 1 5 4 4 0 3 3 6 3 5 4 3 4 4 3 5 4 7 3 13 3 4 5 5 4 2 2 0 3 2 2 7 3 7 3 3 3 2 2 8 4 3 0 2 8 2 2 2 4 5 5 2 2 3 3 2 1 3 4 6 2 2 5 3 4 4 2 1 0 0 3 4 4 2 1 1 0 3 2 1 1 0 3 1 4 2 5 1 3 5 5 8 12 17 84
GAG_T 68 24 8 9 4 5 5 6 4 3 1 1 5 1 0 1 4 1 1 1 0 1 1 1 1 3 1 0 0 0 0 3 2 1 0 2 3 0 1 0 2 0 0 1 4 1 1 2 1 0 0 1 1 1 1 1 0 1 1 1 1 4 0 1 0 1 1 1 1 0 1 1 2 0 2 1 0 0 1 1 1 2 0 1 0 1 1 3 0 2 0 0 0 0 1 2 0 1 0 0 1 0 0 0 0 2 2 2 1 0 1 0 0 0 0 0 0 2 0 0 2 1 0 1 0 2 3 12
GAT_C 29 7 6 5 3 0 7 2 1 1 2 1 4 2 1 2 1 0 0 1 1 2 1 0 0 1 1 1 0 0 1 1 2 2 0 1 2 1 0 3 1 0 0 1 1 0 0 0 0 0 0 1 0 2 1 3 1 0 0 0 0 0 0 0 0 0 1 0 1 0 2 0 0 1 1 0 0 1 0 0 0 2 1 0 0 1 0 1 0 0 0 0 0 0 0 1 0 1 0 0 1 1 3 0 0 1 0 0 0 0 0 1 1 0 1 0 1 1 0 0 0 1 0 0 1 0 1 7
GAT_G 186 50 37 26 16 17 9 13 13 17 9 5 5 7 8 7 7 4 7 3 4 10 6 8 5 10 5 2 2 3 3 2 5 5 5 3 1 3 4 3 0 6 4 2 6 6 3 4 5 4 2 2 3 4 2 4 3 5 1 3 4 5 0 0 4 5 2 6 1 2 2 4 4 4 2 1 4 6 0 1 2 1 0 3 2 3 1 5 3 2 5 1 5 1 0 2 2 1 3 0 3 1 1 1 1 3 0 3 2 2 4 3 0 3 3 1 1 2 0 4 3 5 3 3 2 9 10 76
GAT_T 81 29 14 8 12 6 5 5 1 6 0 1 3 3 3 1 2 3 4 2 0 1 0 2 1 1 4 0 1 0 4 2 3 1 0 1 2 1 0 3 1 2 1 4 1 1 2 1 0 1 2 3 2 0 1 2 0 1 2 1 0 0 2 2 0 3 2 0 0 2 0 2 0 0 1 0 1 0 2 1 2 0 1 3 2 1 1 0 1 1 0 1 1 1 0 0 1 0 1 2 3 0 2 0 1 0 0 0 1 0 0 1 1 0 1 1 0 0 2 3 0 1 1 3 2 2 3 17
GCA_A 111 31 24 10 14 17 7 11 3 8 4 3 4 6 5 4 8 4 3 1 4 3 3 1 4 5 3 4 3 1 4 1 1 2 4 2 6 4 2 5 5 4 3 3 1 3 1 1 1 2 6 2 2 0 1 4 2 1 3 2 2 0 3 0 5 1 2 2 5 1 2 2 2 2 1 2 1 1 1 0 1 4 0 1 1 0 1 0 1 2 3 3 0 2 2 1 0 0 0 0 2 0 0 0 3 1 1 0 2 1 0 0 0 1 0 3 2 2 0 1 1 0 3 2 4 7 7 21
GCA_G 82 32 19 15 6 3 9 4 3 3 3 3 8 3 3 1 4 1 0 2 4 2 0 2 2 8 3 1 1 2 1 2 2 5 2 2 2 3 1 4 2 0 1 1 2 1 0 1 2 2 2 1 0 1 2 2 1 1 0 0 3 1 0 0 2 0 2 2 2 0 1 0 1 3 1 1 1 0 1 0 0 1 0 0 1 2 0 0 1 0 0 1 0 1 0 0 2 0 1 1 0 1 1 0 1 1 2 0 0 0 1 2 1 1 0 2 0 1 0 2 1 1 0 0 0 5 3 12
GCA_T 349 109 61 38 30 23 22 23 19 18 21 12 10 15 13 13 16 14 8 9 10 9 6 17 10 8 9 11 5 5 7 8 10 5 10 5 11 9 7 5 8 11 6 4 6 7 4 8 4 2 5 10 9 8 7 9 4 3 1 7 2 5 4 4 4 1 3 6 5 8 3 4 2 5 3 3 9 3 4 0 3 3 3 1 4 3 1 4 3 0 3 2 2 7 6 2 1 3 10 3 3 3 2 1 1 1 3 3 1 1 4 2 0 1 4 3 2 4 3 0 7 9 3 2 6 8 14 70
GCC_A 166 48 46 20 15 15 11 10 5 10 10 5 6 6 3 8 8 1 6 7 5 10 5 6 6 6 3 3 1 4 1 2 2 2 2 6 1 3 4 4 2 2 2 3 2 0 3 1 3 1 1 0 3 4 3 1 1 4 0 2 2 2 3 0 2 2 1 1 4 4 3 0 1 2 2 3 2 1 3 2 0 2 2 2 2 1 2 0 1 0 0 1 2 1 0 3 4 0 1 2 0 0 1 0 0 3 1 2 2 0 1 0 1 0 1 3 3 4 1 1 3 4 2 0 1 5 7 22
GCC_G 109 41 21 10 10 9 12 5 6 4 2 6 3 3 4 3 5 3 1 4 5 5 3 1 2 3 2 3 2 4 3 2 1 3 1 1 1 0 3 1 3 5 2 1 0 2 1 0 2 3 0 3 1 0 2 5 3 1 1 3 3 2 1 3 1 1 1 3 2 0 0 1 0 1 2 2 0 4 2 0 1 2 2 2 1 2 0 0 2 1 1 1 0 0 1 1 1 2 2 0 0 0 2 2 1 2 2 1 1 0 0 0 2 1 1 0 0 0 0 2 0 2 1 1 1 3 7 10
GCC_T 471 143 76 54 35 47 28 32 28 23 19 23 15 23 12 12 14 13 14 11 16 14 12 12 15 9 6 7 7 6 9 8 12 11 13 7 4 5 10 6 5 8 6 4 12 5 13 9 9 11 8 6 6 1 9 6 9 6 3 7 2 9 4 1 6 4 4 5 5 6 5 5 7 4 4 3 8 4 5 7 7 7 3 2 3 5 4 3 5 3 2 4 6 2 4 3 2 2 2 3 4 3 6 4 7 4 2 6 2 3 2 8 4 2 6 3 9 9 2 5 3 8 5 5 5 11 17 87
GCG_A 98 34 11 13 10 6 2 5 4 7 4 3 1 2 5 5 4 5 0 0 5 1 3 4 4 2 6 3 2 2 4 2 1 0 2 1 1 2 2 2 3 3 1 0 2 1 2 0 0 2 3 3 4 4 0 0 1 1 1 0 0 1 0 3 1 2 2 0 1 0 0 2 1 1 0 0 0 0 1 2 0 3 1 0 0 1 1 0 0 0 0 1 1 3 0 3 0 0 1 2 0 2 1 0 1 0 1 0 0 1 1 0 2 1 2 0 1 2 0 0 0 1 0 3 1 4 3 19
GCG_G 43 15 9 4 7 2 1 3 3 1 2 1 6 5 3 4 1 0 1 2 1 1 1 1 1 1 2 1 3 4 1 2 2 1 0 1 0 1 2 0 0 1 1 0 2 4 1 1 1 1 3 0 5 0 1 0 1 0 1 1 1 2 1 1 0 1 0 0 0 1 0 1 0 0 0 0 1 0 2 0 0 1 0 1 0 2 2 0 2 1 1 1 1 0 1 1 1 0 1 0 0 0 1 0 1 0 1 2 0 1 0 1 0 0 0 1 0 0 0 0 0 1 2 0 1 0 2 18
GCG_T 1276 376 179 144 113 87 84 74 83 56 57 43 34 31 39 44 46 48 33 37 30 22 27 34 35 24 28 30 21 24 25 20 20 30 18 22 21 15 14 22 22 23 16 18 18 14 18 16 22 21 21 15 13 17 19 14 16 12 20 13 16 15 17 10 19 10 6 13 13 13 11 16 11 18 6 10 12 13 11 12 8 15 16 5 8 15 16 6 13 8 5 10 12 13 8 9 7 10 8 14 8 6 9 8 13 4 7 9 20 9 15 11 7 11 12 15 18 18 18 9 12 13 16 15 11 30 57 182
GCT_A 98 33 11 5 7 2 10 5 11 5 5 5 0 6 3 3 6 1 3 3 4 4 1 4 1 7 3 1 3 2 2 0 1 4 4 3 1 2 2 0 1 1 1 1 1 2 3 1 0 2 4 3 2 1 0 0 1 0 3 0 0 2 1 0 1 1 0 1 3 0 2 2 0 1 0 0 1 0 0 0 0 1 1 2 1 0 1 1 1 1 0 1 2 0 1 0 1 0 2 0 1 1 0 0 0 0 1 0 0 3 1 1 0 1 0 0 0 1 0 2 0 2 0 0 1 2 3 14
GCT_G 104 35 22 19 10 8 3 6 7 6 4 7 1 3 8 5 3 3 8 3 6 3 1 5 4 3 3 1 0 2 3 2 1 2 1 3 0 5 0 3 4 0 2 3 5 0 2 1 3 2 1 0 4 3 4 0 0 1 0 0 0 1 2 2 2 1 0 1 2 0 1 2 1 1 2 1 0 1 1 0 0 0 4 0 2 0 2 0 0 0 0 1 0 0 0 3 0 4 0 1 1 0 0 2 3 0 0 2 0 2 1 2 1 1 0 2 1 2 1 0 2 0 1 1 5 2 4 32
GCT_T 383 108 65 37 33 27 23 19 15 23 25 11 20 8 10 9 21 6 10 9 7 4 6 10 7 6 14 6 9 11 10 7 4 7 7 5 7 8 11 8 5 8 8 7 6 5 9 4 9 3 7 7 10 6 5 5 5 3 6 7 2 7 6 3 5 5 3 5 3 4 3 5 2 6 4 6 2 4 3 5 2 2 3 2 6 7 4 4 2 0 4 2 2 1 1 1 2 2 2 3 2 2 2 2 0 5 2 4 7 0 4 2 3 4 4 3 6 2 3 7 2 8 3 4 8 11 18 79
GGA_A 518 174 92 49 48 35 32 40 27 20 17 10 19 20 13 20 13 9 11 9 11 8 8 10 11 9 11 8 6 9 7 5 9 5 7 3 4 10 4 10 12 8 4 8 5 5 6 7 5 7 4 7 7 7 2 8 9 5 3 7 3 5 1 8 7 9 10 7 7 8 0 1 2 1 8 3 7 1 1 4 1 2 7 5 5 6 2 5 4 4 5 4 5 6 4 2 2 4 4 6 9 2 1 6 2 5 4 7 0 7 4 0 3 4 3 1 3 1 2 3 5 4 4 6 6 12 15 66
GGA_C 143 49 25 14 13 6 7 6 6 4 11 6 9 3 1 4 8 1 3 5 3 5 6 0 9 9 4 3 2 3 3 4 3 1 1 1 1 1 1 4 2 3 4 3 4 2 3 2 2 5 4 2 4 6 1 1 2 3 2 1 3 2 2 0 1 2 2 5 4 2 1 3 4 1 2 2 2 2 1 0 2 5 3 1 3 5 2 0 2 1 0 1 1 1 1 1 0 1 3 1 2 1 2 2 0 1 1 2 1 2 1 3 1 4 0 1 3 1 2 1 4 0 1 2 2 2 8 15
GGA_T 123 32 22 13 16 12 3 5 6 2 3 7 2 5 5 6 5 6 6 5 5 2 3 2 5 2 5 3 0 7 6 3 0 2 1 2 3 0 2 2 1 4 3 2 3 3 1 2 1 2 2 0 0 2 1 3 3 2 1 0 3 1 1 0 0 0 0 0 2 1 0 0 3 2 2 0 3 2 0 5 0 3 2 2 2 2 1 0 1 1 1 3 2 0 1 1 2 0 2 0 0 3 2 2 1 0 0 0 1 1 0 1 1 2 0 2 5 2 1 1 3 2 0 1 2 4 6 19
GGC_A 518 158 73 54 40 37 26 28 22 25 18 12 18 13 23 21 19 12 15 12 6 10 10 9 6 7 9 12 9 11 12 14 4 7 7 6 8 10 3 14 9 10 6 11 8 8 6 11 6 11 7 7 12 9 7 10 8 10 3 4 8 3 4 4 14 5 5 8 10 4 2 6 2 5 2 3 5 6 1 8 0 10 6 4 4 9 6 3 4 3 8 4 3 3 4 4 2 4 1 1 10 2 3 3 2 1 6 3 6 2 3 3 7 4 6 7 5 5 5 3 2 6 7 5 6 15 23 72
GGC_C 143 38 20 6 7 8 4 6 4 5 7 3 6 3 7 1 2 2 1 5 3 5 4 3 1 7 4 2 2 3 3 1 3 4 5 4 4 0 4 4 2 1 2 2 3 2 1 1 2 0 2 2 1 3 4 2 1 0 5 1 1 1 0 1 2 0 0 0 2 2 2 0 0 0 2 0 2 1 0 1 2 2 2 0 0 1 0 3 0 1 3 1 4 1 1 3 2 1 2 0 3 1 1 0 2 0 1 2 2 1 0 1 1 0 1 5 2 0 4 0 2 3 2 3 1 5 8 23
GGC_T 168 58 28 19 9 16 13 9 15 3 5 8 3 7 3 6 8 6 3 3 3 4 3 5 5 4 8 4 4 5 1 2 3 5 2 5 3 4 2 1 3 2 7 5 2 5 2 0 2 9 1 1 3 4 0 3 1 5 1 0 1 1 1 2 2 2 1 1 2 3 2 1 3 1 1 4 2 2 0 0 4 3 1 3 2 2 3 1 4 0 1 2 1 0 2 2 0 3 1 0 2 2 0 2 1 0 1 2 3 0 2 2 0 1 1 3 1 0 2 0 0 1 1 3 2 2 6 20
GGG_A 562 182 87 75 43 53 57 39 27 31 22 18 19 29 21 10 20 21 21 14 14 9 12 20 10 15 12 13 12 7 8 4 11 6 12 3 12 8 11 16 7 7 7 5 17 7 11 7 5 5 8 10 5 9 12 8 6 4 8 5 8 5 12 9 10 6 6 7 9 7 6 8 6 9 7 8 5 13 4 2 9 3 8 9 5 3 7 8 6 8 4 2 2 3 4 5 6 5 7 2 4 4 6 3 5 3 2 3 2 3 8 1 4 2 3 4 4 7 6 6 4 13 7 4 13 17 14 95
GGG_C 176 62 37 25 16 11 12 7 11 12 19 7 5 9 10 8 4 3 5 8 7 6 3 5 4 5 5 3 7 3 2 4 3 1 2 3 2 4 3 4 6 7 1 2 1 2 6 0 2 1 2 2 4 4 1 2 2 5 2 4 1 0 4 2 6 1 1 2 5 1 0 0 1 2 3 1 3 0 1 2 7 2 0 2 2 2 2 2 2 4 1 2 1 0 2 2 0 0 1 2 1 1 2 1 4 0 1 0 1 2 4 1 3 1 1 1 3 2 3 4 2 2 3 4 1 4 6 37
GGG_T 178 47 30 20 18 17 9 13 7 8 15 4 5 12 7 6 5 5 5 4 6 3 2 7 3 4 6 5 2 6 4 8 3 4 2 1 5 1 2 4 1 3 1 7 2 4 1 2 0 2 3 4 0 1 3 2 2 4 4 3 1 1 0 4 1 2 4 3 2 3 3 5 2 2 1 1 6 1 2 1 0 2 2 1 2 0 1 3 0 0 0 3 1 1 1 0 0 0 1 1 5 0 2 4 2 2 1 3 3 1 4 1 0 1 1 1 2 2 0 2 2 0 1 3 4 2 5 27
GGT_A 446 154 76 55 47 37 35 37 22 19 26 12 17 24 24 10 19 15 20 11 10 8 12 9 11 13 11 8 11 6 9 5 5 13 10 12 5 7 9 17 6 5 8 5 5 9 11 7 3 5 9 1 3 10 4 5 4 2 10 10 11 4 6 4 5 6 6 6 8 3 3 5 5 2 3 2 2 3 3 2 4 3 3 2 5 6 4 0 5 3 3 2 1 3 6 6 3 5 2 0 5 1 1 3 4 4 2 3 8 3 2 1 4 4 2 2 4 4 5 3 2 13 6 8 7 19 17 80
GGT_C 93 32 23 13 11 14 10 6 7 4 8 4 2 6 3 2 5 1 1 5 3 1 3 1 1 1 3 2 4 1 3 1 2 4 2 0 0 2 4 1 2 0 1 3 1 3 2 1 1 2 2 4 1 1 0 1 1 0 2 1 0 2 2 1 1 4 1 2 3 2 1 2 0 2 0 2 3 2 1 3 1 4 2 2 1 1 0 0 2 2 1 1 0 1 2 2 1 0 1 3 0 1 1 2 1 2 0 0 4 1 1 1 1 1 0 0 2 1 0 1 1 4 5 0 2 3 4 32
GGT_T 183 70 27 22 21 12 8 15 8 10 9 13 3 5 7 8 10 11 8 4 5 6 3 7 6 6 3 3 4 4 4 7 7 5 5 4 3 2 3 2 6 3 4 5 2 2 2 0 2 2 2 3 3 5 3 2 3 4 1 3 3 1 1 2 4 2 1 2 2 2 4 2 4 3 2 3 2 2 1 2 1 1 2 2 3 1 1 4 0 0 1 0 5 3 5 2 2 2 1 3 1 3 2 1 0 1 0 1 1 1 6 0 2 1 0 4 4 1 3 1 1 3 3 4 6 10 10 41
GTA_A 28 12 4 2 4 1 1 1 0 1 3 0 2 1 1 1 2 0 1 1 3 0 1 1 1 0 1 0 0 1 0 1 0 0 1 0 0 0 0 0 1 1 1 1 0 0 1 0 1 0 1 0 0 1 0 2 0 2 1 0 1 0 0 0 0 0 0 0 0 0 0 1 0 0 0 1 0 0 1 1 0 0 2 0 0 0 0 0 0 0 2 0 0 0 0 1 0 0 0 0 0 2 0 0 0 0 0 1 0 1 0 0 0 1 0 0 0 0 0 0 0 0 1 0 1 2 0 4
GTA_C 178 55 28 14 11 10 14 14 8 17 13 4 4 7 10 4 7 11 6 8 7 7 5 3 5 1 4 6 1 5 3 7 7 5 3 3 2 1 1 5 4 2 2 1 3 2 0 3 2 1 5 1 4 3 5 1 4 4 3 3 2 4 1 2 4 5 4 5 2 1 0 2 4 4 1 0 2 4 3 2 1 3 2 2 1 0 2 2 1 1 2 1 1 2 4 2 3 0 0 1 5 0 1 1 3 0 2 1 2 1 4 3 1 0 1 1 2 1 2 0 1 2 3 1 5 10 11 73
GTA_G 18 7 6 2 4 1 3 1 3 2 1 1 1 2 1 0 1 1 0 1 1 0 2 0 1 1 0 0 0 0 1 0 1 2 1 0 0 0 2 1 0 0 0 0 3 1 0 1 0 2 1 0 0 1 2 2 2 0 0 1 0 0 1 0 0 0 0 0 0 2 0 4 0 0 0 0 0 0 0 0 0 0 0 0 0 0 2 0 0 0 1 0 0 1 0 1 0 0 0 0 0 0 0 0 0 0 1 1 0 0 1 0 1 1 0 1 0 1 1 1 2 1 0 1 1 2 2 3
GTC_A 60 15 5 2 6 5 3 1 2 2 6 3 1 2 2 2 5 1 0 0 0 1 1 1 3 1 1 2 2 1 0 2 1 1 0 2 1 2 0 0 3 1 0 1 1 1 2 1 0 1 1 1 2 0 0 0 0 2 3 1 1 1 1 0 0 0 0 1 1 1 2 0 0 1 0 0 0 0 0 0 0 0 0 1 0 1 1 0 1 0 0 0 0 0 0 0 0 0 0 0 0 0 0 0 0 0 1 1 0 0 0 1 1 0 2 0 1 0 0 2 0 1 1 1 1 0 0 12
GTC_C 127 50 29 17 15 8 15 10 8 9 12 3 4 10 7 2 8 4 7 4 2 4 2 4 3 4 6 0 6 6 3 4 1 7 2 2 4 6 3 3 2 3 2 2 5 6 2 1 1 3 2 1 0 2 2 1 6 2 2 2 4 2 2 1 4 3 3 6 6 2 0 1 0 0 3 2 4 0 1 1 3 4 5 0 2 4 2 1 1 0 3 2 0 1 2 0 1 2 1 4 3 5 3 1 3 3 1 2 3 4 2 2 0 1 0 2 3 2 1 1 4 3 0 2 6 9 9 59
GTC_G 38 13 9 1 5 0 3 1 2 2 0 4 2 1 1 1 2 0 1 1 0 2 0 0 1 2 4 0 1 2 0 0 2 0 1 0 0 1 0 2 1 3 2 0 1 1 1 0 1 0 0 0 2 1 0 1 0 0 1 2 4 0 1 0 0 1 1 2 1 1 1 2 1 1 0 1 1 0 0 2 1 2 2 0 1 1 0 0 0 0 1 0 1 1 0 1 1 0 0 1 0 0 0 0 0 0 0 0 0 0 0 0 1 0 0 0 1 1 1 0 0 2 0 0 0 0 1 14
GTG_A 69 23 14 11 5 8 6 4 3 4 4 6 4 3 2 2 0 1 2 4 3 0 1 5 4 2 3 0 3 0 3 1 1 3 2 1 2 1 4 1 2 2 1 0 1 1 0 0 1 1 2 2 3 4 0 1 1 0 0 4 2 1 2 3 1 2 0 1 0 1 1 1 0 1 4 1 1 1 0 1 3 0 2 1 0 1 0 0 0 0 1 1 1 1 1 1 0 1 0 0 0 0 1 0 0 2 0 1 2 0 1 0 1 0 1 2 2 3 2 0 1 1 2 3 1 2 3 7
GTG_C 296 107 54 41 38 29 24 20 21 19 20 15 15 13 17 7 15 9 11 8 9 9 11 10 14 13 6 10 11 10 10 13 9 11 9 6 7 1 7 3 10 9 9 10 14 5 5 7 9 8 4 6 5 5 7 6 4 10 13 8 7 8 5 5 9 6 4 9 6 10 3 5 4 4 5 5 10 7 6 6 1 8 7 5 5 3 5 2 4 4 7 4 7 3 4 5 4 7 4 7 6 6 9 5 4 5 4 9 5 3 3 7 7 6 5 9 12 4 9 12 21 12 15 10 22 48 126 895
GTG_G 126 38 18 10 12 11 5 6 10 4 5 5 11 3 9 8 5 5 2 4 1 3 0 5 1 3 6 4 1 5 1 1 1 2 5 2 4 1 1 5 0 5 4 2 2 1 3 1 2 1 0 3 1 1 1 3 1 2 0 0 1 4 1 1 3 2 2 2 1 2 0 1 0 0 2 0 3 0 0 1 0 2 3 0 1 0 4 0 2 1 2 0 0 2 2 2 1 2 0 2 1 0 0 1 1 1 1 0 0 2 0 2 0 1 2 1 3 1 0 0 2 1 3 1 3 2 5 20
GTT_A 48 21 5 1 4 7 9 3 1 4 1 1 2 2 1 2 1 2 2 1 0 3 0 3 0 0 1 1 1 1 1 1 0 2 1 2 0 1 0 1 1 0 0 0 0 1 0 0 0 1 1 1 1 0 1 0 0 0 0 1 0 0 1 0 0 1 0 0 1 2 0 3 0 0 2 0 3 1 0 0 0 0 0 0 0 0 1 0 0 0 1 0 0 2 1 0 0 1 0 0 1 0 0 1 0 1 0 0 0 0 0 0 0 0 0 1 1 2 0 0 2 1 1 0 3 2 5 10
GTT_C 177 60 25 19 23 16 19 8 13 14 16 7 4 13 3 7 7 4 5 9 8 9 5 8 6 3 8 9 3 3 4 3 3 3 5 2 5 5 4 1 4 2 3 2 8 2 4 3 4 3 3 3 3 3 3 5 3 2 4 5 3 3 5 1 3 2 2 2 2 4 2 2 0 2 2 1 3 0 0 1 3 5 3 2 1 0 1 1 2 2 3 2 2 3 4 1 4 1 5 0 6 3 1 4 0 3 3 4 1 3 2 3 5 2 0 2 5 2 4 1 3 6 1 3 1 8 12 64
GTT_G 57 20 13 10 6 2 1 3 1 3 9 4 1 3 1 2 0 6 2 1 0 0 4 1 1 2 1 2 4 0 2 1 1 3 1 0 2 1 1 1 1 0 1 1 0 1 0 0 0 0 0 0 3 0 0 2 4 1 1 1 2 0 0 0 2 0 0 3 0 1 0 1 0 0 1 0 2 2 0 1 1 0 0 1 0 1 0 0 0 1 2 0 2 0 1 1 0 2 1 1 1 0 1 0 0 0 0 2 2 0 2 0 1 1 1 0 0 1 0 0 0 0 2 0 2 4 3 24
TAA_C 60 13 3 10 8 3 6 3 3 3 3 1 0 1 5 3 0 4 0 0 1 2 1 1 1 0 1 6 1 1 1 0 2 2 1 2 0 2 3 1 2 4 0 0 2 2 2 1 3 1 0 1 0 1 1 1 2 1 1 4 1 0 0 1 1 3 0 2 1 0 0 0 0 0 2 0 1 0 2 1 1 3 1 1 1 0 0 0 0 0 0 0 0 0 0 2 2 0 0 0 0 0 0 1 0 1 0 0 1 1 1 1 0 3 1 4 2 0 1 2 0 1 2 2 0 4 4 16
TAA_G 174 68 29 19 19 13 16 11 16 10 11 7 5 8 8 6 5 3 7 3 1 3 6 6 5 10 10 3 1 2 4 1 1 4 3 3 4 5 2 3 2 4 1 4 6 2 2 3 1 3 2 5 1 0 3 2 0 5 3 3 1 2 3 2 3 1 2 6 2 3 3 4 3 2 3 3 1 4 3 0 3 2 1 0 5 3 0 2 2 3 1 2 1 2 2 3 4 3 2 1 1 3 1 2 2 2 0 1 1 5 3 1 3 2 3 1 4 1 1 3 0 2 9 4 5 4 12 57
TAA_T 110 29 11 16 12 8 3 7 8 6 6 7 5 5 3 3 3 6 1 4 3 3 4 4 1 5 2 1 1 0 3 1 2 4 1 3 3 2 0 1 2 0 3 0 4 4 2 0 3 1 1 3 1 1 2 0 1 1 3 2 1 1 1 1 1 0 1 1 5 1 0 0 1 0 1 0 1 3 1 0 0 1 1 0 1 2 0 0 2 0 1 0 1 1 3 2 0 1 4 1 2 1 1 0 0 1 1 2 4 3 1 2 2 1 0 3 0 2 1 4 1 3 1 3 3 3 11 87
TAC_C 37 9 4 6 2 3 1 3 1 0 3 1 2 1 0 1 0 0 1 0 0 1 1 0 1 2 0 0 1 3 1 0 1 0 0 0 1 0 0 1 0 1 1 1 0 0 0 0 0 0 0 0 0 0 3 0 0 0 0 0 1 0 0 1 0 0 1 0 0 0 0 1 1 0 0 0 1 1 0 0 0 1 1 1 0 0 1 0 0 1 0 0 0 2 0 0 1 2 0 0 2 1 0 1 0 0 1 0 0 0 0 0 0 0 0 0 1 0 0 0 0 1 1 2 2 0 1 6
TAC_G 169 64 29 24 20 13 10 9 10 7 6 6 7 4 6 2 5 5 3 9 4 1 2 6 6 7 3 5 3 1 3 3 6 7 1 6 1 6 5 3 2 6 3 4 5 2 3 2 2 4 5 1 2 2 6 2 3 2 3 3 2 2 2 2 4 2 2 2 3 1 3 2 1 0 1 2 4 5 2 3 4 3 2 2 2 3 2 3 0 1 4 1 0 4 1 3 2 3 5 2 0 0 5 2 2 0 0 1 1 3 0 1 2 0 1 2 4 3 0 3 1 3 4 3 1 6 9 68
TAC_T 37 5 3 2 0 2 1 1 1 1 0 0 1 3 1 1 1 1 1 0 0 1 0 2 0 1 0 0 0 0 1 1 1 0 0 0 0 0 1 0 1 0 0 2 1 0 0 1 1 0 0 0 0 1 0 0 1 0 1 1 1 2 0 0 0 0 0 0 2 0 0 0 0 1 0 1 0 1 0 1 0 0 1 0 0 1 0 0 0 1 0 0 0 0 1 1 1 0 0 0 0 0 0 0 0 1 0 0 0 0 1 0 0 0 2 0 0 1 0 0 1 0 0 0 1 1 2 4
TAG_C 43 8 4 8 1 5 4 3 2 3 1 0 0 1 0 3 1 0 0 1 1 0 1 0 0 1 0 2 0 0 0 0 1 2 1 1 0 0 1 1 0 0 1 1 1 1 1 0 1 0 3 0 2 1 0 0 1 0 0 0 0 1 0 4 1 0 0 1 2 1 1 1 0 0 0 0 1 1 1 0 1 1 0 0 1 3 1 0 0 0 1 0 1 0 0 1 0 0 0 1 0 1 1 0 0 0 1 0 1 0 0 0 0 0 0 0 0 0 0 0 0 0 0 0 1 1 2 10
TAG_G 176 50 21 15 17 12 17 6 11 12 10 11 8 7 5 11 6 5 5 6 3 2 2 4 10 4 3 2 3 3 5 2 4 4 4 4 2 4 2 2 0 10 2 1 5 3 1 3 1 4 1 3 4 2 1 4 3 5 0 5 3 5 2 0 2 5 4 2 0 5 4 3 1 1 1 5 2 2 4 2 2 2 2 4 2 1 4 2 4 1 4 2 1 5 2 2 3 0 2 1 2 2 3 0 3 4 1 1 3 1 3 1 3 3 2 2 3 2 0 3 4 3 6 3 4 11 22 81
TAG_T 34 6 9 4 2 1 0 0 3 2 2 0 1 2 2 2 2 1 0 3 1 0 3 2 2 1 1 1 0 1 0 2 1 0 1 0 2 1 0 0 1 2 0 0 1 1 0 1 0 0 0 0 0 0 0 0 1 0 0 2 0 1 0 1 0 0 0 0 0 0 0 0 1 0 0 0 3 0 0 0 0 1 0 0 2 0 0 1 1 0 0 1 0 1 0 0 0 0 2 0 0 0 0 1 1 0 0 0 0 0 0 0 0 0 1 0 0 1 0 0 1 1 1 0 0 1 2 5
TAT_C 60 21 7 5 6 1 2 3 2 5 4 0 4 1 2 1 3 8 0 3 1 2 2 3 4 2 1 2 1 0 0 1 1 3 2 1 1 1 0 1 1 1 3 1 0 2 0 3 0 0 1 0 1 2 0 1 0 2 0 5 3 2 3 0 0 0 3 0 0 0 1 0 2 1 1 1 0 2 0 1 0 2 3 0 1 1 2 0 1 1 0 1 0 1 1 3 0 0 0 1 0 1 0 0 0 1 1 2 0 0 0 0 0 0 1 0 0 0 1 2 1 2 4 0 1 2 2 15
TAT_G 434 172 82 44 49 35 34 27 18 23 25 15 10 21 21 17 15 18 19 20 12 16 15 11 8 22 7 6 7 10 4 15 13 11 6 6 10 10 9 9 9 14 16 6 13 7 6 12 10 5 12 6 7 7 4 3 8 10 9 10 4 7 4 8 8 10 5 9 9 5 7 3 4 9 3 4 8 9 7 2 8 7 8 4 5 4 4 1 6 3 7 5 2 4 7 8 6 2 1 5 4 7 5 3 3 3 5 7 1 6 5 4 5 8 8 7 8 8 4 4 7 11 10 6 11 30 36 142
TAT_T 88 24 18 5 7 5 7 5 5 2 2 1 2 3 5 6 5 2 5 1 4 4 2 5 2 2 5 3 3 1 2 0 2 5 1 2 4 1 2 2 4 3 2 0 2 1 0 1 1 1 0 4 0 2 3 3 0 4 1 0 0 0 1 1 0 2 0 3 1 0 1 1 3 0 1 0 4 0 0 0 1 2 0 1 2 1 0 1 1 0 1 1 3 3 1 1 1 2 0 0 3 1 0 0 0 0 0 3 1 2 1 1 2 0 0 0 1 2 0 0 2 2 2 3 1 4 3 29
TCA_A 78 31 11 7 7 5 6 5 4 3 9 5 5 7 2 2 3 4 2 2 3 0 1 4 2 2 2 0 1 0 1 0 2 3 3 0 1 1 2 3 1 3 1 2 3 0 0 0 2 1 0 1 3 0 3 1 0 0 1 2 0 1 3 1 2 0 0 1 1 1 1 1 2 0 0 0 1 1 0 1 1 1 0 0 2 1 0 0 1 0 1 1 1 0 2 1 0 1 0 3 1 0 0 0 0 0 0 2 1 0 1 1 1 2 0 0 1 0 1 2 0 0 2 1 2 4 3 11
TCA_G 139 44 11 14 15 11 3 7 7 7 2 4 3 9 4 5 7 5 5 4 5 2 2 3 1 4 2 5 2 1 2 2 2 3 2 1 5 2 2 3 3 2 4 3 5 3 2 1 0 3 1 0 0 3 1 2 0 1 1 2 4 1 3 1 0 0 2 2 0 3 2 1 1 1 0 1 1 1 1 0 1 1 1 2 2 2 2 1 0 1 1 1 1 1 2 3 1 5 2 4 2 0 3 2 0 1 2 2 0 1 1 3 0 1 1 1 2 2 2 2 1 2 1 1 0 3 8 28
TCA_T 332 114 59 25 30 36 20 17 13 11 20 8 10 10 15 16 9 12 8 5 10 9 8 6 11 3 9 4 5 5 4 5 4 6 1 2 8 8 4 9 8 6 3 4 10 5 2 4 8 2 9 3 5 6 7 2 2 3 5 6 6 1 2 1 3 5 1 4 3 3 1 2 5 3 4 6 8 3 1 2 2 3 8 2 0 4 1 3 0 2 0 5 1 4 2 5 3 4 1 0 3 2 1 4 2 3 4 2 2 2 1 1 0 0 3 2 3 4 4 2 3 3 3 6 2 7 21 61
TCC_A 120 44 19 7 11 6 9 5 5 3 9 4 2 2 6 5 0 4 6 4 4 4 3 2 1 4 2 2 3 8 4 2 1 6 1 1 2 2 1 5 4 2 1 1 2 0 2 1 2 3 1 0 2 3 4 3 1 0 0 1 3 2 1 1 1 0 0 1 1 2 0 2 0 0 3 1 0 1 1 1 0 0 1 0 1 1 1 2 3 1 0 2 1 0 3 0 0 1 2 3 2 1 2 1 1 0 2 2 1 1 1 4 0 0 5 2 2 1 0 1 0 2 1 2 1 7 6 20
TCC_G 132 45 20 14 16 17 9 9 8 8 6 6 2 9 8 6 5 8 7 10 3 4 6 4 5 2 9 3 3 4 0 6 3 4 4 2 3 3 2 3 2 3 0 3 2 0 3 3 2 1 7 3 1 1 2 4 1 2 0 1 4 1 1 0 2 2 3 0 1 0 2 1 2 1 1 0 0 0 1 1 1 2 3 1 1 1 1 0 1 2 5 1 2 0 2 0 0 0 1 2 1 2 3 1 0 1 1 1 2 3 2 1 2 2 2 1 3 2 3 1 1 0 1 2 1 5 9 24
TCC_T 497 186 79 61 43 41 24 21 20 26 23 13 16 20 15 12 16 13 16 10 9 11 10 12 8 8 18 8 12 5 5 7 3 8 7 10 11 6 4 5 10 13 5 6 5 8 5 3 4 4 10 3 4 8 0 5 6 6 4 4 3 5 4 5 8 5 3 5 9 9 2 1 3 8 8 7 5 8 9 0 4 6 6 3 9 2 3 3 2 7 4 7 1 5 5 5 2 3 4 4 1 1 0 7 3 6 2 3 5 1 5 2 6 1 4 3 7 5 2 1 8 3 5 9 7 16 13 70
TCG_A 39 16 7 2 5 9 4 2 2 0 3 2 4 0 0 0 1 0 1 1 1 0 1 1 1 2 0 0 5 0 1 0 0 0 1 0 3 0 2 2 1 1 0 0 0 2 0 0 0 0 1 0 1 1 1 1 0 4 1 0 0 0 0 1 1 0 0 0 1 0 2 3 0 0 0 0 0 1 1 0 1 0 1 0 1 0 0 0 2 0 0 1 1 2 0 1 0 0 1 0 0 1 1 0 0 0 0 0 0 0 1 0 0 0 0 0 2 0 0 1 1 1 2 0 1 1 7 18
TCG_G 55 18 8 6 3 6 4 0 4 2 3 4 0 1 3 2 1 1 4 1 2 0 3 0 3 0 1 0 3 1 1 3 1 1 1 1 2 1 1 0 2 2 0 1 3 0 1 0 0 1 2 0 1 0 2 1 0 3 0 1 2 0 1 1 0 1 1 0 0 2 0 1 1 1 0 1 1 0 1 0 1 2 0 0 0 0 2 0 3 2 2 2 0 0 0 0 1 0 0 0 0 0 0 0 0 0 1 1 0 1 0 0 0 0 1 1 2 0 1 0 2 1 0 1 2 1 4 11
TCG_T 840 244 128 99 68 57 59 42 44 31 41 28 26 32 29 19 33 24 37 16 23 20 20 23 22 11 22 18 21 17 10 16 9 15 12 12 8 13 15 14 11 15 11 15 14 16 7 13 11 12 17 8 10 12 11 11 21 9 10 10 12 5 9 5 13 11 11 9 6 10 8 8 7 9 7 8 5 5 10 5 7 16 10 6 4 8 7 8 2 7 4 12 2 6 6 7 6 7 3 4 7 5 12 5 4 1 6 7 2 6 4 5 5 5 6 5 6 9 11 4 7 10 3 7 9 28 31 134
TCT_A 132 55 15 11 18 10 10 13 7 2 7 3 7 8 7 1 2 7 7 3 2 2 3 5 3 2 3 1 5 1 2 2 1 4 0 3 3 1 0 3 3 2 1 2 1 3 1 1 2 1 4 2 3 2 0 2 2 5 0 1 0 0 1 3 1 2 2 2 1 2 0 0 1 0 2 3 2 3 0 1 1 0 0 0 1 1 0 0 2 1 0 1 1 0 1 0 0 0 0 0 2 2 0 1 1 1 1 4 2 0 0 1 1 2 0 1 3 2 0 2 2 1 3 2 4 4 9 23
TCT_G 202 69 42 22 25 17 11 12 10 14 10 13 2 8 10 8 12 8 8 11 4 6 7 10 7 10 5 9 11 2 5 5 6 2 5 0 3 3 1 4 6 6 2 5 4 8 3 2 1 2 7 5 4 5 6 5 3 2 3 4 2 7 3 0 3 6 2 3 8 3 2 4 4 3 2 2 2 3 2 2 0 3 4 2 1 3 5 2 1 4 2 4 1 5 3 3 2 6 0 2 2 4 2 1 2 1 3 2 3 3 0 0 3 0 4 5 5 1 1 2 4 1 5 3 7 7 13 46
TCT_T 332 89 57 27 27 35 24 14 13 19 23 18 24 14 14 14 17 10 4 11 7 8 12 14 10 11 10 6 10 4 5 6 3 13 7 4 4 7 6 4 10 5 4 12 8 4 5 6 5 4 5 7 9 5 2 4 4 8 9 8 5 5 2 2 3 3 3 0 4 3 3 1 6 4 0 5 5 7 2 2 2 4 4 6 0 6 1 3 5 2 3 3 4 3 3 4 0 4 2 3 2 4 3 2 5 2 1 4 3 1 2 6 5 5 5 4 3 7 1 1 4 5 6 1 5 16 13 79
TGA_A 337 113 58 34 25 28 20 23 17 19 11 17 12 10 7 9 7 7 5 10 10 8 9 8 6 11 7 8 7 3 6 9 3 3 4 5 6 8 2 9 8 6 6 8 6 5 6 2 4 5 5 5 6 13 4 6 6 8 2 6 3 5 7 4 6 4 1 7 7 2 7 2 0 5 2 2 3 2 3 2 4 6 2 3 2 2 4 3 2 0 3 7 1 6 4 3 2 5 2 5 4 1 2 2 3 2 2 4 3 5 3 5 0 5 3 5 5 6 2 2 0 4 6 7 3 11 16 73
TGA_C 98 40 19 12 12 12 5 5 3 11 11 3 3 4 7 2 4 2 3 3 4 3 0 1 5 1 1 2 2 1 5 3 4 6 3 1 2 3 3 0 1 4 0 2 2 2 1 0 0 4 0 1 2 5 1 3 3 1 2 2 1 0 1 1 0 1 2 1 3 4 4 0 2 2 0 0 2 0 0 0 1 1 1 4 0 0 1 0 1 0 5 1 0 1 1 1 2 6 1 0 0 1 1 2 0 0 2 3 1 1 1 3 0 2 0 0 0 0 2 0 1 1 1 3 1 2 4 24
TGA_T 89 41 25 10 9 7 11 4 6 2 3 2 3 2 4 0 5 1 3 1 1 0 1 2 0 2 3 0 2 1 1 2 1 2 0 2 1 0 3 1 0 1 1 3 3 2 0 2 0 2 0 3 2 2 1 1 0 1 0 0 2 0 1 1 1 1 0 1 3 2 1 1 1 0 1 1 0 0 0 0 0 2 0 1 0 0 0 1 1 0 0 0 0 0 0 3 0 1 0 1 1 1 1 0 1 0 0 3 0 1 1 0 1 0 1 2 0 0 0 1 0 2 0 1 1 0 1 9
TGC_A 371 123 61 42 35 26 20 26 26 22 12 16 8 15 13 7 11 14 14 10 6 4 9 7 9 7 14 6 9 11 6 5 6 13 7 10 8 5 4 7 4 7 5 10 5 2 6 4 8 6 6 5 5 4 9 5 7 4 5 5 7 6 4 3 6 1 5 6 3 4 4 2 5 4 1 2 5 4 1 3 5 2 6 1 3 6 1 0 1 5 5 3 1 6 2 1 5 4 5 1 4 1 3 2 5 2 3 2 2 2 2 4 3 1 2 5 3 4 3 4 1 9 7 5 6 8 17 70
TGC_C 62 31 12 11 8 7 4 4 5 4 2 4 2 6 6 4 2 3 3 3 3 3 2 1 5 1 3 2 1 2 0 2 1 2 3 1 1 3 1 4 3 0 1 2 1 0 1 0 0 0 2 4 4 1 1 3 1 1 0 0 3 0 1 0 3 2 2 3 0 1 0 1 1 1 2 0 4 0 2 0 2 3 2 0 0 1 2 0 2 1 2 0 0 0 1 0 1 2 0 1 3 1 0 1 2 0 1 2 0 1 1 2 1 2 0 0 1 0 1 0 1 2 1 1 0 2 2 14
TGC_T 137 40 25 18 8 7 4 10 3 7 12 8 3 5 6 7 3 2 1 2 1 1 2 1 3 5 3 6 3 2 3 5 2 0 4 2 3 2 1 1 2 1 2 0 3 5 2 2 1 2 3 2 4 2 0 1 2 2 2 2 1 0 3 2 4 1 0 1 3 2 3 1 0 2 1 1 1 1 4 4 0 4 0 1 1 2 0 0 2 3 1 0 5 3 0 1 1 0 2 0 3 5 1 2 1 1 1 2 0 1 1 1 1 0 0 5 4 2 1 2 3 3 0 4 2 5 3 26
TGG_A 469 145 78 66 41 41 34 29 31 22 23 30 13 24 19 17 14 13 14 17 15 10 14 9 9 8 14 15 9 7 13 12 16 12 6 7 13 8 5 8 9 7 6 11 9 11 5 5 5 6 6 8 4 12 4 5 9 7 8 13 4 6 8 6 7 11 4 5 5 9 7 6 6 3 4 2 5 3 1 3 3 8 3 4 5 8 5 2 5 2 3 1 3 7 5 4 6 5 2 4 4 3 7 3 3 2 7 3 3 3 6 3 1 7 1 8 5 5 1 6 8 9 10 3 8 14 30 98
TGG_C 115 34 25 12 19 11 8 4 7 3 6 7 1 5 2 3 5 2 4 1 3 3 3 2 4 1 5 4 5 1 4 3 4 3 1 3 3 1 2 2 4 2 2 1 2 2 1 0 2 3 5 2 2 1 0 1 4 2 0 2 1 4 3 1 1 1 3 2 1 2 1 3 1 0 4 1 1 0 1 1 1 1 1 0 0 0 1 2 2 1 0 1 1 3 0 4 0 2 1 3 2 0 0 1 2 0 0 2 0 0 0 3 0 0 1 1 4 1 3 2 1 1 1 2 2 4 6 26
TGG_T 117 42 15 12 9 10 5 11 3 5 7 4 6 6 4 2 5 4 2 4 4 2 1 4 3 2 2 4 0 3 2 3 4 4 2 0 3 4 0 2 2 2 0 4 2 4 2 3 0 1 1 2 3 1 1 2 1 1 1 4 1 2 0 2 2 2 1 5 2 2 1 6 2 0 2 0 3 4 2 1 0 2 0 3 3 2 1 2 1 0 2 1 1 2 1 2 1 0 1 2 3 0 2 1 1 0 0 1 1 0 1 1 0 1 0 1 3 0 1 0 1 2 2 3 3 4 6 30
TGT_A 508 185 85 62 28 40 40 34 31 25 18 21 25 22 16 24 19 20 18 22 16 20 14 19 13 14 17 7 11 9 7 15 12 8 12 10 14 10 14 11 15 14 4 11 14 7 6 7 8 10 12 12 13 10 13 9 10 8 2 10 7 11 4 7 11 6 3 9 9 10 3 8 13 3 7 4 4 15 4 5 2 8 4 5 12 5 4 3 4 3 4 2 4 4 10 6 5 6 5 5 4 7 2 4 3 2 2 2 5 8 7 8 5 5 4 4 10 12 5 7 2 10 9 10 11 17 30 184
TGT_C 109 40 28 16 10 10 8 5 9 9 9 7 5 9 5 2 4 5 4 6 5 4 4 2 5 2 6 0 0 2 4 4 3 3 3 2 3 0 1 3 4 0 2 2 3 5 0 0 3 4 5 3 2 3 2 0 4 2 3 0 4 3 2 2 1 1 2 2 2 2 1 4 2 1 0 2 1 2 2 3 0 2 1 0 2 2 1 0 0 0 1 0 1 0 3 0 2 2 1 0 2 2 1 0 0 1 1 2 2 5 1 2 2 1 2 1 2 1 3 1 2 0 1 2 5 2 9 39
TGT_T 137 46 20 12 11 5 7 8 6 9 5 5 7 4 7 6 5 2 11 11 3 2 2 3 3 2 6 2 2 5 3 7 5 5 2 3 2 3 1 4 7 4 3 4 4 2 9 0 2 4 3 2 1 1 0 3 1 2 4 1 2 2 0 2 3 2 2 1 3 4 3 1 0 2 0 2 2 2 1 3 1 3 4 1 3 1 1 0 1 0 4 2 1 2 1 0 0 0 0 2 0 2 2 1 1 0 3 1 0 2 3 3 1 1 4 3 3 1 1 3 0 4 6 2 4 4 8 37
TTA_A 110 37 14 5 6 11 8 5 7 7 5 2 4 6 6 7 4 3 1 4 1 5 3 2 2 0 2 5 3 5 1 1 4 2 2 1 1 3 4 3 3 1 4 6 2 2 1 3 4 2 1 1 1 2 0 1 0 2 2 5 0 7 2 0 2 1 1 0 1 0 0 1 1 1 0 2 2 2 0 0 0 2 1 0 0 5 0 1 0 2 2 1 2 1 1 0 4 1 1 0 1 2 1 0 0 1 1 0 3 1 2 3 5 0 3 0 4 1 1 1 4 1 0 1 5 7 5 102
TTA_C 163 57 35 22 20 15 13 13 12 19 6 10 3 7 5 7 12 7 8 8 4 1 7 6 5 9 7 2 4 5 7 5 2 4 4 3 4 3 2 4 4 3 5 1 2 3 2 3 1 3 3 3 4 5 2 3 5 4 2 0 4 4 3 1 0 3 4 2 5 2 2 1 3 2 2 4 4 4 3 3 3 3 4 2 2 2 2 0 2 6 2 2 2 1 2 1 2 3 5 1 3 2 0 3 5 1 1 2 4 1 7 1 1 3 0 4 6 1 1 3 2 4 1 1 4 7 7 67
TTA_G 43 11 8 8 6 5 2 4 6 2 4 2 2 2 1 2 3 3 3 1 0 2 2 0 2 1 2 1 1 3 0 1 1 1 1 1 5 0 1 0 2 2 0 1 3 2 1 1 1 2 1 2 1 2 2 0 1 0 2 1 2 0 1 2 4 1 0 1 1 0 0 0 0 1 1 0 0 3 1 0 0 4 2 1 0 0 1 2 3 2 2 0 0 1 1 1 1 0 1 0 1 2 0 0 0 0 0 2 1 1 1 0 0 0 0 2 4 1 1 0 2 2 3 2 1 3 5 19
TTC_A 42 17 5 5 3 2 0 1 4 4 1 3 3 2 1 2 0 0 1 1 1 0 3 1 0 0 4 2 2 1 0 1 0 0 0 0 1 0 2 0 1 3 1 0 1 1 0 3 1 0 1 0 0 1 0 0 0 2 0 2 1 0 1 1 1 0 0 0 0 0 1 0 1 1 1 0 1 0 0 0 0 2 0 0 1 0 1 1 0 0 0 0 0 0 0 0 1 0 0 0 0 0 0 0 0 0 1 0 0 0 0 1 1 2 0 0 0 0 0 0 0 0 0 1 1 1 1 10
TTC_C 153 61 24 18 17 13 7 13 11 5 7 7 6 5 6 4 12 2 3 4 5 6 3 2 8 7 4 3 5 5 3 2 3 4 1 5 4 5 4 2 4 4 4 1 4 2 2 2 6 2 1 4 1 4 2 5 0 1 2 3 2 3 0 3 1 1 7 3 4 3 4 2 6 1 2 1 3 0 1 1 1 4 1 1 2 0 2 1 2 1 2 0 0 2 0 2 0 1 1 3 2 1 5 1 1 3 3 1 2 3 5 1 0 0 3 3 0 3 0 3 2 5 3 4 4 10 9 68
TTC_G 49 16 13 9 7 10 6 4 3 4 1 3 4 3 3 1 2 1 3 1 3 1 1 3 1 6 2 3 2 1 2 1 1 2 0 2 0 1 1 1 2 3 3 2 0 3 0 1 2 1 0 0 1 0 0 1 0 1 0 0 0 0 0 1 1 2 1 2 0 1 0 1 3 0 1 1 1 1 0 0 0 2 0 1 2 0 0 2 1 0 0 3 0 1 0 2 0 0 2 0 4 0 1 0 2 0 0 0 0 1 1 1 1 0 2 4 0 0 1 0 1 0 0 2 0 5 2 19
TTG_A 45 10 5 4 1 1 0 3 3 1 2 3 2 1 2 0 3 2 2 1 2 1 0 1 2 2 0 0 0 0 1 1 0 0 2 0 1 1 0 1 2 0 1 1 0 0 1 0 0 1 1 0 0 0 1 1 0 0 0 1 2 0 1 1 2 1 0 0 1 0 0 0 0 1 0 0 2 0 0 0 0 0 0 1 3 0 1 1 1 0 1 0 0 0 1 1 0 0 1 0 2 0 0 0 1 0 1 0 0 1 1 0 0 1 1 1 0 1 0 0 0 0 0 0 0 1 3 5
TTG_C 190 71 51 22 18 29 21 14 12 11 12 8 3 11 10 6 8 7 11 13 4 10 4 7 5 5 5 5 5 7 2 2 6 10 5 5 4 5 7 3 5 9 2 4 9 4 6 8 1 3 1 5 7 4 3 4 7 11 3 3 3 7 3 3 5 3 3 0 3 4 1 4 4 1 2 4 7 5 3 2 2 7 3 3 1 1 1 2 2 1 4 9 5 5 11 3 4 2 4 2 4 2 3 2 3 1 4 5 2 6 7 6 7 5 3 2 1 9 6 6 6 6 11 8 13 23 56 504
TTG_G 90 27 15 17 6 6 6 10 4 7 5 2 6 3 4 2 3 3 4 9 2 5 3 2 3 3 6 5 1 5 5 0 1 3 1 1 0 0 2 3 4 1 4 3 3 2 3 0 2 3 2 1 0 2 1 3 4 2 2 2 1 4 5 0 1 0 0 0 0 0 0 1 1 2 1 0 1 0 1 1 1 2 2 0 0 0 1 1 1 1 1 2 0 1 3 0 2 2 3 1 0 0 2 0 0 0 0 3 0 1 0 2 0 1 0 1 0 1 0 1 0 2 0 1 3 6 7 32
TTT_A 93 36 11 15 5 6 10 10 3 6 6 6 4 6 1 4 5 5 3 0 5 1 0 0 2 3 2 2 2 2 1 2 1 4 1 1 1 0 0 1 4 2 0 2 4 3 0 0 0 4 2 1 1 1 1 2 1 0 1 1 1 1 0 1 1 0 2 1 0 0 0 0 2 1 1 1 0 3 3 2 1 1 2 0 0 2 1 0 1 2 0 1 3 0 0 1 1 2 2 2 1 1 0 2 0 1 0 0 1 1 0 0 0 1 0 1 4 2 0 0 0 1 0 4 4 5 3 24
TTT_C 267 103 46 43 21 21 23 20 20 18 15 15 8 15 18 8 12 9 12 6 11 8 15 14 14 6 12 2 13 5 11 3 10 6 10 3 4 3 5 10 6 5 3 7 2 4 2 3 5 4 9 3 8 5 7 5 5 7 5 4 8 4 3 3 5 9 3 4 0 9 4 3 3 3 3 3 6 6 3 2 4 5 5 2 9 5 4 3 2 2 0 0 3 3 5 3 3 1 1 1 4 0 1 0 5 4 3 1 4 2 5 5 6 3 2 4 3 6 4 2 3 6 4 4 6 7 14 61
TTT_G 152 52 29 18 20 15 17 7 10 13 7 8 4 10 9 18 6 8 5 6 2 4 3 3 2 1 5 5 2 4 6 3 6 4 2 2 3 1 1 2 6 4 1 3 2 1 1 1 0 4 4 2 4 1 5 3 2 1 1 4 3 4 1 0 2 2 3 3 4 2 1 2 2 3 0 3 4 2 1 1 1 3 1 0 3 3 0 1 2 2 4 1 1 0 0 1 3 2 1 2 0 3 1 2 1 2 3 2 0 1 2 3 5 1 1 1 3 3 3 1 1 6 2 1 1 5 8 48
