Mut 1 2 3 4 5 6 7 8 9 10 11 12 13 14 15 16 17 18 19 20 21 22 23 24 25 26 27 28 29 30 31 32 33 34 35 36 37 38 39 40 41 42 43 44 45 46 47 48 49 50 51 52 53 54 55 56 57 58 59 60 61 62 63 64 65 66 67 68 69 70 71 72 73 74 75 76 77 78 79 80 81 82 83 84 85 86 87 88 89 90 91 92 93 94 95 96 97 98 99 100 101 102 103 104 105 106 107 108 109 110 111 112 113 114 115 116 117 118 119 120 121 122 123 124 125 126 127 128 129 130 131 132 133 134 135 136 137 138 139 140 141 142 143 144 145 146 147 148 149 150 151 152 153 154 155 156 157 158 159 160 161 162 163 164 165 166 167 168 169 170 171 172 173 174 175 176 177 178 179 180 181 182 183 184 185 186 187 188 189 190 191 192 193 194 195 196 197 198 199 200 201 202 203 204 205 206
AAA_C 130 69 33 20 14 17 13 8 16 11 4 8 6 6 4 5 4 8 3 4 7 11 4 4 5 3 4 2 4 6 7 3 5 4 3 6 5 2 1 1 6 4 3 1 3 3 3 6 7 2 5 1 1 8 2 4 3 4 4 1 4 3 3 3 4 0 4 1 1 1 2 2 4 2 2 1 2 1 3 3 3 2 2 1 3 3 7 2 2 4 3 3 1 1 0 0 2 2 1 3 2 0 1 2 1 2 2 1 2 1 0 1 3 1 1 2 0 2 0 2 0 1 1 1 2 1 0 0 3 1 2 1 3 1 2 1 3 1 1 0 1 0 1 2 3 0 2 1 2 1 1 1 1 2 1 0 0 0 0 1 0 3 1 2 0 1 0 3 1 2 2 0 0 1 1 1 0 0 1 0 0 0 2 2 0 2 1 3 1 0 2 0 1 2 2 1 1 2 0 3 2 2 3 3 10 45
AAA_G 173 116 66 46 41 37 25 24 19 20 15 6 17 11 13 13 13 5 10 10 6 11 3 10 6 11 1 10 12 1 6 7 7 2 3 9 7 4 3 10 7 3 1 7 8 4 7 8 9 6 4 8 4 6 3 2 2 3 4 4 3 6 3 13 1 3 4 2 6 3 4 5 4 8 3 4 1 2 2 3 2 3 6 4 2 4 4 5 4 5 3 1 4 4 2 4 6 2 4 4 5 0 2 0 4 3 2 3 2 2 0 2 0 1 2 1 2 3 4 2 5 2 4 3 2 5 0 2 1 3 2 2 0 6 2 2 4 4 2 2 4 0 3 1 1 1 2 1 2 2 3 2 5 1 1 1 2 2 2 1 3 3 2 3 0 2 1 3 0 1 1 3 1 2 4 0 2 1 4 1 2 5 2 3 2 3 5 0 2 2 2 1 0 1 4 1 4 2 0 2 8 0 4 12 14 67
AAA_T 60 34 26 11 16 7 8 4 2 6 3 2 4 4 0 3 6 2 4 3 1 4 1 4 3 4 3 2 2 0 3 4 4 2 1 5 2 1 2 1 1 3 3 1 2 4 5 3 3 3 3 1 1 2 4 1 1 0 0 0 2 3 0 2 3 1 4 1 0 3 2 2 2 2 2 1 3 1 2 3 1 1 0 0 0 0 2 0 5 0 2 3 0 3 1 0 2 0 1 0 0 1 2 3 1 0 2 0 0 0 0 0 1 0 1 0 0 1 2 1 0 1 1 1 1 2 0 1 1 0 1 3 0 0 1 1 0 1 0 1 0 0 0 1 1 0 0 2 1 1 1 1 1 2 4 0 1 0 0 1 1 0 1 1 1 0 0 1 0 1 0 0 1 0 1 0 0 2 0 0 2 0 0 1 0 1 0 0 0 0 0 3 1 0 0 1 1 0 0 3 0 0 0 1 5 32
AAC_C 32 23 17 9 6 12 7 5 1 2 1 1 2 2 2 2 2 1 1 2 2 1 0 2 4 1 1 0 0 0 1 0 1 1 0 0 0 2 0 1 0 0 0 0 0 3 2 1 1 1 1 1 2 1 0 0 0 0 1 0 3 2 2 2 2 1 0 1 0 1 0 0 0 0 0 1 0 1 1 2 0 1 1 2 1 0 1 0 2 1 0 0 1 0 0 0 0 1 1 2 1 0 0 0 1 1 1 2 2 0 0 0 2 0 1 0 0 1 1 0 1 0 0 0 1 0 0 1 0 3 1 0 0 0 1 1 0 0 2 0 0 0 0 1 2 0 1 0 0 1 0 1 0 0 0 0 0 1 1 0 0 0 0 0 0 0 0 0 1 0 0 1 1 0 0 0 1 0 1 0 0 1 0 1 0 0 0 0 0 0 2 1 1 0 0 1 0 0 1 0 2 0 1 2 2 23
AAC_G 134 94 53 31 20 32 15 18 10 9 6 7 11 11 11 7 6 6 3 11 3 10 2 4 10 4 1 4 4 5 5 8 4 5 5 5 2 2 2 5 4 3 3 3 2 8 2 3 3 2 3 3 2 11 1 3 1 2 3 1 3 6 2 3 1 3 4 2 0 3 3 1 2 6 2 2 2 2 2 1 3 2 1 2 1 3 6 3 4 3 3 2 2 3 3 3 4 2 2 1 1 0 2 5 0 4 1 2 2 5 2 3 3 4 2 2 3 1 2 3 2 2 1 4 3 1 1 2 0 3 1 1 1 3 3 1 0 1 1 2 3 1 2 1 2 0 1 0 0 1 0 3 0 2 2 1 4 0 2 1 2 1 3 1 1 1 0 4 2 1 2 0 0 0 4 0 5 1 1 1 2 4 0 2 2 5 2 1 0 1 1 1 3 1 1 1 1 2 2 2 4 3 2 2 4 63
AAC_T 32 16 8 5 5 4 4 2 2 6 2 0 2 3 4 2 1 1 1 1 1 0 3 4 0 1 1 1 1 1 2 1 0 0 0 1 0 0 2 0 5 0 0 0 0 1 0 4 1 0 1 1 0 1 0 0 1 0 1 1 0 0 1 1 1 0 1 0 2 1 0 0 1 1 3 0 0 0 0 2 0 2 0 0 0 0 1 1 0 0 1 0 2 2 1 1 0 2 0 1 0 1 0 0 1 0 0 1 0 0 0 1 1 0 1 0 0 0 0 0 0 0 0 1 0 0 0 0 0 2 0 1 1 0 1 1 0 0 0 0 1 0 0 0 0 0 1 0 0 2 1 0 0 1 0 0 0 0 0 1 0 0 0 1 0 0 0 1 0 0 1 0 0 0 1 0 0 0 1 0 1 0 0 0 0 0 1 2 0 0 1 0 0 1 0 0 0 0 1 0 2 0 1 2 1 10
AAG_C 54 27 15 13 12 6 10 5 2 9 5 2 1 7 4 4 4 2 1 0 3 3 0 2 4 1 0 0 2 0 0 2 2 1 1 2 0 1 0 0 5 0 2 0 1 4 1 0 0 2 1 0 0 1 0 0 1 0 0 0 2 1 0 0 4 0 0 0 0 0 2 3 0 0 0 1 1 0 1 0 1 1 1 0 0 2 1 2 1 2 1 0 1 1 2 0 1 0 0 0 0 0 1 0 0 0 2 1 0 0 0 1 0 0 1 0 0 1 2 0 0 0 1 2 1 0 1 0 1 0 1 0 0 0 1 0 0 0 0 0 1 0 0 2 2 0 1 1 0 2 0 1 1 0 0 0 1 0 0 1 0 0 0 0 0 1 0 0 0 1 1 0 1 0 0 0 0 1 0 1 1 1 0 0 1 0 0 2 0 1 1 0 0 1 1 0 1 0 0 2 0 0 0 1 3 14
AAG_G 146 77 48 33 23 22 16 15 12 9 8 9 9 7 14 4 6 10 6 6 6 5 3 8 1 5 4 7 6 7 5 9 5 4 6 2 7 5 6 1 5 6 1 5 4 2 4 2 5 2 5 3 6 3 1 2 1 2 2 6 6 4 3 2 4 5 3 3 4 0 3 1 0 2 6 5 0 0 6 4 4 5 0 1 4 4 2 2 4 1 0 2 2 0 0 5 3 4 1 2 2 2 2 1 1 1 1 1 1 2 4 4 1 2 3 1 2 0 0 2 1 0 3 4 4 4 2 0 4 5 2 2 1 2 3 2 1 2 2 0 5 2 1 1 3 1 2 1 1 4 3 5 3 4 0 1 7 3 1 2 0 3 1 1 1 1 1 1 0 2 1 3 0 1 1 2 4 1 2 2 3 1 0 2 1 1 2 1 1 1 0 0 0 3 0 1 3 4 4 5 1 2 1 5 14 88
AAG_T 29 14 10 2 5 3 4 3 1 2 3 4 3 3 2 0 2 2 0 1 1 2 1 1 0 1 2 1 1 1 0 3 1 0 0 1 0 2 3 2 0 1 3 1 0 0 1 1 0 1 1 0 1 0 0 2 3 0 0 2 0 0 0 1 1 0 0 0 0 2 0 0 0 1 0 1 0 1 2 0 1 2 1 1 0 1 1 2 1 1 0 0 0 0 0 0 0 1 0 0 0 1 0 1 0 0 0 1 0 0 0 0 0 0 1 1 0 2 0 0 0 0 1 1 0 0 0 0 0 1 0 0 0 0 0 0 0 0 1 0 0 0 0 0 0 0 0 1 1 0 0 1 1 1 1 0 1 2 1 0 0 0 1 0 0 0 0 0 1 0 1 0 0 1 0 0 0 0 0 1 0 0 1 2 0 0 0 0 0 0 0 0 1 0 0 0 1 0 0 0 0 0 1 1 5 12
AAT_C 42 23 17 7 13 8 5 4 8 4 2 1 4 3 3 0 1 2 4 2 1 1 0 2 1 1 1 5 1 2 3 1 2 1 0 1 1 2 1 1 1 0 0 1 0 3 0 0 0 1 0 1 2 2 1 0 0 1 0 1 1 2 1 1 1 1 0 0 0 1 3 1 1 2 0 1 0 1 2 1 0 0 2 1 0 0 0 1 1 0 0 1 2 0 0 1 0 1 0 0 2 2 1 0 0 0 1 1 1 0 0 1 0 0 0 0 0 0 1 0 0 1 0 0 0 2 0 0 3 2 1 0 1 0 1 0 0 0 1 0 0 1 0 1 1 0 2 1 0 0 0 0 0 0 0 0 2 0 0 1 0 1 0 1 1 2 2 0 3 2 0 0 1 1 1 2 1 0 0 0 1 0 0 1 0 1 0 1 0 0 0 1 0 2 0 0 1 0 1 0 1 1 0 1 4 16
AAT_G 296 166 86 56 52 39 38 25 37 21 23 16 29 14 16 15 13 22 17 21 16 20 12 12 10 11 8 9 10 9 13 8 4 2 8 13 20 9 6 5 6 11 10 7 6 6 3 9 17 5 8 5 14 11 7 10 4 5 6 7 7 2 8 4 8 4 7 4 8 9 5 7 6 8 6 12 5 3 2 6 5 7 2 4 7 1 6 5 4 8 8 4 1 2 4 2 3 6 7 5 5 2 3 5 2 6 3 1 6 3 3 3 3 8 7 3 7 3 5 4 6 1 2 5 0 6 3 5 3 6 3 5 3 5 6 5 2 2 2 3 4 5 1 4 3 2 3 3 0 2 3 3 3 1 2 3 1 5 5 7 3 4 3 2 2 1 1 1 3 3 1 4 1 3 2 6 5 1 2 1 1 4 4 5 1 2 3 4 4 5 0 4 1 0 4 3 3 1 2 10 5 5 8 4 15 110
AAT_T 58 41 22 11 14 12 6 3 7 5 4 5 8 4 4 1 1 2 4 3 4 2 1 0 1 1 2 1 4 1 1 2 1 1 0 3 0 0 0 1 0 2 3 0 1 0 1 2 4 1 0 2 2 2 1 1 1 1 1 1 2 2 1 1 2 1 2 1 0 2 1 0 1 0 1 0 3 1 2 0 0 1 0 0 0 2 0 0 1 0 0 0 3 0 1 2 0 1 0 2 1 0 1 0 2 0 0 0 0 0 0 0 1 0 0 1 0 0 0 0 0 2 1 3 1 0 1 1 0 0 0 0 0 0 1 0 0 1 0 0 0 1 0 0 0 1 1 1 1 2 1 0 2 0 0 2 0 1 2 0 1 0 0 1 0 0 0 0 0 0 0 2 0 0 0 0 0 0 0 0 0 0 1 1 0 1 1 2 0 0 1 0 0 0 0 1 0 2 0 0 2 2 3 1 4 41
ACA_A 115 47 35 17 15 15 14 7 8 7 8 7 12 8 3 6 7 11 2 8 3 0 5 6 3 5 4 3 2 2 0 4 8 4 2 5 5 1 3 1 1 3 1 1 2 2 1 3 6 1 0 2 1 2 3 4 1 5 2 1 1 2 1 1 4 1 2 3 3 1 0 2 1 3 0 1 1 1 1 0 0 0 2 1 1 3 4 2 1 2 3 0 2 3 3 3 2 1 2 2 2 1 1 0 2 1 1 2 0 0 1 0 1 4 0 1 1 1 1 0 0 1 0 3 1 1 1 1 0 2 2 1 2 0 2 2 0 1 1 0 1 3 1 1 2 0 0 1 0 0 1 1 2 0 1 0 1 0 3 1 0 2 0 2 1 0 0 0 2 0 0 0 0 1 1 0 2 0 0 1 0 0 1 2 2 1 5 0 0 2 0 0 0 1 1 0 5 1 1 1 1 3 2 4 0 47
ACA_G 100 46 33 20 15 12 19 10 9 7 4 6 3 1 6 4 5 5 5 5 3 9 9 8 4 0 3 2 7 4 3 3 3 5 4 5 6 3 2 0 1 0 1 2 2 3 3 0 0 1 1 2 2 2 2 2 1 2 0 4 1 1 2 1 2 2 4 3 0 4 3 2 4 0 2 1 3 1 0 3 2 0 1 2 2 1 1 1 1 2 0 0 2 0 2 2 1 0 0 1 0 2 0 1 1 1 4 2 1 2 1 2 2 1 1 1 1 0 1 2 2 1 1 1 1 2 3 2 1 0 1 1 0 0 0 0 3 1 0 1 0 0 1 0 2 0 0 1 0 1 1 1 2 1 2 0 2 1 0 2 0 0 2 1 2 2 0 1 1 0 0 2 0 0 2 2 1 0 1 0 0 0 0 0 1 0 2 3 1 1 0 3 0 1 2 0 4 1 1 4 2 1 2 0 3 46
ACA_T 362 183 101 75 55 53 34 20 24 23 31 24 34 15 17 21 22 22 14 12 14 15 16 15 9 10 7 8 10 17 6 7 8 10 10 7 14 14 15 6 10 12 5 5 9 14 7 6 16 8 7 7 9 7 2 3 3 9 4 4 5 5 7 9 3 8 3 6 4 5 4 5 8 8 9 2 9 4 4 8 3 8 1 5 8 6 4 6 4 8 4 8 5 3 7 4 2 3 3 5 3 5 3 3 3 3 6 3 3 0 2 2 8 5 3 0 4 3 7 5 3 4 2 2 5 6 4 5 4 3 4 3 4 2 4 0 4 4 4 2 8 8 1 3 4 0 2 3 5 4 0 3 1 4 0 5 4 2 2 2 3 2 3 2 7 1 3 4 7 5 0 3 3 3 2 6 1 2 2 1 1 3 4 2 3 5 3 4 4 1 6 4 1 4 2 7 5 1 4 10 15 9 9 11 22 200
ACC_A 151 74 46 26 24 15 18 9 18 12 5 11 13 8 6 12 10 13 2 3 4 3 5 2 6 5 3 8 4 2 2 5 3 2 4 3 3 3 2 1 3 1 5 4 1 5 3 3 2 0 0 1 5 4 1 5 0 3 2 4 2 5 1 2 3 3 3 1 1 4 3 0 3 2 7 1 1 5 1 4 5 0 3 1 0 1 1 4 1 0 3 2 2 0 1 3 1 2 3 4 1 2 1 0 1 2 0 0 2 0 2 0 2 1 1 2 4 0 0 0 3 3 1 2 2 2 2 0 2 1 3 1 2 0 2 1 0 1 0 4 3 2 2 2 3 0 0 3 1 2 0 1 0 1 1 1 1 2 0 4 0 2 1 0 0 1 2 1 1 0 0 0 1 3 2 2 0 1 1 1 0 0 0 0 1 0 0 3 2 1 1 1 1 1 3 2 2 2 3 1 1 1 4 0 7 44
ACC_G 69 54 22 12 10 10 9 5 4 4 6 7 3 7 4 7 4 3 5 2 1 2 3 4 1 2 3 0 1 0 3 1 0 2 1 0 3 2 2 1 1 0 1 0 3 1 1 1 0 1 1 2 1 6 2 1 0 2 1 2 2 3 2 3 0 1 1 2 1 0 1 0 2 4 2 3 1 2 1 0 0 3 1 0 1 1 0 0 0 5 0 1 2 1 0 0 0 2 0 0 1 1 0 1 1 1 0 0 1 1 1 1 0 1 1 2 0 1 0 2 0 0 0 1 2 1 1 2 0 1 0 1 0 1 1 2 2 3 0 1 2 1 1 3 2 0 0 2 0 1 0 1 0 1 2 3 3 0 0 3 1 2 1 3 1 0 0 0 0 0 0 1 0 1 2 0 1 0 0 1 0 1 1 3 1 0 0 0 0 0 1 0 2 3 1 0 0 1 2 1 4 1 2 3 4 29
ACC_T 294 146 101 57 47 35 36 29 30 31 10 22 22 12 8 16 13 8 12 7 13 11 8 8 6 8 11 5 5 10 13 2 11 7 2 5 6 11 6 4 11 5 5 4 7 7 3 11 11 2 5 3 7 7 5 7 3 8 3 4 7 7 4 8 3 5 3 1 4 5 3 5 3 4 8 3 3 1 2 1 3 2 3 1 3 7 3 3 3 3 3 2 1 3 1 4 3 1 1 5 6 3 5 2 3 4 5 1 1 2 2 0 2 3 0 3 2 2 2 5 0 2 6 8 1 2 2 2 3 1 2 7 3 4 3 1 4 3 0 5 6 8 4 2 3 2 1 2 2 4 2 4 2 2 2 2 2 3 2 2 1 5 2 1 1 3 3 3 2 3 0 1 0 0 1 1 3 2 1 0 1 2 2 2 0 2 5 6 1 1 1 2 0 0 1 4 4 1 3 2 3 3 6 5 11 72
ACG_A 29 23 11 10 8 5 5 1 6 1 2 3 3 1 0 6 2 2 2 2 2 0 1 3 1 3 1 0 1 0 0 0 1 0 2 1 2 0 1 4 1 2 1 2 1 1 0 1 3 0 1 1 3 0 1 0 3 0 1 0 1 0 1 0 0 0 2 0 1 1 1 0 0 0 0 2 0 1 1 0 0 1 0 0 3 1 2 0 0 1 1 0 0 1 0 0 0 1 0 3 1 0 2 2 0 0 1 0 1 0 0 0 0 0 2 0 1 2 1 2 0 1 1 0 1 0 0 0 2 0 0 0 0 1 0 0 0 2 2 0 0 0 0 0 0 0 0 1 0 0 0 0 0 1 1 2 1 1 1 0 1 1 0 0 0 1 2 0 0 0 0 0 0 0 0 0 1 0 0 0 0 1 0 0 0 0 0 0 0 0 0 0 0 0 0 0 0 0 2 2 0 0 0 2 0 13
ACG_G 27 14 9 5 6 3 3 2 2 1 6 0 7 2 1 3 3 2 1 2 4 1 1 2 1 0 2 0 0 1 2 1 1 1 0 0 1 1 0 1 0 1 1 3 0 1 3 0 1 1 0 3 1 1 1 1 0 0 0 3 0 1 1 0 1 0 0 2 1 1 1 0 0 2 0 1 1 1 1 0 0 0 2 0 2 1 1 2 0 0 1 1 1 2 0 0 1 0 0 0 0 0 0 0 0 0 0 0 1 1 0 2 0 0 0 0 0 1 1 0 0 0 0 2 0 0 0 0 0 1 0 0 0 0 0 0 0 2 0 0 0 1 1 1 0 0 0 0 0 0 1 0 0 1 0 1 0 1 1 0 0 0 0 0 0 1 0 1 1 1 0 0 0 0 0 0 1 0 0 1 0 0 1 0 0 2 0 1 1 0 1 0 0 0 0 0 0 0 0 0 0 0 1 1 4 24
ACG_T 1000 394 236 150 139 122 96 61 63 45 50 56 62 45 45 36 41 44 30 33 27 34 32 32 24 21 28 14 24 22 18 17 25 20 29 20 20 20 17 25 22 14 19 25 19 22 14 19 25 15 18 20 15 15 8 18 13 11 12 9 12 14 9 15 15 10 9 16 11 17 9 16 13 16 8 18 11 12 14 9 13 16 19 13 6 11 10 7 15 7 11 9 6 15 10 7 12 7 10 10 11 6 15 10 8 17 14 1 5 14 4 16 8 2 8 7 8 6 11 2 5 4 5 7 8 8 7 6 12 7 11 7 9 11 5 3 5 8 8 11 8 10 4 10 7 7 2 8 8 9 2 12 5 9 2 11 6 9 4 3 5 12 5 5 4 4 3 9 9 4 10 4 5 10 14 3 4 7 7 7 2 11 4 3 4 5 9 10 9 10 4 7 7 9 6 10 4 7 12 17 10 11 12 18 34 281
ACT_A 59 34 17 9 15 9 4 9 4 5 3 1 3 6 3 0 2 6 2 3 1 2 1 2 0 1 1 0 1 1 0 1 4 0 0 2 0 0 1 1 3 0 1 1 2 0 2 1 1 3 0 1 1 0 1 1 0 0 0 2 1 0 3 0 1 0 0 0 1 0 1 0 1 1 0 1 3 2 0 1 0 0 0 0 0 0 1 0 0 1 0 2 0 1 1 2 0 0 0 2 1 0 2 1 1 1 0 0 0 0 0 1 0 1 0 1 0 0 2 1 0 0 0 2 0 0 1 0 0 0 2 0 2 0 1 0 0 0 0 0 1 0 0 2 0 0 0 0 0 0 0 1 0 1 1 1 1 0 0 0 0 1 1 0 0 0 1 0 0 1 0 1 1 0 0 0 0 1 0 1 0 0 0 1 0 1 0 0 2 1 0 0 0 0 1 1 1 0 0 2 0 1 0 3 3 14
ACT_G 68 38 31 17 14 14 7 3 12 0 7 6 5 5 2 4 3 4 5 2 5 5 2 4 2 4 2 1 3 3 1 5 4 1 5 2 1 2 2 2 3 2 2 2 4 1 1 3 1 4 1 0 8 3 0 2 0 2 2 4 2 4 0 1 5 3 1 0 2 2 4 1 2 5 1 2 4 1 3 4 0 2 2 2 2 0 3 1 2 2 1 0 1 1 0 2 1 0 2 1 2 2 0 1 1 2 0 0 0 1 0 1 1 1 2 0 3 0 0 0 1 1 0 2 1 0 2 1 2 0 0 2 0 1 0 0 1 0 2 0 1 0 1 2 1 0 0 0 1 1 0 0 1 0 0 1 0 0 0 1 0 1 1 0 2 0 3 2 1 0 1 0 0 0 0 0 0 0 2 1 1 0 0 0 0 2 1 1 1 1 0 0 1 1 0 2 1 0 1 1 2 0 1 6 6 24
ACT_T 241 117 82 57 35 37 29 20 27 11 9 14 18 11 14 10 8 17 8 6 9 8 14 10 9 10 11 8 3 4 7 10 7 7 5 5 6 6 4 2 9 5 3 7 5 15 4 6 2 3 8 4 9 6 3 5 1 6 4 4 11 7 4 7 3 5 5 4 3 5 4 3 1 7 5 4 5 3 1 3 1 5 5 2 3 3 4 2 3 3 0 2 2 2 4 1 2 3 3 4 1 3 2 1 3 5 4 4 0 3 2 3 7 5 4 5 4 3 2 3 3 0 2 0 6 4 2 3 0 4 5 3 2 1 3 2 4 5 1 4 2 2 1 1 1 0 1 3 2 3 1 3 3 1 1 2 1 0 1 1 2 3 3 4 2 0 2 1 0 2 2 3 0 3 0 1 5 3 3 2 1 1 2 2 3 3 0 2 1 1 4 1 2 1 2 3 1 4 3 2 2 5 1 7 18 145
AGA_A 270 154 83 47 42 29 21 20 17 12 16 19 18 15 9 5 6 10 14 8 8 12 7 6 5 5 9 5 9 14 7 9 9 8 10 6 4 5 10 3 8 2 4 3 4 7 6 12 11 2 6 4 5 6 5 10 7 3 5 5 3 0 3 5 5 6 3 4 2 2 4 2 6 10 4 5 3 2 4 9 5 11 3 2 3 2 3 3 1 5 4 2 1 3 4 2 1 1 7 3 1 4 7 1 3 1 4 2 4 0 4 3 4 0 3 0 1 3 3 1 2 2 3 0 1 3 2 1 4 2 1 2 2 3 4 3 0 3 1 3 1 3 0 1 0 3 0 3 2 3 3 0 2 2 0 1 4 1 0 1 1 1 3 0 2 3 2 2 3 3 2 0 2 2 0 1 3 3 3 2 0 2 0 1 5 1 1 2 2 1 2 1 2 1 3 1 3 1 3 8 4 1 3 4 15 66
AGA_C 138 80 47 30 32 26 19 10 10 10 10 12 5 3 6 9 9 8 8 4 5 6 6 5 9 2 5 2 7 5 4 4 2 1 3 6 3 3 3 5 2 5 6 2 6 7 5 3 3 2 7 1 3 7 2 3 3 3 0 4 2 4 1 2 2 5 4 3 2 5 3 5 3 4 3 4 2 0 4 3 5 0 2 2 0 0 3 0 4 3 2 2 2 2 2 2 2 1 0 2 2 0 2 0 4 2 1 1 0 2 2 0 1 1 3 2 1 1 0 3 2 1 0 0 4 1 2 2 0 2 1 3 1 1 1 1 2 1 1 2 2 2 2 2 3 1 1 0 4 2 0 2 4 0 1 1 3 3 2 2 0 3 0 1 1 2 2 2 0 0 1 0 1 1 1 1 4 1 0 1 2 0 1 2 3 0 0 1 0 2 0 0 0 1 5 0 3 3 4 5 3 1 4 4 8 42
AGA_T 86 49 25 19 12 16 11 7 8 3 3 7 9 6 3 4 5 7 3 5 3 1 2 5 1 1 3 4 1 0 1 3 2 1 0 4 1 3 4 1 3 3 3 0 1 1 2 2 1 1 3 2 2 1 1 3 1 2 1 2 0 2 0 1 4 0 0 2 0 1 0 1 1 3 1 1 1 1 0 4 3 3 2 2 2 0 0 1 0 2 4 2 3 0 0 0 2 0 0 2 0 0 2 0 1 2 2 0 2 3 1 0 0 0 0 1 0 2 2 4 1 1 0 0 0 1 1 1 1 3 0 0 0 0 0 0 2 1 0 0 1 0 1 0 0 0 0 3 2 0 1 0 1 1 1 0 1 0 0 0 0 0 0 1 0 0 2 1 1 0 0 0 1 2 0 2 0 0 2 0 0 2 1 1 0 1 0 0 0 2 0 1 1 2 1 0 1 1 1 0 2 1 1 3 4 27
AGC_A 277 150 82 54 51 31 46 21 22 22 15 22 15 22 7 11 15 17 12 14 15 15 5 12 12 8 8 14 7 9 9 13 6 8 9 4 10 7 16 6 10 7 7 10 6 7 4 8 7 7 3 7 6 8 2 5 1 2 4 4 2 5 5 2 4 5 4 7 5 6 1 2 7 10 8 3 4 0 4 7 5 6 5 2 3 4 3 2 2 3 3 3 5 2 2 2 4 1 1 4 1 5 5 4 3 8 2 4 2 4 0 4 4 3 2 6 5 1 2 0 3 4 4 4 1 3 1 3 6 3 1 2 5 4 2 1 4 0 3 1 2 1 2 4 3 3 4 1 3 2 1 3 5 1 2 4 4 1 0 0 3 3 0 1 2 2 3 0 3 1 0 1 3 1 2 1 1 1 3 2 0 1 1 1 1 1 3 3 3 5 3 1 0 2 2 2 4 4 2 2 2 4 4 3 10 80
AGC_C 84 39 21 14 12 13 4 11 8 10 6 3 5 4 1 3 4 1 3 3 2 1 4 2 6 3 2 1 2 0 3 1 1 2 1 3 4 2 2 6 3 4 1 2 1 2 0 1 3 3 1 4 4 5 1 3 1 1 2 1 2 1 0 3 0 1 2 2 2 2 1 1 1 0 0 3 1 2 1 2 3 1 0 0 2 0 0 1 0 1 0 1 2 4 1 0 1 1 0 0 0 1 1 0 1 0 1 0 0 0 1 2 0 1 4 3 1 3 0 0 1 0 0 3 1 2 0 1 0 2 1 2 0 0 1 0 2 2 0 1 1 0 0 0 0 0 1 0 2 1 1 0 0 1 1 0 0 0 1 0 1 0 0 1 0 0 0 0 0 0 1 2 0 0 1 0 1 0 0 0 1 1 2 1 0 0 0 3 0 0 0 0 2 1 1 0 1 0 0 0 0 3 2 1 0 25
AGC_T 46 33 15 10 9 10 10 5 9 7 4 2 3 4 5 2 1 1 4 3 4 4 2 2 0 2 2 3 1 2 2 1 1 4 0 0 3 0 2 3 1 4 3 1 2 2 2 0 3 0 1 0 0 2 1 0 2 1 1 1 0 0 0 0 1 3 0 1 1 1 2 1 0 2 0 1 0 0 1 2 1 1 1 1 2 2 2 1 1 0 2 0 0 0 1 0 0 1 0 1 0 0 1 1 2 0 1 0 1 0 1 1 0 0 0 1 1 0 1 0 0 1 3 0 2 0 0 0 2 1 0 0 1 1 1 0 2 0 2 0 1 0 0 0 1 0 0 0 0 1 1 0 2 1 0 0 2 1 1 3 0 1 1 0 0 0 0 0 0 0 2 0 1 1 0 0 0 0 1 1 0 2 0 0 1 0 0 2 0 0 1 1 1 0 2 1 0 1 1 1 2 1 0 3 1 33
AGG_A 356 205 120 84 71 60 57 29 31 18 34 15 28 19 28 23 12 20 19 19 15 14 20 20 12 8 18 7 8 14 12 11 13 11 10 9 7 7 10 9 12 10 8 14 14 12 14 16 14 14 12 6 7 12 7 8 7 8 10 4 9 8 11 4 11 9 5 7 3 6 9 6 4 6 4 7 7 6 5 6 8 7 5 6 6 3 9 6 4 0 3 6 4 8 4 4 4 1 6 6 1 4 2 6 5 1 6 3 4 1 3 2 7 4 2 3 3 4 3 6 1 6 8 5 5 8 4 2 2 5 5 3 5 4 3 4 0 4 3 2 2 5 2 4 1 1 3 2 2 5 3 1 2 1 1 3 5 5 2 1 6 2 4 4 4 1 4 7 1 4 2 2 2 2 2 1 3 3 3 2 2 6 0 2 4 6 2 1 3 0 0 4 3 4 3 6 4 3 2 10 8 6 5 14 10 107
AGG_C 122 69 45 21 28 23 14 10 10 5 8 11 6 8 10 9 5 10 4 2 8 8 7 5 3 2 3 2 6 1 4 4 2 2 3 4 8 4 1 3 4 2 3 2 2 6 2 3 3 2 0 1 1 2 2 2 3 0 1 1 2 3 0 1 1 3 1 3 5 0 4 0 2 3 3 1 3 0 3 3 2 6 2 5 2 4 4 2 2 0 0 3 1 1 2 2 2 2 2 2 0 1 1 1 0 1 1 5 1 0 0 1 1 2 1 6 2 2 0 1 1 0 1 2 1 3 1 0 2 2 2 0 1 3 0 1 1 2 2 0 3 0 1 1 1 1 2 1 1 1 1 1 0 1 0 1 0 1 0 0 2 1 0 1 2 0 2 1 1 1 1 1 0 0 1 0 0 2 2 4 2 2 0 0 2 1 1 3 2 2 0 1 0 0 1 0 2 2 0 1 2 2 3 3 1 34
AGG_T 70 31 21 7 9 5 11 2 6 1 2 4 5 6 4 3 1 2 2 6 3 1 1 4 0 1 4 1 1 0 3 0 8 2 2 2 2 1 2 2 1 2 2 1 0 2 0 0 1 1 3 1 1 1 0 1 1 1 0 0 1 2 0 3 2 3 1 1 2 0 0 0 2 0 1 4 2 1 2 1 1 2 1 1 1 2 0 1 0 1 2 2 0 1 1 0 2 2 1 0 1 2 0 0 0 0 0 0 1 0 0 0 1 0 1 1 1 0 0 0 1 0 1 1 0 1 0 0 0 0 0 1 2 1 1 0 0 0 0 0 0 1 0 1 1 0 0 0 1 0 1 0 3 0 0 0 3 0 0 1 0 0 2 1 1 1 2 1 0 0 0 1 0 0 1 0 0 0 1 1 0 1 0 2 2 2 0 1 0 0 0 0 0 2 0 0 1 0 1 0 4 1 1 1 1 21
AGT_A 226 106 75 54 51 38 29 23 16 15 8 17 13 17 7 19 7 19 6 9 6 7 10 5 5 8 10 5 7 5 4 4 5 8 7 3 4 6 6 9 2 4 7 4 3 4 6 6 5 3 6 8 6 7 4 4 7 4 5 3 3 5 5 5 6 8 4 4 3 3 6 7 4 5 6 6 1 3 3 6 5 3 1 0 4 3 2 2 4 3 6 3 1 3 0 3 1 1 2 3 4 2 1 2 2 3 2 1 3 1 1 2 2 2 2 5 4 2 5 5 3 0 2 4 1 1 2 2 2 3 3 5 1 5 6 2 3 2 1 2 2 2 0 6 2 1 3 4 3 2 4 1 2 0 3 0 2 2 2 2 2 0 3 0 2 0 0 6 1 2 1 2 1 3 3 3 2 5 3 1 5 2 0 1 4 0 4 2 3 3 4 1 2 4 2 4 3 1 4 3 7 3 5 12 15 178
AGT_C 102 34 20 14 10 12 8 7 4 8 3 4 5 5 5 3 1 3 3 4 3 6 4 4 2 4 1 2 2 2 4 3 1 0 4 4 1 4 2 2 1 3 2 3 3 4 1 0 5 1 4 4 4 7 2 0 1 1 5 1 1 2 3 1 3 2 1 5 1 2 1 0 2 1 2 4 0 2 1 3 2 1 5 1 0 3 0 1 0 2 4 0 2 2 1 2 1 0 2 0 0 0 0 0 1 0 1 1 2 0 3 0 2 1 1 1 1 0 0 3 1 1 0 1 0 1 0 0 2 1 1 0 1 0 3 0 1 1 1 1 1 0 1 1 4 0 1 1 0 1 0 2 0 1 2 1 1 0 1 1 0 0 1 0 0 0 2 1 3 0 1 0 1 0 0 0 1 3 0 0 1 2 3 1 1 1 0 2 0 1 0 1 2 1 1 1 0 1 0 0 2 1 1 3 6 24
AGT_T 53 35 9 9 9 7 7 9 5 5 3 2 2 5 2 2 3 3 2 3 1 2 1 3 5 3 1 4 3 1 2 2 1 2 0 0 0 2 3 1 0 1 1 1 0 1 1 2 1 2 4 1 0 1 1 1 0 1 2 0 0 0 1 0 1 1 1 1 0 0 1 0 1 0 0 3 1 0 0 2 1 4 2 0 1 1 0 0 1 3 0 0 0 2 2 2 0 0 0 0 0 0 0 2 0 2 1 0 0 0 1 2 1 1 1 0 0 1 3 1 0 0 2 1 1 0 0 1 1 1 3 2 1 0 0 0 2 0 1 0 0 1 2 1 0 0 1 1 0 1 0 1 1 1 0 2 0 0 0 1 1 1 2 0 0 1 0 1 2 0 0 0 0 0 1 1 0 0 0 0 0 1 0 0 1 2 0 1 0 1 0 0 1 2 0 0 2 1 2 2 2 1 1 1 6 18
ATA_A 60 24 24 10 9 12 7 3 7 6 2 2 7 4 2 3 3 1 2 1 0 1 1 1 0 0 1 2 1 0 1 1 1 1 0 4 0 1 3 0 0 1 1 1 3 1 1 2 2 1 0 0 0 2 2 1 0 0 1 0 0 1 0 1 0 3 2 0 0 0 3 2 1 0 2 0 2 1 0 1 1 1 1 1 0 1 0 0 0 0 1 0 0 1 0 0 1 0 1 1 0 0 1 2 0 2 1 1 0 3 1 0 2 1 0 0 0 0 0 1 0 1 0 1 3 0 1 1 0 0 1 1 2 0 0 0 1 1 2 1 0 1 0 0 0 0 1 1 0 1 0 0 0 1 1 1 0 0 2 2 2 0 1 2 0 1 1 0 0 0 0 0 1 1 0 1 1 0 1 1 0 0 1 0 0 0 0 1 1 0 5 1 1 1 0 2 1 1 1 1 2 1 0 4 4 21
ATA_C 328 169 108 85 68 61 42 25 23 21 27 17 33 21 14 16 21 16 14 14 12 22 14 13 10 11 13 6 9 6 15 6 7 3 12 3 7 15 12 6 10 13 6 7 11 10 8 4 12 4 5 7 7 11 4 10 8 1 7 4 8 5 4 6 4 11 5 5 4 5 8 9 8 6 9 5 6 2 2 3 7 7 9 3 5 6 4 7 7 2 10 4 3 7 7 5 8 1 6 3 3 5 6 2 8 4 1 4 1 7 1 7 6 7 6 7 5 5 3 4 5 4 0 4 8 7 6 3 2 6 3 2 1 1 2 1 3 3 5 3 3 4 3 4 1 4 2 1 2 6 0 3 1 3 3 1 2 4 2 3 3 1 4 6 0 2 2 1 2 1 3 1 1 1 3 3 2 0 5 6 1 0 0 3 3 6 4 6 4 6 2 3 2 3 1 4 3 5 5 7 7 10 5 12 13 129
ATA_G 42 18 11 6 7 4 5 2 2 5 2 3 4 3 0 2 2 6 2 1 0 3 2 0 1 2 1 0 0 0 1 1 4 2 0 2 1 2 0 0 0 0 0 0 0 2 0 2 1 0 1 0 1 0 1 0 1 1 0 0 0 0 3 1 0 0 1 0 0 2 0 0 0 0 1 0 1 0 0 1 0 0 0 1 1 1 1 1 1 2 0 0 0 1 0 1 1 1 1 1 0 0 1 0 0 1 0 0 0 0 0 1 1 0 0 0 0 0 1 0 1 0 1 1 0 0 0 0 0 0 2 0 0 0 0 0 1 2 0 2 1 1 0 0 0 0 0 0 1 0 0 1 0 0 0 0 2 0 0 2 3 1 0 0 0 1 0 2 0 0 1 2 0 1 0 0 1 0 1 0 1 0 0 0 1 1 2 1 0 1 0 1 1 1 1 0 0 0 0 1 0 0 0 3 1 19
ATC_A 69 35 20 8 9 5 6 11 6 6 5 4 3 3 3 5 1 2 1 3 2 5 2 3 1 1 5 1 1 5 3 2 1 0 0 0 0 0 2 1 2 0 3 1 2 0 0 1 3 2 1 1 2 1 2 1 0 2 1 1 0 0 1 1 0 1 3 0 1 0 2 2 0 0 3 1 1 0 1 2 1 2 1 1 1 0 1 0 2 0 1 1 0 1 2 0 1 1 0 1 2 1 0 0 0 0 4 2 1 1 1 0 2 1 1 1 0 0 0 2 0 0 0 0 0 0 0 2 0 1 0 0 1 1 2 0 1 0 1 0 2 1 1 0 0 0 1 0 1 2 0 0 0 0 0 0 1 0 0 1 0 0 1 0 0 1 1 1 0 1 1 0 0 2 0 0 0 0 1 1 0 2 0 0 1 0 1 0 0 0 0 0 1 0 2 0 0 1 1 0 1 1 2 2 1 14
ATC_C 124 70 32 21 24 18 14 11 10 14 7 6 11 9 9 7 4 4 3 8 4 5 6 10 4 5 6 2 3 4 4 3 5 6 6 6 1 2 2 5 3 7 6 3 3 7 3 5 2 4 2 5 3 5 2 0 3 2 1 3 4 0 2 1 1 3 3 5 3 8 3 4 5 2 4 2 5 0 3 2 2 4 1 2 3 2 2 4 3 2 1 1 3 1 2 3 5 2 4 1 2 1 0 2 2 2 0 0 2 2 1 1 1 2 1 3 2 1 1 1 2 1 3 3 1 1 3 0 2 1 1 0 4 1 1 2 1 1 1 2 4 2 1 1 2 3 3 0 0 1 1 1 3 1 2 0 1 2 1 0 4 2 0 0 2 3 1 2 1 0 2 0 2 2 1 2 1 1 1 0 2 2 2 2 1 3 1 0 1 1 3 2 2 0 1 0 5 0 2 3 6 1 2 6 19 77
ATC_G 26 22 7 3 5 3 3 3 2 5 3 0 4 2 2 2 1 0 1 1 0 1 1 1 2 1 0 1 0 0 0 0 0 0 1 2 1 0 0 0 0 2 0 0 2 3 1 2 1 0 0 1 0 0 0 0 1 0 0 1 0 0 0 1 0 0 1 0 0 1 1 0 2 0 0 0 0 0 0 0 0 0 0 1 1 0 0 0 2 0 0 0 1 1 0 0 2 0 0 0 2 0 1 0 0 0 0 1 0 0 0 0 1 1 1 0 1 2 0 1 0 1 0 1 0 1 1 0 1 0 1 1 0 0 1 0 0 0 0 0 3 0 1 0 0 0 0 0 0 0 0 0 0 0 1 1 0 1 0 0 0 1 0 0 0 2 0 0 0 0 1 0 0 0 0 0 0 0 0 0 0 0 1 1 1 0 0 0 0 0 0 0 1 0 0 1 0 0 1 1 2 0 0 0 0 14
ATG_A 73 35 22 10 13 8 11 5 4 3 4 10 8 2 4 1 2 5 4 3 3 5 4 2 6 1 2 3 3 0 3 1 3 1 1 1 4 2 2 3 3 0 2 2 1 2 1 0 3 5 2 2 2 8 0 1 1 2 1 1 2 2 0 1 1 3 0 2 2 1 2 1 3 1 2 3 1 0 0 3 1 1 0 1 2 1 0 0 4 2 1 1 1 1 0 0 0 1 0 6 2 0 1 0 0 1 1 2 0 1 2 0 1 1 3 1 0 2 2 1 0 1 0 1 0 1 0 1 2 2 0 0 0 1 1 1 0 2 1 0 1 1 1 1 2 0 0 0 0 1 2 1 0 2 0 0 3 0 2 2 1 0 1 0 0 0 0 0 1 2 0 1 0 1 2 0 0 0 0 1 0 0 0 0 2 1 0 0 0 1 0 0 1 0 1 0 2 3 0 2 0 3 0 1 2 18
ATG_C 374 210 106 74 65 48 47 29 39 25 27 25 18 15 27 20 24 22 20 16 20 22 11 22 16 19 19 9 17 10 10 15 14 11 10 6 12 8 7 9 8 15 7 13 12 7 10 11 13 19 7 8 11 5 7 8 10 14 5 10 9 13 11 5 8 7 5 6 9 7 4 9 15 13 8 4 12 5 6 8 5 14 9 3 4 8 14 7 7 4 9 8 4 8 4 5 7 7 8 9 3 4 6 8 8 6 11 9 1 9 6 8 11 7 4 7 8 11 8 5 8 3 3 4 8 3 10 6 5 6 3 9 4 6 8 5 9 3 4 8 3 5 8 5 5 4 4 5 3 1 5 4 6 1 6 8 11 5 8 9 5 11 9 6 6 2 7 4 6 5 5 7 4 3 5 6 4 3 8 7 4 6 2 3 7 8 8 13 9 6 4 7 8 10 4 8 15 19 20 14 31 20 28 46 111 1321
ATG_G 59 36 18 13 7 9 10 4 9 7 2 5 4 2 1 3 1 3 2 3 3 2 1 3 0 5 4 0 1 3 2 2 1 3 1 1 0 1 0 0 3 1 0 6 2 6 0 3 1 1 1 3 1 1 3 0 0 0 1 1 1 2 3 3 3 3 0 1 0 0 0 1 1 3 2 2 0 1 3 1 0 2 0 0 3 0 2 1 1 1 0 1 0 0 1 1 1 0 3 1 1 1 1 0 2 1 1 0 1 0 0 2 0 0 1 1 1 2 0 0 0 1 0 1 0 1 0 0 2 0 0 1 0 1 0 1 1 0 2 3 0 0 0 0 1 1 0 2 0 2 1 0 1 1 0 1 1 0 0 0 0 0 1 0 0 0 1 1 0 2 0 0 0 0 1 0 2 0 0 0 1 0 0 1 0 0 1 1 0 0 1 0 1 1 2 0 0 1 3 2 4 2 0 3 5 23
ATT_A 58 35 12 9 7 4 3 3 7 6 7 6 5 5 4 5 0 3 3 4 3 3 3 1 2 3 3 5 1 2 1 0 2 0 2 0 4 5 0 1 1 2 1 0 1 3 1 0 4 1 1 1 1 0 0 0 0 1 0 0 1 1 2 2 2 1 1 4 2 2 2 4 1 1 2 1 1 1 1 4 0 1 1 0 0 1 0 2 0 1 0 2 1 0 3 1 0 0 0 0 0 2 2 0 0 1 1 1 1 0 0 1 1 0 0 0 1 0 2 0 0 0 1 1 1 2 1 2 0 1 0 1 0 0 0 2 2 0 0 0 1 0 0 0 0 0 1 0 1 0 1 0 2 0 0 0 2 0 1 1 0 2 1 0 0 1 0 0 1 1 1 0 0 0 1 0 1 0 2 2 0 0 0 0 1 1 1 0 0 1 1 0 0 0 1 2 2 0 0 0 2 4 1 4 4 35
ATT_C 284 161 93 39 51 37 35 32 26 13 25 24 21 21 14 7 18 27 12 8 16 16 8 18 7 9 10 6 10 12 5 8 6 9 6 8 6 12 4 10 4 5 10 6 9 12 5 10 11 6 6 14 5 4 5 3 5 5 6 1 8 6 8 5 13 10 4 9 8 8 2 9 10 2 5 4 8 2 3 7 3 5 6 3 4 6 4 2 5 5 4 3 5 5 3 5 0 1 4 2 9 4 8 7 2 0 2 1 3 2 2 2 3 3 7 4 5 2 4 3 1 0 3 3 5 3 2 3 4 5 7 2 4 1 2 4 0 3 3 2 5 3 1 5 0 2 1 6 1 3 3 3 3 2 1 0 2 4 3 3 3 2 3 3 3 2 1 4 6 0 1 3 2 3 6 1 1 6 2 1 2 3 3 4 1 4 2 7 1 4 0 2 3 4 2 2 5 4 5 2 1 5 9 13 17 108
ATT_G 44 23 9 8 2 4 5 4 5 4 6 3 2 5 2 3 1 2 3 0 2 2 1 1 1 1 2 1 2 2 4 3 2 0 3 2 1 1 2 0 1 2 1 1 1 0 1 2 0 2 3 0 0 3 2 0 1 1 2 1 2 0 0 0 2 2 1 1 0 0 2 1 1 0 0 1 0 0 0 0 0 3 1 0 2 0 0 0 1 0 1 0 0 2 2 1 0 0 0 0 0 0 1 0 0 0 0 2 1 1 0 1 2 0 1 0 0 0 1 0 0 0 0 3 1 0 1 0 1 0 1 0 1 0 1 1 0 0 0 0 0 3 0 3 0 0 0 0 0 0 0 2 0 1 0 0 0 1 0 0 1 1 0 1 0 0 1 1 0 0 0 0 1 0 0 0 0 0 1 1 0 1 1 0 0 0 0 0 0 1 1 0 0 0 1 0 1 2 0 1 2 2 0 3 0 18
CAA_C 67 29 23 5 12 11 4 6 3 8 5 2 4 4 5 1 2 1 1 1 4 3 3 4 0 0 4 1 0 1 2 3 3 0 2 1 1 3 2 3 2 4 0 2 2 3 2 3 1 0 5 3 0 0 2 5 3 0 0 1 1 3 1 1 1 1 2 2 1 2 3 2 2 0 1 0 0 0 3 3 1 0 2 3 2 2 2 0 1 0 1 1 0 0 1 0 1 2 1 0 1 2 2 0 2 0 2 1 1 1 1 0 1 2 1 4 1 1 1 2 1 0 4 1 0 1 2 0 1 2 1 0 1 0 1 1 0 2 0 0 1 0 0 1 0 0 0 1 0 1 0 0 2 2 1 0 0 1 1 1 1 0 0 0 0 1 1 0 0 2 0 2 1 0 1 1 0 0 0 1 1 0 0 2 2 1 0 1 1 0 2 0 0 1 0 1 3 0 1 4 1 2 0 2 8 28
CAA_G 127 64 43 34 19 16 17 10 19 9 6 6 10 10 8 6 7 9 7 4 3 7 3 2 7 3 7 1 5 3 6 6 7 2 4 3 4 2 5 6 4 1 2 5 4 1 5 4 5 6 2 3 6 9 4 6 3 2 3 3 2 3 1 2 7 7 3 3 4 7 0 1 3 18 3 6 6 4 2 4 1 4 2 1 1 3 2 4 1 5 3 3 1 1 4 1 3 1 3 1 7 2 2 1 2 3 1 0 5 2 3 1 4 2 3 1 4 1 4 0 1 4 3 2 2 2 3 1 4 6 3 2 3 3 3 2 3 4 1 0 0 3 1 7 3 1 5 2 4 3 1 3 1 1 4 2 3 1 3 2 3 1 3 0 2 3 3 2 3 1 3 2 1 1 1 4 3 3 4 1 1 2 4 4 1 5 5 5 6 3 4 3 4 5 3 5 5 5 1 11 14 2 16 24 38 540
CAA_T 23 15 8 8 3 1 6 3 1 1 1 4 1 2 1 3 1 1 1 0 1 1 1 0 0 1 2 1 0 1 0 0 0 1 0 1 1 0 1 2 1 0 0 0 1 1 1 0 0 2 0 3 0 1 1 1 0 1 0 0 1 1 0 1 1 0 0 0 0 1 0 0 1 1 0 2 0 0 3 0 0 1 0 0 0 0 1 0 0 0 1 0 0 0 0 1 1 0 1 0 0 0 1 0 0 1 0 0 0 1 1 0 0 0 0 0 0 0 1 0 0 0 0 0 1 0 0 1 0 1 0 0 0 0 0 2 0 0 0 1 0 2 0 0 0 1 1 0 0 1 0 0 0 0 0 0 0 1 0 0 1 0 0 0 0 1 0 0 0 0 0 0 0 0 0 1 0 0 0 1 0 0 0 1 0 0 0 0 1 0 0 0 0 1 0 0 0 0 0 1 0 0 1 1 0 9
CAC_C 109 52 18 23 10 7 10 8 8 4 5 2 3 4 2 3 3 3 4 1 4 1 2 2 2 0 4 2 0 2 4 3 1 3 3 1 3 3 0 2 4 0 0 1 2 2 2 2 3 3 1 1 4 0 0 3 1 1 2 4 0 2 1 1 3 2 3 0 2 1 1 1 1 0 0 4 1 2 2 4 4 1 1 0 1 3 1 0 0 1 4 2 0 0 1 1 1 0 3 0 1 1 0 1 2 0 0 3 0 1 1 3 1 1 0 1 1 0 1 3 1 3 1 1 1 2 1 1 1 1 0 1 1 1 1 3 0 1 1 1 3 1 1 2 2 0 1 0 0 1 1 0 1 0 1 0 0 0 0 0 0 3 1 0 0 1 0 1 0 0 0 0 0 1 0 2 2 0 0 1 0 0 1 1 0 4 1 0 2 1 1 1 1 0 3 1 1 2 2 1 2 2 1 1 4 31
CAC_G 210 99 76 40 29 33 28 21 22 19 17 12 11 11 13 7 15 4 9 11 9 18 7 13 7 10 9 8 9 7 12 10 6 7 8 6 15 7 9 5 8 3 11 5 11 9 5 3 6 8 5 7 4 12 12 4 7 7 3 6 3 4 5 1 6 3 2 4 3 6 4 5 8 10 9 4 4 4 1 3 4 5 8 5 2 7 4 4 5 4 4 6 3 2 1 3 2 6 2 6 3 5 1 1 6 8 5 5 3 6 4 6 2 3 0 6 1 2 8 2 3 4 1 2 6 6 4 4 5 4 7 3 5 5 7 2 2 2 3 1 3 6 3 6 6 6 4 4 4 5 3 8 3 3 8 2 5 2 3 4 4 2 1 2 7 4 5 6 3 3 1 5 1 8 1 8 3 2 3 4 2 5 6 5 5 5 5 7 2 5 8 5 7 6 8 8 10 10 10 13 6 18 23 36 66 952
CAC_T 44 24 19 4 18 9 4 5 5 3 6 2 5 4 1 1 4 4 0 1 1 5 3 3 3 1 1 3 4 1 2 2 2 1 1 2 0 0 3 0 1 2 0 2 1 2 1 2 1 1 2 0 0 1 2 2 4 1 0 2 1 1 2 1 1 1 0 0 1 0 0 2 1 2 0 2 0 0 1 1 0 0 0 0 1 3 1 0 0 2 0 1 1 1 0 2 0 0 0 0 1 1 0 0 0 1 0 1 4 0 0 0 2 0 1 0 0 1 1 0 0 0 0 1 0 0 1 0 0 0 0 0 3 0 0 1 3 0 0 0 0 0 0 1 0 0 0 0 1 1 0 1 0 2 0 0 0 0 0 1 2 1 1 0 0 1 0 1 0 0 1 1 1 1 0 0 0 0 0 0 0 2 0 0 1 1 0 0 0 0 0 0 1 1 2 1 1 1 1 1 0 0 1 1 1 16
CAG_C 81 50 30 19 8 17 10 8 11 5 5 4 4 6 1 4 4 4 0 0 5 6 2 1 2 4 4 2 4 1 3 0 4 3 3 2 3 0 1 2 2 4 2 1 2 2 2 2 3 4 2 2 1 3 3 1 1 1 0 3 1 1 2 4 3 2 3 0 0 0 0 0 2 3 2 3 3 1 0 0 0 0 2 0 0 0 2 0 0 0 1 0 1 0 2 0 2 0 0 3 2 1 0 1 0 0 1 3 0 0 1 0 1 3 2 0 1 1 2 1 1 0 2 0 1 6 0 1 1 3 1 1 0 1 1 0 1 1 1 1 1 0 0 2 2 1 0 1 1 1 0 1 0 1 0 0 1 1 1 1 1 0 0 0 0 0 2 3 1 0 0 0 0 0 1 0 2 1 0 4 1 2 1 0 0 0 0 1 2 0 0 0 0 0 0 0 2 0 0 0 2 0 0 1 2 23
CAG_G 283 147 94 68 49 46 42 19 22 23 11 26 23 18 12 17 16 15 22 13 14 14 9 12 13 10 8 7 9 10 10 10 9 8 11 9 15 9 5 9 7 6 7 11 7 18 6 6 8 11 14 7 9 5 11 10 2 6 9 11 8 5 8 6 10 7 8 12 5 6 7 8 8 7 3 10 7 5 7 5 9 7 5 6 6 8 4 8 6 8 3 6 2 5 8 7 7 7 4 5 7 3 6 4 2 1 6 9 4 1 3 6 5 8 5 5 2 3 4 16 9 6 3 9 3 4 4 7 3 5 4 12 9 5 7 8 7 6 4 7 3 5 5 4 3 5 5 5 13 3 7 3 7 4 10 4 6 1 6 6 6 4 8 4 3 6 3 7 6 5 9 0 4 5 7 4 6 4 1 9 4 7 7 9 4 14 4 8 4 8 7 8 11 9 7 7 11 15 22 14 25 25 25 44 95 1231
CAG_T 48 31 18 8 7 7 8 6 9 3 3 2 2 3 7 2 6 3 2 3 2 5 2 3 2 1 4 1 1 1 1 0 5 1 1 6 1 2 0 1 2 1 2 1 0 0 2 0 2 0 3 3 1 2 0 0 1 2 0 0 1 1 2 0 1 0 1 1 1 2 0 0 2 0 1 2 0 0 0 0 0 4 1 1 0 1 1 0 1 4 0 0 1 1 1 0 0 0 2 1 1 1 1 0 0 0 2 1 1 0 2 0 0 0 0 0 0 0 0 0 1 0 0 0 1 1 1 2 2 0 2 1 0 0 0 1 1 0 0 0 0 0 0 0 1 0 0 0 0 0 0 0 1 0 1 0 0 0 0 0 0 2 2 0 0 1 0 0 0 1 1 1 0 0 0 0 1 0 1 1 0 1 2 0 0 1 1 1 0 0 0 1 0 0 0 0 1 1 0 1 0 0 2 4 3 15
CAT_C 61 27 16 9 10 9 6 4 7 4 8 5 10 7 4 4 2 8 2 3 3 2 0 0 4 2 4 4 2 1 2 2 2 3 3 2 3 0 2 1 1 2 5 0 1 0 1 1 2 3 0 3 0 1 1 2 1 1 0 1 2 3 0 1 1 0 1 2 0 2 1 1 2 3 2 1 0 0 1 1 1 0 2 0 2 0 0 2 0 2 1 3 0 2 0 2 1 0 2 0 3 2 0 1 1 1 0 1 0 0 1 0 2 3 2 2 0 3 2 1 1 1 5 0 1 0 0 1 1 1 1 1 0 1 2 1 1 3 1 0 1 0 1 1 1 0 0 2 2 2 0 0 0 1 1 0 0 1 0 0 2 1 1 1 0 0 1 2 1 0 0 0 0 1 1 1 1 0 1 0 1 1 1 1 2 0 0 1 2 2 0 1 2 0 0 2 0 1 0 1 2 1 1 1 2 13
CAT_G 366 211 129 71 55 58 46 31 27 26 21 19 25 13 17 21 16 23 20 14 23 10 20 22 13 12 11 8 11 2 10 5 15 9 12 13 12 9 11 5 12 6 13 14 15 15 16 12 10 9 15 17 9 20 5 11 6 11 12 13 5 9 12 3 7 8 6 5 8 10 8 7 8 13 13 13 9 7 4 13 12 7 6 4 4 10 9 6 9 7 4 3 7 3 5 8 10 7 6 5 7 3 7 6 4 8 4 8 6 12 5 6 5 5 6 10 7 8 5 10 7 9 3 10 6 6 4 5 7 8 2 4 4 7 7 6 4 4 6 3 4 5 2 3 5 13 6 5 7 5 6 5 4 4 2 3 5 12 5 7 6 5 3 11 7 5 5 6 14 5 6 3 9 4 5 6 6 6 7 10 10 9 4 7 10 13 10 9 8 9 10 12 13 10 7 5 12 15 13 17 22 15 36 59 114 1350
CAT_T 65 40 28 11 8 11 13 8 6 5 8 2 5 5 4 2 7 2 2 3 4 3 0 2 3 6 1 2 2 4 3 1 3 1 3 0 2 5 4 1 1 3 3 2 4 4 3 1 5 4 1 2 2 2 1 1 0 0 2 1 0 2 2 1 2 4 4 0 0 1 0 2 3 3 1 1 1 2 0 2 1 1 0 0 0 0 1 2 1 0 1 0 2 0 1 3 2 0 0 0 0 0 1 0 4 2 1 0 0 0 1 0 1 0 0 1 0 1 0 1 0 0 0 1 1 1 0 1 0 1 0 2 0 0 1 0 0 0 0 2 0 0 0 1 0 0 1 0 1 2 0 1 1 0 0 1 0 0 1 0 0 1 1 1 2 1 1 0 0 1 1 0 0 3 2 1 1 0 0 1 1 1 1 0 2 1 1 0 1 0 0 2 0 1 1 0 4 0 1 0 1 1 2 0 2 19
CCA_A 82 48 23 19 16 16 14 2 5 7 6 2 4 4 7 1 2 5 7 3 2 2 1 0 2 3 5 5 4 1 2 0 0 0 1 3 5 0 1 0 0 2 1 3 1 1 2 3 5 0 0 3 3 3 0 3 1 0 0 0 2 0 6 2 0 2 1 1 2 1 0 1 1 0 0 2 0 1 0 1 1 2 1 0 2 0 2 1 0 1 2 4 1 1 0 0 0 1 0 1 0 2 2 0 3 0 0 0 0 1 3 0 3 1 2 1 1 0 0 1 1 0 2 2 1 0 2 1 0 0 1 0 3 0 1 0 0 0 0 0 0 2 1 1 0 0 0 1 1 1 1 0 0 2 1 1 0 1 0 0 0 0 0 0 1 0 0 0 0 0 0 0 2 1 0 0 1 0 1 0 0 2 0 1 1 1 1 0 1 0 2 0 0 1 1 1 0 1 0 0 1 0 0 1 5 34
CCA_G 67 49 29 18 14 18 7 5 7 7 1 3 4 5 6 6 2 5 5 3 1 1 4 1 4 0 2 2 0 2 1 0 3 1 3 2 4 2 1 1 1 2 3 1 2 2 3 2 0 1 3 2 1 4 3 4 1 1 0 6 0 3 3 1 0 1 3 4 0 0 3 3 0 0 2 0 1 1 0 2 1 2 0 1 2 3 1 1 0 2 1 1 0 0 0 2 1 2 2 0 0 0 0 2 1 2 0 0 0 0 1 1 0 2 0 2 1 3 3 2 2 0 1 0 2 1 0 0 0 1 1 1 0 1 0 1 1 1 1 1 1 0 2 0 0 0 1 1 1 1 1 0 0 0 0 2 0 2 0 1 0 2 0 1 1 0 0 3 1 1 1 2 1 4 2 1 2 1 0 0 1 0 1 0 1 2 1 1 2 0 0 0 1 0 0 2 0 0 2 2 2 1 5 0 7 25
CCA_T 328 164 101 62 55 56 34 30 24 22 17 21 16 24 16 19 20 17 12 17 12 17 16 12 11 10 6 12 9 11 8 8 6 5 5 6 10 9 9 4 10 6 7 5 13 13 13 12 8 7 6 11 7 5 5 7 4 5 4 4 7 9 8 8 5 6 6 5 4 2 2 6 2 7 7 8 6 2 4 4 5 8 6 4 5 3 4 6 2 3 4 2 4 2 1 3 5 7 4 2 5 5 3 4 4 3 1 3 2 3 5 2 2 1 3 3 4 3 3 1 3 1 5 5 3 4 5 2 2 2 4 2 3 5 4 3 4 6 1 2 0 3 7 5 4 1 2 4 3 2 2 2 1 1 2 3 0 3 1 3 2 1 5 2 3 3 3 1 4 2 3 3 1 2 1 4 0 4 1 1 4 2 2 3 0 8 2 0 2 4 2 4 2 1 5 0 2 3 4 9 3 4 7 7 5 88
CCC_A 119 52 24 18 21 17 9 10 11 5 4 9 1 3 3 2 9 5 3 7 3 3 5 3 1 4 3 2 1 2 1 2 4 1 2 3 1 2 2 4 4 3 4 2 5 5 3 0 2 2 1 4 1 4 2 1 2 4 1 0 0 3 2 2 1 1 4 1 1 2 2 0 1 6 3 0 5 1 1 4 2 0 2 2 1 1 1 5 4 3 1 4 0 1 4 1 2 3 2 1 4 0 2 1 1 2 1 2 2 1 3 2 0 1 1 0 1 0 2 0 0 0 0 0 2 0 3 3 0 2 2 1 2 0 1 1 1 1 2 1 0 3 0 1 0 0 0 0 1 1 0 1 2 1 0 4 1 2 1 0 1 0 0 2 1 1 3 0 3 0 0 0 1 1 1 1 1 0 1 1 0 1 0 2 2 1 0 1 0 1 1 2 0 1 0 2 0 0 1 2 0 0 2 1 2 28
CCC_G 144 83 43 31 30 16 16 8 9 9 8 8 10 7 9 1 7 5 3 6 6 8 2 10 5 7 6 5 1 3 4 5 3 2 4 2 2 4 0 4 4 0 4 3 3 5 0 5 0 1 5 3 3 3 0 1 2 1 5 1 0 4 2 1 0 0 4 4 1 1 0 2 2 3 3 3 1 1 2 3 2 2 3 1 1 3 2 2 0 1 2 2 2 0 1 0 1 2 2 5 2 2 3 0 1 4 1 1 1 2 1 1 2 1 1 0 3 3 1 3 2 0 3 2 1 2 1 1 3 0 5 0 0 1 1 5 0 1 3 2 2 2 0 0 2 1 3 0 1 1 0 0 1 1 1 0 1 1 0 1 1 0 0 2 0 0 0 2 2 2 2 3 2 2 0 1 1 1 0 0 1 0 0 1 0 1 3 1 0 0 1 0 0 4 0 1 0 2 1 2 3 0 2 1 4 34
CCC_T 354 205 118 72 56 45 43 46 32 30 26 27 29 24 21 12 12 24 13 11 15 10 11 15 10 6 21 6 12 8 10 10 11 12 3 7 12 14 12 6 6 8 6 8 15 11 11 7 10 7 5 6 11 9 7 4 8 5 6 3 5 5 4 7 3 13 8 6 6 7 1 7 6 9 12 9 8 2 3 6 4 9 4 6 10 6 5 4 3 2 4 5 3 7 3 4 4 6 4 5 5 8 6 4 4 7 1 2 3 3 0 4 6 3 3 8 4 2 3 3 1 2 0 3 1 4 4 2 3 4 4 2 1 8 3 2 5 1 4 6 4 4 1 6 5 4 3 2 5 5 2 8 4 3 7 4 1 2 3 7 2 3 3 0 3 2 0 5 1 3 6 0 0 1 0 5 5 3 2 2 2 2 3 0 3 5 1 4 0 2 3 3 3 0 4 3 2 0 4 4 7 5 5 6 15 100
CCG_A 37 20 16 8 5 4 6 2 3 3 2 1 5 1 2 0 3 3 2 2 3 1 2 2 7 1 0 1 2 1 2 0 1 1 0 0 1 1 0 0 1 4 2 1 0 2 2 2 2 0 1 1 0 2 1 1 1 1 0 2 1 0 1 1 1 1 1 0 1 0 2 2 2 0 0 1 1 1 0 2 2 1 0 0 0 0 1 2 0 0 0 0 0 0 0 1 0 1 1 1 1 0 1 0 1 0 0 0 0 0 1 0 1 0 0 0 0 0 1 1 1 2 0 1 1 0 0 1 1 0 0 0 2 1 0 1 1 1 1 0 0 0 0 0 0 0 0 1 0 0 0 0 0 0 0 0 1 1 1 1 0 0 1 0 1 0 1 1 0 0 0 2 0 2 0 0 1 1 0 0 1 0 0 0 1 0 3 2 0 0 1 0 0 0 1 0 2 0 0 1 0 0 0 3 2 13
CCG_G 63 27 23 13 8 13 7 6 10 3 1 5 3 1 1 2 0 2 3 3 3 3 3 3 1 3 0 0 2 1 2 1 4 0 1 1 1 1 1 3 3 1 1 1 3 1 0 2 2 1 1 3 0 2 0 1 0 1 0 3 1 1 2 0 1 1 1 1 0 0 3 1 2 2 2 0 2 1 1 2 1 0 2 0 3 1 0 1 0 1 2 0 0 0 2 0 2 0 0 1 2 0 1 4 1 2 0 1 4 0 0 0 1 1 1 0 1 1 1 2 0 0 0 1 0 1 1 1 0 1 0 0 0 1 0 0 0 1 0 1 1 0 0 1 2 0 1 1 0 1 0 1 0 0 0 0 1 1 1 0 0 0 0 0 1 0 1 0 1 0 0 0 1 0 0 0 0 0 0 0 1 0 0 1 1 2 3 0 1 2 0 1 2 1 0 0 0 0 1 0 1 0 0 0 2 16
CCG_T 1149 530 335 180 173 141 121 91 85 72 67 54 62 57 54 40 47 35 39 40 29 33 21 39 26 29 21 26 33 23 30 34 27 20 29 27 30 15 20 24 31 24 25 18 22 38 15 22 32 17 22 27 28 22 6 17 20 16 20 10 11 18 15 13 17 20 19 22 17 21 17 14 15 20 13 27 18 13 13 13 17 11 12 8 13 14 17 14 16 11 7 12 7 8 18 7 11 13 5 12 13 18 14 8 7 11 7 8 6 10 8 12 5 3 12 6 8 5 14 8 6 9 7 9 17 7 7 8 14 15 14 9 9 7 4 6 9 14 9 5 15 14 7 15 9 10 3 9 8 21 3 9 7 4 12 6 8 11 6 3 6 6 6 5 6 6 9 10 3 7 4 4 5 5 3 9 11 6 4 6 3 10 5 9 4 5 7 10 6 6 9 4 5 11 10 6 10 5 10 15 17 11 22 28 33 277
CCT_A 65 27 18 17 10 7 8 7 7 6 7 2 2 5 3 0 7 1 2 3 4 4 3 2 0 1 3 0 1 1 3 2 1 2 3 1 2 1 0 1 1 2 4 2 1 3 2 1 1 1 1 2 1 1 1 2 1 0 3 1 0 2 1 2 1 0 1 1 1 1 1 1 0 2 2 4 1 1 1 2 0 0 0 1 1 1 2 0 2 1 0 2 0 2 0 0 1 3 2 0 1 0 1 0 1 0 0 1 0 0 1 1 0 2 0 0 1 0 1 1 0 1 1 2 1 0 1 1 1 0 0 1 0 1 0 0 1 0 0 0 0 1 1 0 1 0 0 0 2 0 2 0 1 1 1 1 0 0 0 0 0 0 3 1 3 1 0 3 0 1 3 2 1 0 0 1 1 0 0 0 0 0 0 2 1 1 1 2 0 1 1 1 1 1 0 0 1 0 3 3 2 0 0 0 2 26
CCT_G 124 66 36 24 24 19 14 9 9 6 6 12 12 7 4 5 6 9 5 4 8 4 2 3 4 7 3 6 2 2 3 6 1 5 3 2 2 2 2 3 1 4 4 2 3 3 4 1 3 0 5 4 5 2 0 3 3 1 2 3 1 4 1 2 1 4 1 1 5 5 2 6 0 0 0 2 1 1 1 2 2 3 1 2 2 4 1 1 4 1 1 3 0 1 1 0 1 2 0 0 2 1 2 0 0 2 1 0 0 0 1 1 3 0 1 2 3 2 4 0 0 0 2 2 1 2 1 1 2 5 2 2 0 0 1 0 1 1 2 1 1 1 1 0 0 2 1 1 1 1 0 3 3 1 4 1 0 1 2 1 0 3 1 1 0 0 0 0 0 0 2 0 0 0 0 1 1 0 0 1 2 1 0 2 0 0 0 1 0 2 1 1 1 0 1 1 1 0 4 1 1 1 2 4 3 37
CCT_T 372 184 97 79 75 56 41 33 40 25 20 21 33 22 31 17 24 17 7 21 11 16 11 15 14 15 10 13 4 9 14 9 11 5 10 9 19 8 6 13 5 2 9 9 8 9 9 9 12 3 6 6 7 2 5 11 10 7 11 6 11 6 6 8 12 5 10 6 7 8 8 7 9 5 10 8 15 5 4 4 7 6 8 6 7 3 6 6 10 3 4 2 6 4 5 1 5 2 4 4 2 3 2 1 4 6 4 4 7 4 6 7 8 2 1 0 7 4 4 8 4 4 6 3 3 9 2 1 3 3 1 9 4 4 2 4 4 1 8 6 3 6 4 4 2 2 4 2 7 3 2 2 5 2 1 5 4 3 2 2 3 6 3 4 3 0 0 4 4 5 5 0 4 1 2 0 6 4 4 4 1 1 3 3 6 2 4 3 7 5 3 4 5 4 5 5 1 1 6 4 8 4 3 5 9 103
CGA_A 579 259 158 108 90 75 63 49 51 36 34 38 34 28 25 19 30 25 27 23 19 25 23 18 10 19 13 21 13 16 18 15 10 8 17 14 17 20 17 13 9 15 8 10 13 15 9 20 19 6 7 13 14 22 6 7 7 12 3 11 5 6 6 14 11 9 15 7 11 6 6 10 12 13 11 13 11 5 8 6 6 5 12 5 7 10 6 4 3 7 8 5 2 17 9 9 3 5 5 10 4 7 8 4 6 9 5 5 3 4 6 6 5 2 2 2 5 7 7 8 4 6 2 8 12 5 5 7 6 11 7 7 4 3 2 4 1 1 4 3 6 5 3 2 4 4 6 5 2 5 4 2 6 3 5 2 6 5 0 4 4 3 2 3 2 2 3 3 2 4 3 4 4 4 2 0 5 5 1 4 2 6 4 3 3 1 6 6 4 2 5 6 5 3 0 2 5 5 7 11 14 7 7 12 12 139
CGA_C 42 17 16 11 5 7 5 2 1 3 1 3 2 2 3 3 2 0 1 1 4 2 0 1 1 0 2 0 0 0 1 1 0 1 0 0 2 0 2 1 0 0 2 0 1 2 1 1 0 1 1 2 2 0 0 0 1 2 1 0 1 1 2 2 2 1 1 0 0 1 0 1 1 0 0 2 0 0 1 1 1 0 0 0 0 0 0 1 2 1 1 0 0 0 1 0 1 3 0 0 0 0 0 0 1 1 0 2 0 2 0 0 0 0 0 0 0 2 0 1 0 0 1 0 0 1 1 0 0 1 0 0 0 1 1 1 2 0 0 1 2 1 1 0 0 0 0 1 0 0 2 0 1 0 0 0 0 0 2 0 0 0 0 1 1 0 0 1 0 1 0 0 1 0 0 0 0 0 0 0 2 0 0 0 2 0 0 0 0 0 0 0 0 0 0 1 1 1 1 1 4 1 1 1 4 17
CGA_T 22 13 11 3 6 3 3 2 3 1 1 1 2 1 3 1 1 2 1 1 4 0 0 0 2 2 0 2 2 1 0 0 0 0 1 0 2 2 0 1 3 0 2 1 1 1 0 2 1 1 0 1 2 1 0 0 1 0 0 0 1 2 1 0 1 0 1 1 0 0 0 0 2 2 1 1 1 0 0 1 0 1 0 0 1 3 3 0 0 0 0 0 1 0 0 0 0 2 1 2 0 0 0 0 0 1 1 1 0 0 0 2 0 0 1 1 0 0 1 0 0 0 1 0 0 1 0 0 0 0 0 0 1 3 0 0 0 0 0 0 2 0 0 1 0 0 0 0 0 1 0 1 0 0 1 0 0 0 1 0 1 0 0 0 1 0 0 0 0 0 0 0 0 0 1 0 0 0 1 1 0 0 0 0 0 0 1 1 0 0 1 0 0 0 0 0 0 0 1 0 0 0 0 3 0 12
CGC_A 921 407 246 149 135 94 89 75 73 50 49 38 49 45 47 40 41 45 28 34 27 28 26 26 30 32 17 13 18 29 34 28 24 25 24 16 24 24 22 17 16 16 17 14 25 27 16 12 26 14 18 18 18 17 7 21 15 19 12 12 8 16 15 11 13 16 15 9 9 15 12 16 21 16 12 20 17 10 12 7 16 13 13 8 7 11 11 8 19 9 11 12 8 7 11 3 14 17 8 7 12 8 13 7 6 12 12 11 5 6 4 9 12 3 11 8 9 4 10 2 8 7 8 13 6 9 9 2 12 4 4 7 6 8 5 6 3 9 7 6 7 6 5 6 5 5 10 8 4 7 2 3 5 4 8 6 5 6 6 6 3 0 7 2 7 2 5 11 6 6 3 5 5 3 7 3 10 8 2 5 6 3 8 3 0 6 5 5 4 6 8 4 4 4 3 6 11 7 8 9 10 10 10 19 15 201
CGC_C 24 18 7 2 4 3 5 1 2 3 2 2 2 1 1 2 2 2 1 3 1 1 1 0 0 2 1 0 2 1 1 2 5 1 0 1 2 2 1 0 2 0 1 2 2 0 1 1 0 2 0 1 0 0 1 3 1 0 1 2 1 0 0 2 1 2 0 1 0 1 0 0 1 0 0 0 0 1 2 0 0 0 0 0 0 2 1 1 0 0 1 1 1 2 0 1 0 1 1 0 0 1 1 1 0 0 0 1 1 1 0 0 0 0 1 0 0 0 0 0 0 0 0 1 0 0 1 1 2 0 2 0 0 0 0 1 0 0 0 0 1 0 0 0 1 0 0 0 0 0 0 1 0 0 1 0 0 0 1 0 0 1 0 1 0 0 1 0 1 0 0 0 0 0 0 2 0 0 0 0 0 0 0 0 0 0 1 0 0 0 1 1 0 0 0 0 0 0 0 0 1 1 0 0 0 18
CGC_T 52 33 26 15 10 10 4 5 3 1 7 3 8 1 2 1 5 4 1 3 5 2 1 3 1 3 1 2 0 1 1 3 0 2 0 2 0 2 1 3 1 2 4 0 0 1 3 1 1 2 1 5 1 3 2 2 0 0 4 2 0 1 2 1 2 0 3 1 1 0 0 1 2 0 0 1 0 2 2 0 0 2 0 1 1 1 0 1 0 0 0 0 1 0 1 0 0 0 0 1 1 0 1 0 1 1 1 0 0 1 0 0 0 0 1 0 0 1 0 0 2 0 0 0 0 2 2 1 0 0 1 0 2 2 1 0 0 1 0 0 0 1 1 0 0 0 1 1 0 3 1 0 0 2 0 1 1 1 0 2 1 0 0 1 0 0 0 0 2 1 1 1 0 0 0 0 2 0 1 1 1 0 0 0 1 0 2 1 1 0 1 1 0 0 0 0 1 0 0 0 0 1 2 1 6 17
CGG_A 1175 577 307 187 167 113 115 74 97 65 76 69 56 61 51 38 51 55 46 47 31 37 26 44 22 43 24 28 35 29 28 23 31 23 26 26 39 33 26 19 20 18 29 17 25 23 26 32 30 9 8 20 24 25 9 14 12 18 17 11 7 16 8 14 15 20 24 20 23 15 23 16 17 21 17 12 16 15 19 18 13 14 13 12 23 15 11 12 12 9 7 13 9 10 6 12 9 13 5 8 17 10 17 8 11 13 13 8 13 8 9 9 13 7 9 4 19 10 10 15 12 3 8 15 10 5 10 10 6 10 8 14 4 8 8 6 10 8 7 8 7 10 4 6 6 6 4 12 7 9 6 11 6 8 4 4 5 11 11 4 5 6 5 7 5 6 6 6 7 7 6 9 4 7 8 7 12 11 13 7 4 8 3 8 6 8 9 9 11 2 4 6 8 10 7 5 18 11 16 11 13 8 11 16 21 275
CGG_C 41 37 17 11 7 8 5 0 4 2 5 1 3 6 0 1 1 4 1 1 3 3 2 3 2 1 2 3 1 1 3 4 4 0 1 3 0 1 5 3 2 2 0 0 1 0 3 2 0 0 2 0 1 1 1 1 0 1 0 1 3 2 1 1 0 2 2 0 1 0 1 1 0 1 2 2 0 2 1 0 1 2 0 2 1 2 1 0 0 2 0 2 1 1 2 1 0 1 0 1 1 0 0 1 0 0 0 0 0 0 0 0 0 0 0 0 1 0 0 2 0 1 2 0 4 2 1 2 1 1 0 0 2 2 0 1 0 0 2 0 0 1 0 0 0 0 0 1 0 1 0 2 0 0 1 0 0 2 0 2 2 0 0 1 0 2 1 0 1 1 0 0 1 1 3 0 1 0 0 0 1 1 0 1 0 1 1 0 0 1 0 1 0 0 0 0 0 1 0 2 1 1 1 2 1 19
CGG_T 51 24 10 9 4 7 5 3 5 1 3 1 4 3 4 3 4 3 1 0 1 0 1 5 2 5 2 1 1 1 1 3 0 1 2 0 0 0 1 1 0 1 0 2 2 2 1 0 1 0 1 1 1 1 1 2 0 0 2 3 2 0 0 2 1 2 1 0 1 1 3 0 0 3 0 2 2 0 2 0 0 0 0 0 0 0 0 1 0 1 0 1 0 1 2 0 0 0 0 0 0 0 1 1 0 1 1 0 0 1 1 1 1 1 0 0 1 1 0 1 0 0 1 0 0 0 0 0 1 2 0 0 1 0 1 0 0 0 1 2 0 0 0 2 0 0 0 0 1 0 0 0 0 0 0 0 0 0 1 1 0 0 0 1 0 1 1 1 0 0 0 1 0 1 0 0 0 1 0 0 0 2 0 0 0 2 0 0 0 0 1 0 1 0 2 0 0 0 1 0 1 1 1 0 2 17
CGT_A 957 428 258 156 115 114 112 71 70 56 58 42 60 40 39 42 27 33 41 35 34 29 27 28 31 25 34 26 20 22 23 29 23 22 20 24 16 23 25 15 19 20 16 19 19 16 10 13 22 16 18 23 15 16 10 12 11 15 12 12 18 14 14 18 14 25 21 15 11 13 11 10 18 17 12 21 10 14 9 8 9 21 15 12 9 16 12 12 10 11 6 10 8 10 8 16 11 7 7 10 10 9 12 6 11 11 6 11 7 5 9 9 11 6 4 9 9 7 12 9 4 9 8 13 6 10 5 5 8 8 7 9 8 6 7 4 5 6 4 6 6 8 12 10 5 4 9 4 4 13 2 5 2 16 4 4 3 5 4 3 3 3 2 6 5 3 5 9 12 8 4 7 3 5 4 1 7 8 4 8 3 3 2 10 4 5 6 8 9 3 6 8 10 8 10 6 16 6 8 7 12 11 14 19 37 296
CGT_C 32 17 6 7 11 4 8 4 1 4 3 2 2 5 1 2 2 1 3 0 2 1 2 4 1 0 2 0 0 3 2 1 0 0 0 0 0 1 0 0 1 1 0 1 2 1 1 1 1 1 1 2 0 0 0 0 1 0 2 0 1 1 0 0 1 0 2 2 0 0 0 0 0 0 0 1 0 0 1 1 0 0 0 1 1 0 0 4 3 1 0 0 0 1 0 0 2 0 0 0 0 1 1 1 0 0 0 0 0 1 0 0 0 1 0 1 1 0 1 0 0 0 0 2 0 2 1 1 1 0 0 2 0 0 0 0 0 0 0 1 0 0 0 0 0 0 0 0 0 0 0 1 0 1 1 0 0 0 0 1 0 1 0 0 0 1 0 2 0 0 1 0 0 0 1 0 0 2 0 2 0 1 0 1 1 2 0 2 1 0 0 0 1 0 1 0 1 0 1 0 0 1 1 0 1 29
CGT_T 31 19 6 6 4 5 4 3 6 4 0 3 5 1 4 1 1 0 4 2 1 3 1 1 0 1 1 1 2 0 0 1 1 1 0 1 2 0 0 0 1 0 1 2 2 1 1 0 1 0 0 0 0 2 3 0 0 0 1 0 0 0 2 0 0 0 0 0 1 0 1 2 1 2 2 0 0 0 0 2 3 0 0 2 1 3 1 0 0 1 1 1 2 0 0 0 3 2 0 0 1 0 4 1 0 0 0 1 1 2 0 1 0 0 0 0 0 0 0 2 0 0 0 2 0 2 3 0 1 1 1 1 0 0 1 0 1 0 0 1 1 0 0 0 1 0 0 0 0 0 0 0 0 0 0 0 0 0 0 0 0 0 0 0 2 1 0 0 0 0 0 0 0 1 1 0 0 0 0 0 0 0 0 0 0 2 0 0 0 1 0 0 0 0 0 0 1 0 0 0 0 2 0 0 4 15
CTA_A 17 5 3 8 5 3 3 2 4 3 3 2 1 2 1 0 0 2 0 1 0 2 0 1 0 0 0 1 2 0 1 0 0 0 0 1 0 2 0 2 0 0 0 0 0 1 0 2 0 0 0 0 1 1 1 1 0 0 0 0 1 0 1 0 1 0 0 0 0 0 0 0 0 1 0 0 0 1 0 0 0 0 1 0 1 0 1 0 0 0 0 0 0 0 1 0 1 1 0 0 2 0 0 0 0 1 0 0 1 0 0 0 0 0 0 0 0 1 0 1 0 0 0 0 0 0 0 0 0 0 0 0 0 0 0 0 0 0 0 1 0 1 0 1 0 0 0 0 0 0 0 0 0 1 0 1 0 0 0 0 0 0 0 0 0 1 0 1 0 0 0 0 0 0 1 0 0 0 1 0 0 0 0 0 0 0 0 0 0 0 0 0 1 0 0 0 0 1 0 0 0 0 0 0 1 12
CTA_C 104 57 38 28 22 18 16 10 4 5 3 8 8 7 5 4 5 5 7 3 10 4 9 4 4 5 7 7 5 4 3 3 4 1 1 7 3 4 5 5 5 4 4 1 3 3 2 5 2 2 5 3 3 0 1 4 1 4 2 2 3 1 3 1 2 3 2 3 2 5 2 3 1 1 1 2 0 2 4 3 3 3 0 2 3 4 2 2 4 3 2 0 2 2 0 0 3 2 0 3 4 0 1 0 1 0 1 3 0 4 1 1 2 1 1 4 1 2 4 4 2 1 1 2 0 0 1 1 2 2 0 0 1 1 0 0 0 2 2 1 0 3 2 0 3 0 2 1 0 0 1 1 1 2 3 2 3 0 2 0 0 2 2 2 1 1 4 0 0 1 0 1 1 0 1 1 2 0 1 1 0 1 2 3 2 1 1 2 0 0 3 1 4 1 1 2 1 1 2 1 1 1 5 3 7 73
CTA_G 17 10 7 4 1 1 2 1 0 1 2 0 3 0 2 2 2 1 0 2 0 1 0 1 2 1 2 1 1 0 2 1 0 0 0 0 1 1 0 0 0 1 1 2 3 0 2 0 2 0 0 0 0 0 0 1 1 0 0 0 0 0 0 0 0 0 1 1 0 0 0 0 0 2 1 0 1 1 1 1 1 1 0 0 0 0 0 1 0 0 1 0 0 1 0 0 0 2 1 0 1 0 0 0 2 0 2 0 0 1 0 0 0 0 0 0 0 1 1 0 0 1 0 1 0 0 0 1 0 0 0 0 1 0 0 0 0 1 0 0 2 0 0 1 0 0 1 0 0 2 0 0 0 1 0 1 1 0 0 0 0 1 1 0 0 1 0 0 1 0 0 0 0 0 1 1 0 0 0 0 1 1 1 0 0 0 0 0 0 0 0 1 0 0 1 0 2 0 0 0 2 1 0 0 1 13
CTC_A 42 18 19 10 4 6 5 4 4 1 7 2 4 1 0 0 3 2 4 3 0 0 5 1 5 1 2 2 0 2 0 1 1 1 2 1 2 0 1 1 0 0 1 0 1 3 0 1 3 1 0 2 0 2 0 0 0 0 0 0 0 1 0 3 1 1 3 0 0 0 1 0 1 2 2 1 1 1 0 2 0 2 1 0 0 0 0 1 1 0 0 0 1 0 0 0 1 0 0 1 0 1 1 1 0 0 0 2 0 1 0 0 0 0 0 1 1 0 0 0 0 1 1 0 0 0 0 0 0 0 2 1 1 0 0 1 2 0 1 0 2 1 1 0 0 0 0 1 0 1 0 0 1 1 0 1 0 0 0 0 0 0 0 0 2 0 1 1 0 3 2 0 0 1 0 0 0 0 1 1 1 0 0 1 1 0 0 0 2 0 0 0 0 1 2 0 1 0 0 0 0 1 0 2 1 13
CTC_C 138 67 31 27 23 24 19 17 17 9 7 5 11 5 5 5 6 7 6 4 2 3 4 7 3 7 3 6 3 8 2 1 3 4 3 7 1 3 1 2 4 5 4 1 4 4 4 3 3 0 4 2 1 6 2 4 2 2 3 2 2 6 2 1 2 4 4 4 1 1 0 2 1 3 3 8 4 3 2 2 2 4 3 3 3 0 3 2 3 3 1 2 2 0 2 2 3 0 2 5 1 1 3 4 3 1 3 1 0 2 1 2 1 0 0 0 1 2 2 4 1 2 2 2 3 1 4 6 0 3 2 3 2 0 1 3 1 2 2 2 0 5 2 3 2 1 5 0 2 5 2 1 2 0 1 2 2 5 0 3 2 2 3 2 1 2 0 4 0 2 0 1 1 1 0 1 1 0 0 3 2 0 2 2 1 0 1 1 2 0 0 2 2 2 2 1 1 1 1 3 1 3 4 9 7 87
CTC_G 58 28 19 13 9 9 10 5 3 4 4 11 7 5 3 3 4 2 3 1 4 4 2 1 1 2 0 1 0 2 2 2 1 2 2 0 4 2 2 2 2 1 3 0 0 3 0 1 2 2 1 2 2 3 1 0 0 0 1 1 1 2 0 3 1 2 1 2 2 0 1 0 1 2 1 1 1 0 0 0 0 3 0 0 0 0 1 1 1 0 2 2 1 1 1 0 0 2 0 1 2 0 1 1 0 1 0 0 1 0 0 2 1 0 0 1 0 1 0 1 0 0 1 0 0 0 2 0 0 0 0 0 1 0 2 2 0 1 1 0 0 0 0 1 0 1 0 0 3 1 0 1 1 0 0 1 1 0 0 1 0 0 0 3 1 1 1 1 0 1 1 0 0 0 0 1 0 0 0 0 0 2 0 2 1 0 1 0 1 0 1 1 1 1 1 1 0 1 1 0 4 1 1 0 1 21
CTG_A 46 25 22 11 10 13 3 8 2 6 0 1 8 6 2 2 4 3 2 2 1 2 1 4 0 0 0 1 1 1 2 3 2 0 2 2 2 0 0 0 0 0 0 2 1 2 3 0 3 2 0 1 0 2 0 3 3 1 1 0 1 1 0 2 0 3 0 0 1 3 0 1 2 0 2 2 2 1 1 0 0 2 0 0 1 1 1 0 2 2 0 1 2 0 2 1 1 0 0 0 0 0 1 0 1 2 0 1 0 0 0 0 0 3 0 0 0 0 2 1 1 0 0 0 1 0 1 0 2 0 1 0 1 0 0 0 1 0 0 1 1 3 0 1 0 0 1 0 0 1 0 1 0 0 1 0 0 0 1 1 0 2 0 1 0 0 0 2 0 0 0 1 0 0 0 0 0 0 2 1 0 1 1 1 3 0 0 0 0 1 0 1 1 0 1 0 0 0 0 2 1 1 0 1 4 19
CTG_C 290 164 88 62 43 40 40 29 24 30 14 17 15 20 12 14 19 15 20 19 13 15 16 12 14 15 16 8 10 13 14 10 9 10 7 15 13 11 3 4 9 7 13 11 10 11 10 5 8 7 8 10 10 11 3 7 4 7 7 4 2 10 13 6 11 15 10 3 5 7 3 9 7 11 10 4 10 6 6 7 3 8 6 4 6 7 5 11 7 7 5 7 9 2 6 7 9 5 8 4 5 6 6 5 6 6 8 6 3 7 5 5 6 6 7 1 4 5 4 8 6 6 5 5 10 4 13 5 7 5 7 4 5 5 6 5 8 6 8 8 5 8 11 5 4 4 8 4 4 4 3 9 5 3 1 6 11 5 3 3 9 2 9 4 2 9 3 5 2 6 6 2 5 5 3 4 6 3 5 6 10 6 3 3 6 8 6 7 7 4 8 7 10 8 12 10 15 9 10 16 22 14 32 40 86 1235
CTG_G 98 43 32 19 14 8 17 5 9 5 5 4 3 8 5 1 4 4 6 8 4 5 1 7 0 2 3 5 1 2 1 1 2 2 2 1 3 2 0 2 0 1 0 0 3 4 3 3 3 1 0 0 0 3 2 2 2 1 2 2 2 4 1 1 3 1 1 3 0 1 1 3 1 0 0 1 1 0 0 1 4 4 0 1 0 3 0 1 0 1 3 3 0 1 1 2 1 2 2 1 1 0 1 1 0 0 1 1 0 2 0 1 0 0 0 0 1 2 0 0 2 1 1 0 0 0 0 0 1 1 1 3 1 0 1 1 0 1 4 0 1 1 0 0 0 0 2 0 0 2 0 1 2 0 1 0 1 0 1 2 0 1 1 0 2 2 0 1 1 2 0 1 1 0 0 0 1 0 0 1 0 2 0 1 0 0 0 0 1 0 0 0 2 0 1 0 2 2 1 1 3 0 0 2 1 26
CTT_A 30 20 10 4 6 1 1 2 4 2 1 1 3 6 1 0 1 1 0 2 3 0 2 0 2 3 2 2 0 0 1 0 0 2 2 0 3 1 0 1 1 0 0 0 1 2 0 1 1 1 1 0 0 1 0 2 1 0 0 0 0 2 0 0 0 2 0 1 3 1 2 0 0 1 0 0 1 0 0 2 0 0 1 0 0 0 0 0 1 0 1 0 1 0 1 0 3 0 1 0 2 1 0 0 0 0 0 1 2 1 0 1 0 1 0 0 0 0 0 0 0 0 0 0 0 1 1 0 0 0 0 0 0 2 1 0 0 0 1 0 0 0 0 2 1 1 1 0 0 0 0 0 1 0 0 2 1 2 1 0 1 1 0 0 0 0 0 0 0 0 1 1 0 0 0 0 1 0 1 1 0 1 0 0 1 2 0 0 0 0 0 0 0 0 0 0 0 0 0 1 1 1 2 0 1 9
CTT_C 145 80 46 25 16 27 14 17 14 8 9 8 9 9 7 8 8 16 8 2 8 4 2 7 3 5 7 7 2 8 6 4 4 10 2 5 2 4 5 4 4 5 4 3 2 4 8 3 4 6 6 5 4 3 6 5 3 4 2 5 2 4 4 5 2 3 1 3 5 2 3 2 3 3 6 5 3 6 4 4 3 5 4 4 2 4 1 2 5 3 3 3 1 3 1 3 4 3 4 1 1 2 3 1 3 3 0 2 2 1 2 3 3 3 3 2 3 0 2 2 1 1 1 4 1 4 4 1 1 0 2 0 2 2 2 2 1 3 6 3 0 2 1 2 0 0 0 0 0 4 0 0 2 3 1 1 0 1 1 2 2 2 4 1 0 0 1 2 1 0 3 0 2 2 2 2 1 0 1 1 1 1 3 2 1 2 2 2 2 1 1 0 1 3 1 3 4 1 2 3 1 1 5 5 12 84
CTT_G 49 29 11 14 7 4 11 9 7 3 8 3 4 4 5 3 7 2 3 3 2 1 2 2 0 3 1 3 2 3 1 0 3 0 2 0 0 1 0 0 0 0 2 1 3 2 4 2 2 1 0 2 3 2 1 2 1 0 2 2 2 0 1 1 1 0 2 0 0 0 0 0 2 0 2 1 1 2 2 1 1 2 1 0 0 3 1 0 2 1 0 0 2 1 0 1 2 1 0 1 1 2 0 0 2 0 1 0 0 1 1 0 2 0 1 0 0 0 0 1 0 0 0 1 1 0 1 0 1 0 0 2 1 0 0 0 1 0 0 0 0 1 1 1 0 0 0 0 0 1 0 1 1 0 0 0 0 1 0 3 0 0 0 0 1 3 1 1 0 0 1 1 2 0 0 1 1 0 1 0 0 0 0 0 1 1 3 0 0 0 0 0 1 1 2 1 2 0 0 1 0 0 1 0 3 14
GAA_C 44 25 11 5 13 7 4 5 4 2 2 3 2 3 2 4 2 4 2 0 2 2 0 3 2 0 2 3 1 2 1 3 1 2 0 2 5 2 0 1 3 3 1 0 1 2 0 0 1 0 0 1 2 2 0 0 2 1 1 0 1 3 1 0 2 1 3 1 3 1 1 0 1 2 1 2 1 0 1 2 1 0 1 2 1 2 1 1 0 1 0 2 0 0 1 0 1 2 2 0 0 2 0 0 0 0 2 0 1 0 0 0 1 0 0 1 0 2 2 2 0 0 3 0 1 0 1 1 1 0 2 0 0 0 0 2 1 0 0 0 0 0 0 0 0 1 0 0 0 1 1 2 1 0 0 0 0 0 0 0 0 1 0 0 0 1 1 0 1 0 2 0 0 0 0 0 2 0 0 0 0 1 1 0 2 0 0 0 0 1 0 0 0 0 1 2 0 0 4 1 3 1 0 2 2 21
GAA_G 105 57 37 20 27 11 13 11 9 5 10 7 6 3 8 4 5 8 7 10 5 3 3 2 3 4 2 4 5 4 4 7 3 2 2 6 2 1 2 1 5 3 1 5 3 3 4 2 1 2 1 0 3 3 7 4 1 3 1 0 1 1 2 2 1 1 2 6 2 2 2 1 1 6 2 2 0 0 1 5 1 0 2 1 1 0 3 3 2 1 3 2 2 1 1 1 1 4 2 3 1 3 1 2 1 5 4 1 3 3 0 2 5 1 3 1 1 0 3 1 2 1 2 0 1 1 1 4 0 1 1 1 0 3 2 0 3 1 0 2 3 1 1 1 0 1 3 0 1 3 1 1 0 3 3 0 3 2 0 0 3 1 0 0 2 2 2 1 1 1 1 2 0 0 2 1 3 4 1 0 0 0 1 1 0 1 1 2 1 0 0 0 5 2 1 3 2 2 4 3 3 5 1 1 3 60
GAA_T 25 15 12 8 3 10 2 2 2 3 0 2 1 1 2 1 0 2 3 0 0 1 1 1 0 2 4 1 1 0 0 1 0 1 0 3 2 1 1 0 0 1 0 0 0 0 0 1 0 0 0 1 1 1 1 1 0 1 0 0 0 0 1 1 0 0 1 1 0 1 0 0 0 1 0 0 2 1 1 0 0 0 0 0 0 1 1 0 0 0 1 0 0 1 1 1 0 0 0 1 0 0 0 0 0 1 1 0 0 0 0 1 0 1 0 0 0 0 1 0 1 0 0 2 0 0 0 1 0 1 0 0 0 0 0 0 1 0 1 0 0 1 0 0 0 0 0 0 1 0 0 0 0 0 0 0 0 0 1 0 0 1 0 0 0 1 0 0 0 0 0 1 0 0 1 0 3 0 0 0 0 0 0 0 1 0 0 1 1 0 0 0 0 0 0 0 0 0 1 3 1 0 0 0 1 8
GAC_C 19 16 9 2 4 1 1 0 1 1 3 2 0 1 0 0 1 1 0 0 0 0 0 0 0 0 1 1 2 1 2 1 1 1 2 1 2 0 2 0 0 1 1 0 2 4 0 1 0 0 0 1 2 0 0 1 0 1 1 0 0 1 0 0 2 0 0 0 0 1 0 0 0 1 1 0 2 0 0 0 0 0 0 0 0 1 1 0 0 0 0 0 0 0 0 0 0 0 2 0 0 0 0 0 0 0 0 0 0 0 0 1 0 0 0 0 0 0 0 0 0 0 1 0 0 0 0 0 0 1 0 1 0 0 1 0 0 1 0 0 0 0 3 0 0 0 0 0 1 0 0 0 0 0 0 0 0 0 0 1 0 0 0 1 0 1 0 0 0 0 0 1 0 0 0 0 0 0 1 0 1 0 1 1 0 1 1 0 0 0 0 0 0 0 0 0 0 0 1 1 1 1 1 0 4 11
GAC_G 74 46 33 14 11 10 10 6 6 10 5 10 7 7 3 4 4 4 5 4 5 7 6 3 2 0 3 5 4 3 4 1 2 3 5 2 3 6 2 5 5 1 4 2 1 1 5 0 2 3 0 2 2 6 4 2 2 1 2 0 0 4 2 1 3 0 1 1 1 1 3 1 4 4 2 5 1 1 4 2 3 2 1 1 0 4 1 2 1 2 1 2 4 1 1 2 1 2 1 2 2 0 0 3 1 1 2 0 1 2 2 1 2 4 1 3 1 0 2 1 0 0 3 0 0 1 2 2 0 0 2 2 0 1 2 1 1 1 3 2 2 2 0 2 0 2 0 2 3 3 0 1 0 1 1 3 1 2 1 5 3 0 1 1 1 1 2 0 0 1 0 1 0 1 1 4 0 0 1 3 1 5 0 2 1 1 1 1 0 1 1 5 1 2 2 1 2 2 2 1 0 3 5 6 5 65
GAC_T 36 20 7 6 11 2 6 7 1 0 4 2 1 3 0 7 2 4 0 0 1 1 1 4 2 1 1 1 2 1 0 1 0 0 1 1 2 0 1 1 1 1 1 0 1 2 1 1 2 1 0 4 3 2 1 2 1 0 2 1 1 1 2 0 0 1 0 0 1 3 0 1 1 0 0 1 1 1 0 1 0 0 0 1 0 0 1 0 0 0 0 0 0 1 0 0 0 0 0 1 0 0 0 0 0 0 1 4 0 0 0 1 1 0 0 0 0 0 0 0 0 1 0 1 0 0 0 0 0 0 0 0 1 0 0 1 0 1 1 0 0 0 0 0 0 0 0 0 0 1 0 1 0 0 0 0 0 0 0 1 0 0 0 0 0 0 0 0 0 2 0 0 0 0 0 0 0 1 1 0 0 0 0 0 0 0 0 0 0 1 0 0 0 0 0 0 0 0 1 0 1 0 1 2 3 8
GAG_C 64 26 18 11 5 10 8 2 3 4 9 4 3 6 8 2 3 3 6 4 4 3 3 1 1 0 0 1 2 1 2 0 1 0 1 2 1 4 2 2 2 1 1 0 1 2 1 2 1 1 0 2 0 1 1 0 2 1 0 0 2 1 1 2 1 1 1 1 1 1 0 3 1 2 2 2 0 0 1 1 0 1 2 0 1 1 1 0 0 1 1 1 1 0 0 0 1 1 1 2 0 2 0 1 0 2 0 0 1 0 2 0 0 1 1 1 0 0 1 2 3 0 0 1 0 2 0 2 1 0 2 0 0 0 0 1 0 2 0 1 2 2 0 1 0 0 2 0 0 0 0 0 1 0 0 0 0 1 0 0 2 0 2 0 0 1 0 0 0 2 0 1 0 0 0 0 1 0 1 1 0 1 0 0 0 1 0 0 1 0 0 1 1 1 0 0 2 0 0 0 2 0 2 3 1 21
GAG_G 149 70 46 17 15 24 19 8 11 3 10 8 8 11 7 4 5 2 5 7 9 7 3 7 0 6 3 6 4 3 1 4 6 4 4 3 7 4 2 4 3 3 5 10 3 3 1 3 6 5 1 6 6 7 1 3 6 2 6 3 3 0 3 7 1 1 5 4 1 4 5 2 4 4 0 1 3 4 3 8 4 3 4 2 1 3 2 0 2 3 2 2 5 1 1 1 4 1 4 3 1 1 0 3 4 0 2 3 4 2 0 1 2 2 4 1 5 1 4 4 2 3 1 5 0 2 2 3 4 1 1 2 2 1 2 0 1 4 1 1 0 3 1 0 1 0 2 2 0 1 3 1 1 0 0 0 0 2 0 0 2 1 4 4 3 1 2 2 3 2 0 0 1 0 3 2 1 1 1 2 1 1 0 1 3 4 1 6 1 1 1 1 1 1 1 1 3 3 3 3 3 2 3 9 12 85
GAG_T 36 23 17 6 7 11 12 2 5 3 4 1 1 3 0 2 3 1 1 3 0 2 1 0 1 2 2 1 1 1 1 0 0 1 0 1 0 0 0 1 0 0 1 0 1 3 2 2 2 1 1 0 1 0 1 2 0 0 0 0 0 1 1 0 0 2 0 1 1 0 2 0 0 2 0 1 1 1 0 2 0 2 0 1 1 0 0 0 0 1 0 0 1 0 0 0 1 1 0 2 0 2 0 0 1 0 2 0 0 0 1 0 0 0 0 0 0 1 1 0 0 1 0 1 0 1 0 0 2 2 3 1 0 2 3 0 0 1 0 0 1 0 0 3 0 0 0 1 1 0 0 0 0 1 0 0 0 0 0 0 1 2 0 0 1 0 0 3 1 0 0 1 0 0 0 0 1 0 0 0 0 0 0 1 1 1 0 0 0 0 0 0 0 1 1 0 0 1 0 0 1 1 0 2 0 12
GAT_C 30 11 8 5 5 1 1 1 3 1 1 3 1 1 2 1 1 1 0 1 1 2 0 0 1 2 1 1 2 2 0 0 0 1 2 0 0 0 0 0 0 0 1 0 2 0 1 0 1 1 1 1 2 0 1 1 0 0 0 1 0 0 1 0 0 1 0 0 1 0 0 3 0 0 0 1 0 0 0 1 0 1 0 0 0 1 2 1 0 2 0 0 0 1 0 0 0 1 0 0 1 0 0 0 2 0 0 0 3 1 0 0 0 1 0 0 0 0 0 0 0 0 0 0 0 0 0 0 1 2 0 0 0 2 0 0 0 0 1 0 0 0 0 0 0 0 0 0 0 0 0 0 1 0 0 0 1 0 1 0 0 1 0 0 0 0 0 0 0 0 0 0 1 0 0 0 1 0 0 0 1 1 0 0 0 0 0 0 0 1 0 0 1 0 0 1 0 1 0 0 0 0 1 0 1 6
GAT_G 120 85 42 27 27 19 7 10 9 7 9 5 9 7 6 8 7 7 3 7 7 5 5 5 3 3 9 4 5 3 4 4 2 2 2 5 6 5 3 7 1 4 7 6 2 3 1 8 1 7 2 5 3 4 2 4 2 1 1 2 4 3 3 3 3 2 0 2 2 4 4 2 4 0 2 8 6 0 0 5 4 2 1 1 1 0 1 1 5 0 1 1 1 2 1 1 0 4 5 2 2 1 1 1 3 2 2 1 1 1 1 0 4 0 1 1 0 1 1 2 1 3 1 3 2 1 1 1 1 5 3 5 2 1 3 1 2 0 1 1 2 2 2 1 0 1 1 0 1 1 0 1 0 2 1 2 1 3 1 1 2 0 1 0 1 4 1 1 1 3 1 1 1 0 2 1 3 1 2 2 2 1 1 2 5 4 1 1 2 2 0 1 0 1 3 2 3 0 1 2 3 1 4 2 10 71
GAT_T 53 31 16 12 11 13 4 8 1 3 2 3 7 0 4 3 4 1 3 5 1 1 1 2 0 0 2 1 0 1 0 5 0 1 1 2 0 0 0 1 1 0 1 2 3 1 1 0 0 0 1 1 0 2 0 1 0 0 1 0 2 1 1 0 1 2 0 0 1 1 0 2 1 3 0 1 2 0 2 3 1 1 1 2 0 1 1 3 1 2 1 0 1 1 1 0 0 0 0 0 0 1 1 2 0 2 1 0 4 0 1 1 1 0 0 0 2 0 0 1 0 0 1 0 0 0 1 0 0 1 0 0 1 0 2 1 0 1 0 0 0 0 0 0 1 1 0 0 0 1 0 1 1 0 0 0 1 1 0 2 0 2 0 2 0 0 0 0 0 1 0 2 1 0 0 0 1 0 1 1 0 0 0 1 0 2 1 0 1 0 0 1 1 0 1 0 2 0 0 0 2 0 2 1 1 18
GCA_A 88 53 27 19 17 7 8 6 7 9 4 5 4 2 5 3 3 5 4 2 5 3 4 6 3 5 0 3 2 3 3 4 2 1 3 3 6 4 1 2 1 3 1 1 1 2 2 0 2 1 6 1 1 3 4 2 4 2 6 0 0 1 2 4 1 1 1 2 3 0 0 1 1 1 4 2 5 0 0 1 1 6 1 0 2 1 2 2 1 0 0 2 0 3 1 1 0 1 1 0 2 0 1 1 4 3 0 0 1 2 0 2 0 1 0 0 0 2 1 1 0 0 1 3 1 0 0 2 2 0 2 0 1 0 0 0 1 1 0 0 1 1 2 1 0 1 0 1 3 1 0 0 1 1 1 0 0 0 0 2 0 0 1 0 1 2 1 2 0 0 1 1 0 2 0 0 1 1 0 0 0 0 0 0 1 0 1 0 2 1 2 1 0 0 1 0 2 2 1 3 1 1 2 5 6 20
GCA_G 56 21 16 6 10 8 1 4 10 9 4 4 2 5 4 2 5 4 2 2 7 3 1 1 0 3 2 0 2 2 0 2 1 1 1 0 4 0 1 0 0 3 0 1 0 0 0 2 1 0 1 0 2 0 2 1 1 1 0 1 1 2 4 2 0 0 1 2 0 1 0 0 0 2 3 0 1 1 1 1 1 2 0 3 2 1 0 1 0 0 1 0 3 3 0 1 1 0 2 1 0 1 0 2 1 1 3 0 0 0 1 1 2 1 2 0 3 0 1 0 0 1 0 0 0 0 0 0 1 0 0 0 1 0 0 0 0 1 3 0 0 0 0 0 0 0 0 0 0 1 1 1 1 1 0 0 0 0 1 2 1 1 0 1 0 0 1 0 0 0 0 0 1 0 0 1 1 0 0 2 0 0 0 0 0 0 0 0 0 0 2 0 1 0 1 1 1 0 0 1 2 0 0 3 4 11
GCA_T 266 123 91 47 44 42 33 9 22 12 19 10 12 8 14 15 8 14 9 18 9 7 4 9 9 7 14 4 7 5 5 11 5 7 11 5 12 6 3 3 8 13 9 6 3 7 6 3 3 5 2 0 4 8 4 7 2 3 5 4 1 6 7 4 8 7 6 3 3 2 6 10 1 5 2 6 4 4 4 7 7 2 6 3 2 3 2 6 3 1 4 1 1 1 0 1 1 2 1 5 4 3 3 4 1 2 1 3 4 2 2 1 1 2 5 2 3 4 4 3 4 2 0 1 4 1 1 4 4 6 2 3 3 3 3 2 4 2 1 1 2 1 2 2 1 2 1 3 1 2 0 1 3 0 1 2 2 1 1 1 1 0 2 0 2 1 0 2 2 2 2 0 1 2 1 1 1 0 1 6 0 3 2 2 4 0 3 1 3 1 0 3 1 1 1 0 4 5 4 6 2 2 2 5 4 71
GCC_A 122 74 43 21 17 11 12 12 7 7 8 5 9 12 4 8 5 6 8 5 1 5 4 7 2 3 4 1 1 1 4 3 4 4 6 2 5 6 3 3 1 1 1 2 4 1 3 0 5 2 5 3 5 1 0 3 2 3 1 2 1 3 2 1 2 0 1 3 3 2 5 3 1 0 2 2 3 0 1 1 1 1 2 1 1 1 0 0 1 1 0 0 2 1 3 1 2 1 0 0 2 2 0 0 1 3 3 1 2 2 0 2 1 0 4 2 1 2 1 0 3 2 0 5 1 0 1 0 0 1 2 1 0 0 0 0 0 0 0 0 1 1 0 2 0 0 1 0 2 0 0 1 1 3 0 0 2 2 0 0 1 0 2 0 0 1 1 2 1 1 0 3 2 1 1 0 1 1 0 0 1 2 0 1 0 0 0 1 0 0 1 1 1 1 1 1 0 0 0 0 1 7 1 3 5 21
GCC_G 80 38 18 19 15 16 10 5 7 4 2 2 2 6 2 4 3 4 2 3 4 6 3 3 1 1 1 2 3 1 1 2 1 0 2 1 3 0 3 1 1 3 1 2 1 4 3 2 2 1 1 3 4 2 2 0 1 0 1 1 1 2 0 0 0 2 1 0 0 0 3 1 1 2 1 1 0 1 1 1 2 2 0 1 0 0 2 1 1 0 1 1 0 0 2 1 3 0 1 1 3 3 0 0 4 1 0 0 2 0 0 1 1 2 2 0 0 3 0 2 0 2 1 2 0 1 0 2 1 2 1 1 1 1 1 0 0 0 4 0 1 0 0 2 0 0 1 1 0 1 1 0 0 1 0 0 0 0 1 1 0 0 0 1 0 0 0 2 1 0 0 1 0 1 2 0 1 0 0 1 0 0 0 1 0 0 1 1 1 0 0 1 2 0 0 0 0 1 0 4 1 1 1 4 1 11
GCC_T 334 158 119 66 46 46 34 31 26 30 14 24 19 18 16 12 13 13 10 15 15 15 9 15 15 13 7 5 10 4 16 9 10 6 10 8 12 6 9 10 5 7 7 5 4 9 6 5 9 6 6 7 3 11 1 6 5 5 6 2 2 4 0 8 3 9 8 3 4 7 4 2 5 7 3 4 8 2 3 2 5 7 5 0 4 6 3 3 6 3 2 4 3 5 0 5 2 3 4 4 1 2 5 1 6 3 4 4 0 4 1 3 2 5 1 3 2 1 1 4 0 2 3 2 3 3 2 4 5 5 4 3 6 1 2 4 2 2 3 5 2 4 0 2 1 3 3 4 2 8 4 3 2 0 1 3 0 3 4 4 4 1 2 1 3 3 1 0 2 6 0 0 1 3 2 3 1 4 5 3 1 1 1 5 2 3 4 1 2 3 0 5 3 3 3 2 4 4 3 4 3 9 6 6 8 85
GCG_A 66 29 18 16 7 12 10 5 9 3 1 2 7 3 5 1 6 8 6 4 1 1 3 3 3 2 3 2 0 3 4 2 2 0 4 1 3 1 0 1 1 0 0 4 1 3 3 0 2 0 1 0 0 1 2 2 0 0 0 0 0 1 0 2 1 0 0 0 1 1 3 2 3 0 3 1 2 3 0 1 1 1 0 0 0 3 0 2 0 2 0 1 2 2 1 1 1 1 0 2 0 0 0 1 0 0 1 0 0 0 0 1 0 2 0 0 2 0 0 1 0 0 3 3 0 0 1 1 0 2 0 0 1 0 0 1 0 1 0 0 1 0 0 1 0 0 1 0 2 0 0 0 0 0 0 1 1 1 0 1 1 0 0 0 0 0 0 1 0 0 1 0 0 0 1 1 0 1 0 2 0 0 0 0 1 2 0 1 0 0 1 1 1 1 1 0 1 0 0 0 0 0 1 2 1 24
GCG_G 38 14 5 5 7 4 4 4 3 2 2 1 3 2 3 0 0 3 1 0 2 0 1 2 0 0 1 1 0 0 1 1 2 4 1 1 1 3 1 0 3 2 4 0 0 2 0 0 1 2 1 0 2 2 0 0 2 1 0 2 1 1 0 1 1 0 2 2 0 0 0 0 1 0 0 0 1 0 1 1 0 0 0 0 1 2 2 1 0 0 0 0 0 0 1 1 0 2 0 0 1 0 3 0 0 0 0 0 0 0 1 0 0 0 0 2 0 1 0 0 1 1 1 2 0 0 0 2 1 2 0 0 0 0 0 0 0 0 1 3 1 1 1 1 0 1 0 0 1 0 0 0 0 0 0 0 2 0 0 1 0 0 0 1 0 0 0 0 0 0 0 1 0 0 0 0 0 1 0 0 0 0 0 0 0 0 0 1 0 0 0 1 1 0 0 0 0 0 2 0 1 0 0 0 1 18
GCG_T 920 397 252 144 131 87 100 64 76 51 35 46 51 44 39 40 39 43 33 28 30 36 29 30 26 22 28 16 20 17 21 16 25 19 18 26 38 14 25 20 18 17 20 20 21 16 17 21 17 27 14 12 11 21 10 15 18 9 16 15 13 16 11 15 10 20 13 10 7 10 16 8 9 8 12 10 17 9 11 15 11 13 15 7 12 13 14 11 8 13 10 12 7 6 9 9 6 6 6 14 7 6 7 8 13 8 6 2 8 6 6 11 9 5 11 8 11 5 5 4 4 8 14 7 13 7 10 8 9 10 11 12 6 4 5 9 5 7 5 7 5 8 5 9 5 6 5 4 8 8 3 5 3 12 3 6 4 10 9 10 4 5 5 3 5 3 4 10 11 10 6 5 4 6 10 7 5 4 11 7 4 9 5 4 6 9 9 17 6 2 5 6 7 7 9 5 6 8 6 10 18 2 11 14 21 209
GCT_A 59 32 21 20 10 6 9 9 5 2 4 3 5 1 5 1 3 5 0 4 3 3 3 4 0 2 5 4 3 2 2 5 3 2 2 0 2 2 2 1 1 0 0 1 0 2 0 2 1 1 0 0 1 1 1 1 0 1 1 1 2 4 0 2 0 1 0 0 3 2 1 1 2 1 2 1 0 1 2 0 2 3 1 0 1 0 1 1 0 1 1 2 1 0 1 0 0 1 0 1 1 0 2 1 0 1 0 0 0 0 1 0 1 0 3 1 0 1 1 0 2 0 0 0 1 1 1 0 1 1 0 0 1 1 0 0 0 1 2 0 1 0 0 1 1 0 0 0 0 1 1 1 0 1 1 2 0 0 1 0 0 0 1 0 0 0 0 0 0 0 0 0 1 0 0 1 0 0 0 0 0 1 0 0 1 0 0 0 0 0 0 1 0 0 0 1 0 0 0 0 1 0 2 0 2 16
GCT_G 98 38 29 15 12 10 4 8 4 10 4 3 4 5 6 2 5 4 5 5 3 2 4 2 0 3 1 1 1 1 0 3 1 1 2 4 3 1 1 3 4 1 1 3 4 4 2 2 4 2 5 1 0 5 1 1 0 1 1 0 1 2 0 1 0 1 2 2 1 0 2 2 0 1 2 1 3 1 0 0 3 1 3 1 2 2 1 2 0 1 2 0 0 0 0 1 1 1 0 0 2 0 0 1 1 0 0 1 0 0 0 1 2 0 2 0 0 0 2 1 0 2 0 0 3 0 0 0 0 0 2 0 1 2 0 1 0 0 0 1 1 0 2 0 1 1 0 1 0 1 0 0 1 1 0 2 0 0 1 3 0 0 0 0 1 1 1 0 1 1 0 2 0 0 0 0 0 0 1 0 0 4 0 1 0 1 1 2 0 0 0 0 0 1 1 0 1 0 1 0 1 1 1 0 4 32
GCT_T 248 105 73 42 42 42 25 24 31 18 15 12 22 10 12 8 8 9 8 4 4 9 5 16 8 8 7 6 6 6 8 9 8 7 6 2 12 2 8 5 6 5 6 5 7 9 4 8 6 8 2 9 8 3 4 4 4 6 4 3 2 6 3 1 6 7 3 6 3 5 6 3 4 7 3 7 6 3 3 8 5 5 3 2 3 5 3 5 3 3 3 2 2 4 1 4 3 4 2 1 2 5 5 3 5 2 2 3 1 0 0 2 0 2 3 1 1 4 3 2 1 1 1 5 3 0 1 2 6 4 5 3 1 1 4 0 1 4 2 3 2 5 2 2 3 1 2 2 2 2 0 3 2 1 2 2 2 3 3 1 2 1 4 2 1 1 2 3 2 0 2 1 2 3 1 2 1 0 3 1 1 0 2 0 1 3 1 0 4 3 1 3 4 1 5 5 2 3 4 3 3 7 5 6 8 81
GGA_A 351 161 87 67 69 45 40 24 35 19 24 19 12 14 10 12 9 14 11 13 9 7 11 8 7 3 7 4 9 12 12 17 8 8 5 9 10 4 8 6 12 4 9 8 6 8 11 6 5 4 6 8 13 11 1 7 2 5 5 3 3 7 3 3 2 6 3 4 5 7 4 4 4 4 0 8 2 1 7 1 6 2 3 2 1 7 3 3 6 2 4 2 1 4 2 6 2 6 0 4 2 4 5 0 1 3 1 2 4 2 2 2 5 4 3 3 1 5 2 0 0 3 3 6 2 5 4 3 6 5 1 3 1 1 5 4 4 6 0 6 5 1 1 2 2 3 6 1 5 1 3 2 3 1 2 4 4 1 3 0 1 4 2 4 1 3 0 1 1 0 3 0 2 1 1 3 2 0 1 1 2 4 1 2 2 4 3 1 3 1 1 3 2 1 2 0 3 1 2 5 3 3 1 8 13 72
GGA_C 106 42 36 17 19 14 15 10 7 4 9 5 2 3 3 2 9 3 2 2 7 4 3 5 6 4 2 1 1 3 2 1 0 3 3 3 2 2 3 1 4 2 1 3 3 3 5 0 2 1 2 2 2 1 1 4 0 1 3 1 0 3 0 1 3 4 3 2 2 0 2 2 6 2 3 2 5 0 0 1 1 2 0 1 1 3 1 4 2 2 2 0 1 3 4 3 2 0 1 2 3 1 0 0 0 0 1 1 2 0 1 1 0 0 1 0 1 1 0 2 0 2 1 2 1 0 0 1 2 1 3 0 0 0 0 2 0 1 3 2 3 1 2 0 1 1 0 0 1 0 0 1 1 1 2 2 2 3 0 3 0 0 1 2 1 0 0 2 2 2 3 0 2 2 0 1 3 1 3 0 1 1 0 1 1 0 1 3 1 0 2 2 0 0 1 0 1 0 0 1 1 1 1 1 5 16
GGA_T 87 57 28 9 21 8 9 7 7 7 4 8 9 7 2 0 6 3 5 3 2 3 3 2 3 3 2 2 2 3 3 2 4 1 2 1 2 3 3 4 3 2 0 2 0 4 2 1 1 1 3 0 0 1 1 1 0 0 2 2 1 4 3 1 1 2 2 0 0 2 0 6 2 3 1 2 3 0 0 1 1 2 2 1 1 3 1 1 2 1 0 2 1 1 1 0 0 0 1 0 0 0 1 1 0 2 0 0 1 3 0 0 1 1 1 0 1 0 0 1 1 1 1 0 1 1 1 0 0 1 1 0 0 1 0 3 0 0 2 0 2 0 1 1 0 0 1 1 1 1 0 1 0 0 1 2 0 0 1 1 0 0 3 1 0 0 0 2 5 0 1 1 0 0 0 0 2 0 0 2 0 0 1 2 0 0 1 0 2 2 0 1 1 1 1 2 0 1 0 1 0 3 0 3 5 21
GGC_A 316 170 101 57 50 37 48 29 26 17 20 19 13 15 19 17 18 12 14 13 15 15 11 10 12 11 5 10 11 12 9 10 9 7 8 12 8 6 5 4 12 9 1 8 4 6 7 8 8 7 3 8 2 7 9 9 6 3 7 8 8 8 5 6 5 3 3 7 3 6 7 5 5 6 5 3 6 3 2 7 2 3 4 5 4 8 7 4 5 2 2 4 8 4 1 1 5 6 4 7 3 3 5 3 3 3 2 2 1 2 4 5 5 6 3 2 4 5 6 3 4 5 3 1 4 1 2 0 3 4 2 6 3 1 2 1 2 5 1 3 3 1 2 3 4 4 2 1 3 4 5 2 5 0 0 2 3 4 0 3 3 1 1 1 2 0 2 3 3 4 2 2 2 3 3 3 2 2 4 2 1 5 2 4 3 1 6 3 2 3 1 1 5 2 6 2 1 2 4 4 3 2 7 6 11 76
GGC_C 74 54 29 21 13 9 11 8 3 5 6 6 4 3 7 4 3 4 2 5 2 2 3 7 1 1 3 4 3 2 0 4 0 2 1 0 2 4 3 0 1 2 0 2 5 4 2 2 0 1 1 1 0 3 1 2 1 1 0 3 1 2 1 1 2 1 3 3 1 1 0 2 0 1 2 1 0 2 2 0 0 0 0 1 4 2 0 2 0 2 4 1 2 2 2 0 0 1 1 1 2 1 0 3 1 2 0 1 1 0 0 0 0 0 0 1 2 1 1 3 0 1 0 0 0 0 0 0 0 2 3 0 0 1 1 2 1 0 0 1 2 2 0 1 0 0 1 0 0 1 0 0 1 0 0 1 0 2 5 0 0 0 1 1 1 0 4 1 0 0 1 0 1 1 1 0 1 2 3 0 0 1 0 4 0 2 0 0 0 0 0 1 1 1 1 0 2 2 3 2 2 1 2 2 3 23
GGC_T 128 55 46 25 19 14 15 7 9 10 4 8 10 7 5 7 4 8 5 5 0 4 2 9 2 1 3 2 2 3 4 3 2 4 5 4 4 5 1 3 2 5 3 3 2 1 2 1 1 3 1 5 5 0 1 1 2 3 2 3 3 4 2 3 1 2 2 1 3 1 0 3 2 2 1 4 2 0 3 2 2 3 1 1 0 0 2 1 0 2 1 0 1 2 1 1 1 1 2 2 1 1 2 0 3 2 4 1 3 0 0 0 2 1 1 0 1 1 1 2 0 0 1 2 1 1 2 4 0 4 1 1 0 0 1 0 0 3 2 1 1 2 1 4 1 0 1 1 0 0 1 1 0 1 0 0 1 1 1 0 0 0 0 0 1 0 2 0 1 1 2 2 1 0 0 0 0 3 0 0 2 0 2 0 0 1 1 0 1 0 0 2 1 0 0 1 1 2 2 1 1 2 2 2 3 21
GGG_A 383 188 145 75 67 52 39 33 38 33 24 19 21 24 21 16 14 22 15 12 7 22 11 22 14 11 9 13 7 12 8 19 10 13 8 9 7 8 10 5 11 6 12 7 5 7 8 6 15 7 4 9 4 9 2 9 6 9 6 7 9 7 3 7 10 10 4 7 8 4 2 8 3 8 7 12 6 3 4 4 6 6 5 6 4 5 4 7 2 3 2 7 4 4 5 4 7 5 1 3 5 3 7 4 6 7 0 2 8 3 7 5 6 2 5 6 5 5 1 1 2 4 5 3 5 8 5 5 0 4 3 5 5 5 1 6 5 1 5 0 3 5 4 0 8 1 1 2 2 2 4 3 4 4 1 0 2 1 5 4 2 3 1 3 4 0 2 1 4 4 4 0 4 5 2 5 2 3 3 1 1 2 1 3 1 3 3 1 1 4 6 4 0 3 2 4 7 0 5 1 4 6 3 5 9 110
GGG_C 128 74 37 25 19 15 17 9 12 5 8 6 12 7 7 3 4 3 5 3 2 6 7 7 7 7 4 0 1 4 1 2 3 0 5 2 3 5 2 5 6 2 1 5 3 5 4 4 4 1 2 3 1 0 4 0 1 1 4 1 1 2 1 1 2 2 2 6 1 2 2 1 0 4 3 3 2 2 3 0 2 2 3 0 0 2 2 3 4 1 0 0 0 3 5 1 0 4 2 1 1 0 2 1 0 4 2 1 0 2 0 2 2 0 3 1 1 3 0 0 2 1 0 1 2 1 3 1 1 3 2 1 1 2 0 2 0 1 0 2 0 0 1 0 1 1 3 1 1 0 0 1 1 0 1 2 1 1 2 1 1 3 1 1 2 0 1 2 0 0 0 1 0 1 1 0 1 1 2 2 1 0 0 1 0 2 0 1 1 1 2 0 1 2 2 3 0 4 0 1 2 3 1 0 5 41
GGG_T 106 68 36 24 18 14 13 7 9 8 7 7 6 3 4 1 5 5 8 5 3 0 5 1 3 5 2 1 4 5 6 4 6 1 3 3 5 3 1 4 3 3 4 2 2 6 3 3 2 6 5 3 2 2 5 0 4 1 4 1 4 2 2 3 0 0 2 1 1 7 0 2 1 1 1 4 2 3 2 4 1 3 1 1 1 1 2 2 3 2 1 0 1 0 2 0 4 3 1 4 0 1 2 0 1 0 1 0 1 1 1 2 0 3 4 1 1 0 0 1 0 1 1 0 0 1 1 2 1 1 4 0 2 0 1 3 0 1 2 1 1 1 0 2 0 1 1 1 1 0 1 1 0 3 1 0 0 0 2 1 3 2 0 0 0 0 0 2 1 1 1 0 0 0 2 0 0 0 0 0 1 1 2 1 2 2 0 3 0 1 0 2 0 0 0 1 0 0 0 1 1 2 1 1 1 32
GGT_A 324 166 86 75 56 55 23 23 30 26 22 18 16 17 11 21 11 10 9 16 10 10 12 9 5 8 14 9 8 14 14 9 11 5 8 8 12 3 10 10 7 11 16 3 6 3 5 3 12 12 4 4 8 10 6 8 5 7 5 4 2 7 4 3 6 5 2 2 6 4 5 7 11 3 3 6 8 3 4 5 3 3 4 4 3 4 2 7 6 2 2 4 7 1 2 4 2 3 3 5 6 4 5 3 3 3 5 0 0 4 1 4 6 1 4 1 0 0 4 4 0 1 3 2 1 4 1 3 4 4 4 1 4 3 4 4 1 2 1 1 2 2 3 1 1 1 2 1 3 4 1 2 1 0 2 3 2 1 0 1 2 2 4 2 1 0 0 3 3 0 2 0 1 1 4 4 1 1 1 2 1 4 2 1 1 1 2 3 4 2 3 3 2 2 1 3 3 2 7 8 7 2 4 14 14 82
GGT_C 69 32 24 16 16 4 8 6 11 2 2 2 0 10 5 2 4 6 2 2 5 4 5 0 1 1 3 3 0 1 5 2 2 3 3 1 2 2 2 2 0 0 2 1 1 6 2 1 2 0 1 2 3 1 1 0 3 2 0 1 2 0 1 1 2 1 2 0 1 0 2 3 3 0 3 3 3 1 2 1 0 1 0 2 0 2 3 1 1 1 2 2 1 0 1 1 0 0 2 0 0 1 0 0 1 0 1 0 1 1 0 3 3 0 1 1 2 2 0 3 0 0 2 3 0 1 1 2 1 0 1 2 1 0 0 3 1 3 1 1 1 1 0 0 0 1 0 1 0 2 1 1 1 0 0 1 1 0 0 1 0 1 0 0 1 1 2 1 2 1 0 1 0 1 0 0 0 0 1 1 0 0 0 1 2 0 0 0 0 1 1 0 1 0 0 1 2 1 1 0 2 2 1 0 4 30
GGT_T 128 73 42 14 16 18 19 17 12 7 8 5 13 14 9 9 6 12 6 6 9 4 4 3 4 6 5 1 5 3 2 4 9 2 3 3 3 2 4 6 3 5 3 1 1 1 2 2 6 2 2 3 5 4 1 4 1 3 2 3 1 3 1 2 2 1 2 0 1 1 5 2 1 2 1 1 1 1 1 0 1 2 0 4 2 0 2 0 2 4 1 3 1 4 1 3 4 1 0 4 4 3 1 0 2 3 0 2 1 1 1 2 3 0 1 1 1 1 1 0 1 0 1 3 2 0 1 0 0 0 1 2 0 0 2 2 2 3 0 2 2 0 0 5 3 4 0 2 0 2 1 3 1 1 1 0 2 1 0 0 1 2 0 0 1 1 1 3 1 0 2 1 2 1 0 1 0 1 1 0 0 2 1 2 1 2 2 2 3 0 1 1 4 1 2 1 1 1 3 7 1 0 2 6 3 47
GTA_A 15 10 7 2 5 5 1 1 0 2 1 2 0 2 0 2 0 0 0 1 1 0 1 1 0 1 0 1 0 0 0 0 0 0 1 0 0 1 0 1 0 0 1 2 0 0 0 0 0 1 3 4 0 0 0 1 0 2 0 0 0 0 0 0 0 0 0 1 0 0 0 0 0 2 1 0 0 0 1 0 0 0 0 1 1 0 0 0 0 0 0 1 0 0 1 0 0 0 1 1 0 0 0 0 0 1 0 0 0 0 0 0 0 0 0 0 1 0 0 0 0 0 1 0 0 0 0 0 0 0 0 0 0 0 0 0 0 0 0 0 2 0 0 1 0 1 0 0 0 0 0 0 0 0 0 0 0 0 0 0 0 0 0 0 0 0 1 2 0 0 0 0 0 0 0 1 0 0 0 0 0 0 1 1 0 0 0 0 1 0 0 0 0 0 0 0 0 1 1 0 0 0 0 0 0 5
GTA_C 94 62 31 22 20 14 11 9 12 7 5 14 7 8 7 10 4 5 5 4 4 13 4 4 6 3 4 3 4 2 1 4 5 7 1 3 4 4 5 1 4 0 2 2 3 3 0 4 5 2 3 4 3 2 2 2 2 0 5 1 5 2 1 3 1 1 3 1 5 0 2 4 1 3 5 3 2 1 1 0 0 3 1 1 2 0 0 2 3 4 3 1 1 1 1 1 2 3 0 0 0 2 1 2 1 0 1 1 1 3 1 2 0 2 0 1 1 1 0 2 1 1 4 3 1 2 1 0 1 3 1 2 2 1 2 1 3 0 1 1 1 5 0 1 1 0 0 2 1 3 0 0 1 3 0 0 0 0 2 0 2 1 1 2 1 1 0 2 0 0 1 1 1 0 0 0 0 0 1 0 1 3 0 0 0 2 0 4 1 1 4 1 0 1 0 0 1 2 0 4 3 2 4 3 7 76
GTA_G 19 18 7 2 4 6 3 1 2 1 1 0 2 3 0 1 2 0 2 0 1 0 1 2 1 1 0 0 1 1 0 0 0 0 1 0 1 0 0 0 0 1 1 0 0 2 0 0 0 1 0 0 0 0 0 0 1 0 0 0 1 0 0 0 0 0 0 0 0 0 2 0 0 1 2 1 2 0 3 0 0 1 0 0 1 2 0 1 1 0 0 0 0 0 1 0 0 1 0 0 0 1 0 1 1 1 0 0 0 0 0 0 0 0 0 0 0 0 1 0 0 1 0 0 0 1 0 0 0 0 0 0 0 0 0 0 0 0 1 0 0 0 1 0 0 0 0 0 0 1 0 0 1 0 0 0 0 0 0 0 0 0 0 0 0 0 0 0 0 0 1 0 0 0 0 1 0 1 0 0 0 1 0 1 2 1 1 0 0 0 1 0 3 0 0 1 1 0 1 0 0 0 1 0 0 4
GTC_A 36 16 13 7 7 5 3 3 3 4 1 1 1 2 1 3 2 2 0 0 2 0 1 2 2 0 0 1 3 0 2 3 2 2 1 0 1 0 0 2 1 2 0 0 2 0 1 1 3 1 0 0 2 0 0 1 0 0 3 1 0 3 1 0 0 2 0 0 1 0 0 1 0 1 1 2 0 0 0 0 0 0 0 0 0 0 0 1 0 0 0 1 0 0 0 0 0 0 0 1 0 0 1 2 0 0 0 0 0 0 1 0 1 0 1 0 0 1 1 0 0 0 0 0 1 1 0 0 0 0 0 0 1 0 0 1 1 0 0 0 0 0 0 0 0 0 1 0 0 0 0 1 0 0 0 0 0 0 0 0 1 1 0 0 0 0 0 0 0 0 0 2 0 0 0 0 0 0 0 0 0 1 0 0 0 1 1 0 0 0 0 0 0 0 1 1 0 0 1 0 0 1 1 0 1 11
GTC_C 101 48 17 22 16 16 12 10 6 5 8 11 11 4 3 2 8 3 4 9 1 5 3 5 2 7 6 1 1 4 1 7 4 4 4 4 2 1 1 3 1 5 0 2 1 0 2 3 5 3 1 3 4 1 2 2 1 0 1 2 2 4 4 0 1 2 4 2 5 2 0 1 0 4 2 5 2 0 1 4 0 1 1 0 2 0 2 0 4 1 0 1 1 1 1 2 1 3 0 3 0 0 1 1 1 3 5 0 0 1 3 2 2 1 0 1 1 1 1 0 4 2 1 3 3 3 1 3 1 2 3 3 1 1 0 2 1 1 2 2 1 1 3 1 1 2 0 1 1 0 0 0 1 0 0 1 0 3 1 0 3 1 5 0 1 1 2 2 0 1 0 0 2 1 1 1 1 1 1 2 1 3 0 1 1 6 0 3 0 0 0 1 0 0 0 1 2 1 4 3 4 0 2 6 7 60
GTC_G 21 15 9 8 2 3 4 7 2 0 1 1 2 1 2 3 1 1 0 0 0 0 0 0 2 0 0 2 1 0 0 1 0 0 1 0 1 0 0 0 1 2 2 0 3 1 0 2 0 2 0 2 1 0 0 0 0 2 0 0 1 2 0 2 0 1 0 0 0 0 1 0 1 0 1 1 0 0 1 0 0 0 0 1 0 0 1 1 0 1 0 0 0 1 1 0 1 0 1 1 0 0 0 0 1 0 1 0 0 3 0 2 0 0 1 0 0 0 0 0 0 2 1 0 0 0 2 0 1 0 1 0 0 1 0 1 0 0 0 1 0 1 0 0 0 1 1 0 1 0 0 0 0 0 1 0 0 0 0 1 0 0 1 0 0 0 0 0 0 0 1 1 0 0 0 2 0 0 1 1 0 0 0 0 0 1 0 0 0 0 0 0 0 0 0 0 0 0 0 0 0 0 0 0 2 13
GTG_A 46 24 11 9 3 7 4 6 3 0 2 4 1 5 4 0 3 0 2 2 5 1 1 2 0 1 2 1 4 1 0 2 1 0 1 1 2 2 4 3 1 0 1 0 1 1 1 2 4 1 2 3 0 2 1 0 0 2 2 1 2 4 1 0 2 1 1 0 4 4 1 0 0 0 0 0 4 2 0 2 0 2 0 0 0 1 0 2 1 0 1 2 0 0 0 0 0 0 0 0 2 0 1 0 0 1 0 1 1 2 0 0 0 0 2 0 0 0 1 0 0 0 0 0 0 1 1 2 1 1 1 0 0 0 1 1 0 0 0 1 2 1 1 1 2 1 0 0 1 1 0 0 1 0 0 1 2 0 0 1 1 0 0 1 0 0 2 1 0 0 1 0 1 0 2 0 2 1 0 2 0 1 0 0 0 1 2 2 0 0 0 0 0 0 1 1 0 0 1 4 1 0 1 0 3 6
GTG_C 190 113 69 35 39 44 29 19 22 23 21 16 11 11 12 12 11 14 10 4 6 10 11 7 6 8 13 11 9 3 4 6 9 5 6 7 7 8 8 7 7 11 6 6 5 13 3 9 7 7 8 7 6 5 4 10 6 4 7 4 6 7 5 6 3 7 9 5 4 3 2 5 8 9 5 5 4 5 5 4 3 7 10 0 2 9 1 5 9 4 3 4 4 5 1 5 3 1 2 6 3 4 3 3 4 1 5 3 6 7 3 2 7 3 1 5 4 4 1 6 1 3 3 3 3 0 2 3 2 4 6 4 3 2 3 4 5 2 4 1 3 6 4 5 5 5 4 4 0 8 2 2 5 3 5 9 2 5 2 3 3 2 3 3 3 5 3 7 6 3 3 2 0 2 5 2 5 7 3 3 1 4 9 4 3 5 2 9 6 5 2 11 7 5 7 4 6 3 13 9 10 18 22 42 87 898
GTG_G 139 50 30 17 11 9 9 9 11 7 6 6 4 3 4 3 8 2 2 0 3 4 2 5 0 3 0 2 3 1 3 4 1 2 2 7 2 4 3 1 3 3 2 2 0 2 0 6 1 1 1 3 2 2 1 1 1 1 1 1 4 2 1 1 4 2 0 1 2 2 2 0 4 3 3 3 1 2 1 1 2 3 2 1 2 1 0 1 0 0 2 1 1 1 2 0 0 1 0 0 1 0 0 1 2 2 0 2 1 0 1 1 0 2 1 1 0 1 0 0 1 2 1 0 0 0 1 0 0 0 0 2 0 1 0 2 0 4 0 1 0 1 1 0 0 0 2 0 1 0 1 0 0 0 1 0 1 0 0 3 1 2 0 0 0 0 0 0 1 0 0 0 0 0 1 0 2 1 0 2 1 1 2 0 1 2 1 0 1 0 1 1 0 0 0 1 0 0 0 2 2 1 1 0 2 23
GTT_A 28 12 5 6 5 2 3 1 2 1 1 2 3 2 1 0 1 4 2 2 3 1 2 0 0 1 0 2 5 0 2 1 0 0 0 0 0 3 0 0 2 0 0 1 1 1 0 0 1 1 1 0 2 3 1 0 0 2 0 1 1 0 0 1 0 0 0 0 0 0 0 1 1 0 0 1 1 1 1 0 2 0 0 1 1 1 0 0 0 1 0 0 0 0 1 0 0 1 0 0 3 0 0 0 0 0 0 2 0 0 0 0 2 0 0 0 1 0 0 2 0 0 0 0 0 0 0 0 0 1 1 0 0 0 1 0 0 0 0 0 0 0 0 0 0 1 0 0 1 0 0 0 0 0 0 1 0 0 0 0 1 0 0 1 0 0 0 0 1 1 0 0 0 0 0 0 0 1 0 0 0 0 0 0 0 0 1 0 0 0 0 1 0 0 1 0 0 1 0 1 0 0 0 1 3 17
GTT_C 101 60 43 18 29 28 15 13 17 7 11 10 7 8 8 3 5 4 6 10 5 7 7 4 4 3 5 4 3 2 5 4 4 1 2 3 5 5 3 1 6 3 3 3 4 6 1 4 5 3 3 7 7 3 3 2 1 6 2 2 5 2 0 0 1 3 3 3 3 1 3 2 5 1 0 4 1 3 4 3 4 1 2 2 2 2 1 2 0 2 3 0 0 1 2 2 3 4 3 1 4 4 2 1 1 1 2 2 2 2 0 0 3 0 0 3 2 0 4 1 0 2 1 2 1 3 3 0 0 2 0 2 3 2 0 0 1 3 2 0 0 2 0 2 1 0 1 0 0 1 0 2 2 1 1 2 1 3 1 1 1 2 1 0 2 2 3 0 0 4 3 1 2 2 0 2 2 3 0 4 1 3 0 0 1 1 1 2 1 1 0 1 0 2 6 2 0 2 3 5 6 2 2 6 7 59
GTT_G 35 24 12 8 5 6 4 9 3 3 6 2 3 0 3 2 0 1 2 1 0 2 1 0 1 2 0 1 0 3 0 0 2 0 1 0 0 1 1 1 1 1 1 1 3 0 0 1 1 0 1 1 1 0 1 0 1 0 3 1 0 2 1 0 0 1 0 0 0 2 0 0 0 1 1 1 0 0 0 1 0 2 1 0 0 0 1 1 0 1 2 2 1 0 0 0 1 2 1 1 0 0 0 1 2 0 0 0 2 0 0 1 1 0 0 0 0 1 0 1 0 1 0 1 1 0 0 0 2 0 0 0 0 0 0 0 3 0 0 2 0 0 0 2 0 0 0 0 1 1 0 0 1 0 1 0 1 1 0 3 1 1 1 0 0 0 0 0 0 0 0 0 0 0 0 1 0 1 0 1 0 0 0 0 0 0 0 1 0 1 0 0 0 0 0 0 2 1 1 1 0 2 3 0 1 24
TAA_C 32 23 7 3 6 5 3 10 3 3 5 3 4 1 3 2 1 3 1 2 3 1 0 2 2 0 4 1 0 0 2 3 0 1 1 1 0 0 0 1 1 0 1 1 0 0 0 1 0 1 0 0 2 1 3 3 0 0 1 2 2 2 0 1 0 1 0 1 0 0 1 2 1 2 0 0 3 0 2 1 1 0 0 1 0 0 1 0 1 0 3 0 0 0 0 2 0 1 0 0 0 0 0 1 1 3 1 0 0 0 0 0 2 1 0 1 1 0 1 2 0 0 1 0 2 1 0 0 0 0 2 0 1 2 0 1 0 0 1 0 1 0 0 0 0 2 0 0 2 1 0 0 0 0 0 0 3 1 0 0 4 0 0 0 0 0 0 0 0 0 1 0 0 1 0 1 3 0 0 1 0 0 0 1 0 1 0 0 1 1 0 1 0 1 1 0 1 0 1 0 1 0 0 1 3 18
TAA_G 114 59 33 39 17 25 18 11 12 11 8 6 5 6 5 5 4 8 3 6 9 1 4 7 2 3 3 2 3 2 2 8 4 4 3 4 5 2 4 3 1 1 5 6 6 3 0 1 2 4 2 2 3 3 6 2 0 1 3 0 1 2 4 2 1 4 2 4 1 4 3 1 4 2 2 2 0 2 0 2 0 0 2 1 3 4 3 0 0 2 2 4 2 2 0 0 2 3 1 2 2 1 0 0 1 3 3 2 3 0 0 2 4 5 2 0 0 0 3 0 1 0 1 5 1 2 3 1 1 0 1 2 1 2 2 0 3 0 2 1 1 0 1 1 3 2 1 1 0 6 0 3 1 1 3 3 3 0 0 1 2 1 1 1 1 0 1 2 1 1 0 0 2 1 2 4 0 0 0 1 0 3 0 1 0 2 0 2 2 1 1 1 1 0 1 0 3 2 3 2 6 5 1 6 9 55
TAA_T 47 28 19 16 12 11 9 7 9 3 3 3 4 3 4 7 4 2 4 1 3 3 0 4 2 4 3 1 0 2 1 6 1 1 0 1 3 1 1 2 1 1 1 1 0 2 1 1 4 3 1 2 2 1 0 0 1 2 2 2 3 0 2 1 1 2 2 2 0 1 1 0 1 2 2 3 1 3 1 0 1 0 0 2 0 0 0 1 0 1 2 0 0 2 0 1 0 0 0 1 1 0 0 1 0 2 0 1 1 0 0 2 2 0 0 0 0 1 2 1 1 2 1 1 2 0 0 1 1 1 0 0 1 1 1 1 0 1 0 2 1 1 0 3 0 0 1 0 0 2 2 3 0 0 1 0 0 1 1 0 1 1 0 0 1 0 0 3 1 0 0 1 0 0 0 0 1 0 3 1 0 0 0 1 1 0 1 1 1 4 3 0 0 1 0 1 1 1 3 0 3 1 4 7 5 86
TAC_C 22 11 7 7 3 5 1 1 1 1 3 1 1 5 2 1 2 1 1 1 0 0 0 0 0 1 0 0 0 0 0 0 0 1 1 1 1 2 1 1 0 0 0 0 0 0 0 0 0 1 0 0 3 0 0 0 0 1 0 0 0 0 0 0 0 0 1 1 1 1 0 0 1 0 1 2 0 0 0 0 2 0 1 0 0 0 0 1 0 0 0 0 0 0 0 0 0 0 0 0 1 0 0 0 0 0 0 0 0 1 0 1 0 1 1 0 1 0 1 0 0 0 0 1 0 1 0 0 0 0 1 0 0 0 1 0 1 0 0 0 0 0 0 0 0 0 0 0 0 0 0 0 0 0 0 0 0 0 0 0 0 0 0 1 0 0 0 0 0 0 0 1 1 0 0 1 0 0 0 2 0 0 1 0 1 0 0 0 0 0 0 0 0 0 0 0 0 2 1 0 0 0 1 1 1 6
TAC_G 105 59 30 26 18 20 13 12 7 8 12 8 11 2 10 5 5 6 5 4 6 3 1 3 3 0 3 3 1 2 3 3 4 2 4 3 1 4 4 0 4 4 2 1 4 2 0 3 2 5 2 6 3 4 0 1 1 2 1 2 1 0 1 3 3 4 1 4 3 3 1 3 1 6 2 3 3 2 1 3 1 0 2 2 0 6 1 3 1 2 0 1 1 2 0 3 2 2 1 0 4 2 1 0 1 3 3 1 1 0 1 2 3 1 0 0 0 1 0 0 3 0 3 1 1 0 1 1 1 3 2 3 6 0 1 1 3 1 0 1 3 1 1 2 4 2 3 1 1 0 1 0 1 0 1 1 3 1 1 2 4 1 1 3 0 2 0 0 1 2 1 2 0 0 1 0 0 0 1 1 2 2 0 1 1 1 0 0 1 2 0 3 1 1 0 5 6 0 1 2 1 0 3 2 8 67
TAC_T 23 8 2 2 3 2 1 3 3 0 0 1 0 0 2 0 0 0 1 1 0 1 0 2 1 0 0 2 0 0 0 0 0 0 0 0 2 1 0 0 0 0 1 1 0 2 0 0 0 1 0 1 2 0 0 0 0 0 0 0 0 0 0 0 1 1 1 0 0 0 2 0 0 1 1 0 0 2 0 0 0 0 0 0 0 0 0 0 0 0 0 0 2 0 1 1 1 0 0 0 0 0 1 0 1 0 0 0 0 0 0 0 0 2 0 0 0 0 1 0 0 0 0 1 0 0 0 0 0 0 0 0 0 0 0 0 1 0 0 1 0 1 0 1 0 0 0 0 0 0 0 1 0 0 0 0 0 0 0 0 0 0 0 1 0 0 1 0 0 0 0 0 0 0 0 0 0 0 0 1 1 1 0 0 0 0 0 1 0 0 0 0 0 0 0 0 1 1 0 0 0 1 0 1 0 5
TAG_C 25 16 6 5 4 0 3 0 0 0 2 0 1 3 0 1 2 2 1 0 1 1 0 0 0 0 0 1 1 2 0 2 1 0 0 1 1 0 0 0 0 1 1 2 1 0 0 3 2 0 1 0 1 1 0 0 0 0 0 0 0 0 0 0 2 0 0 0 0 2 0 0 0 0 0 2 0 1 0 1 0 0 0 0 0 0 0 1 0 1 1 0 0 0 0 2 0 0 0 1 1 1 0 0 0 0 0 1 0 1 0 0 0 0 0 1 1 0 0 0 0 0 1 0 0 1 0 0 1 1 0 0 1 0 0 0 1 0 0 0 0 1 0 0 0 1 1 1 0 1 0 0 1 0 0 1 0 0 0 0 0 1 1 1 0 0 0 0 0 1 0 0 0 0 1 0 0 0 0 1 0 0 0 0 0 0 0 0 0 0 0 0 0 0 0 0 0 1 0 0 0 0 0 1 3 10
TAG_G 130 67 29 27 15 12 7 9 6 7 5 6 7 3 4 7 9 2 2 4 4 2 5 4 1 2 2 2 5 1 2 2 5 2 8 4 5 4 6 2 3 4 5 1 3 2 4 3 5 3 4 2 1 0 6 3 2 2 2 2 1 1 1 2 1 3 4 1 3 5 3 1 2 3 0 2 5 0 1 0 1 1 4 1 3 1 4 1 2 1 4 2 2 2 2 0 1 1 0 3 2 1 4 2 1 2 3 0 2 3 0 1 1 2 1 2 2 0 0 2 1 3 2 2 1 3 1 3 2 2 2 1 1 0 4 3 2 1 4 6 1 1 1 1 3 2 1 3 2 1 1 1 1 1 0 2 0 1 3 2 1 1 1 0 0 0 0 3 2 1 1 2 2 2 1 1 2 2 2 0 0 0 0 2 0 1 1 1 1 1 1 1 1 2 1 3 2 3 2 5 2 3 9 3 14 82
TAG_T 25 14 4 4 2 7 1 3 1 0 2 1 2 3 0 0 5 1 0 0 1 2 0 2 2 0 1 0 2 0 0 0 0 0 0 0 0 1 1 1 2 1 3 0 0 0 0 0 1 1 0 3 0 0 0 1 0 0 0 0 0 0 2 0 0 1 0 1 2 0 0 0 0 1 1 0 0 0 1 0 0 0 2 0 0 1 0 0 2 1 0 2 0 0 0 0 0 0 0 0 0 0 0 0 0 0 0 0 1 1 0 0 0 0 1 0 0 0 0 1 0 0 1 0 0 0 0 1 1 0 0 0 0 1 0 0 0 0 0 0 0 0 0 1 0 0 1 0 0 0 0 0 0 0 0 0 0 0 0 0 1 0 2 0 0 0 0 0 0 0 0 0 0 0 0 0 1 0 0 1 0 0 0 1 0 2 0 1 0 0 0 1 0 0 0 0 0 0 0 0 1 1 0 0 1 5
TAT_C 26 22 14 6 11 4 9 1 3 4 1 4 6 2 2 1 1 1 3 2 1 0 2 0 2 1 1 1 3 1 0 1 0 1 2 1 3 0 1 1 0 0 3 1 1 1 1 0 0 0 1 2 0 0 0 2 1 0 1 1 1 0 0 0 2 1 1 0 0 1 0 0 0 0 0 0 3 0 2 1 1 1 2 0 0 2 4 1 0 1 2 0 0 0 1 1 2 1 1 0 1 0 0 2 1 1 0 0 0 0 1 2 0 0 0 1 1 0 0 1 0 1 1 0 1 0 1 1 1 0 2 0 0 1 0 0 0 1 0 2 0 1 0 1 0 0 0 2 2 0 0 1 1 0 1 0 1 1 1 0 1 0 1 0 1 0 0 0 1 0 0 0 0 1 1 0 0 0 0 0 1 0 0 0 0 2 1 0 0 0 0 0 0 1 0 0 0 1 2 0 0 1 0 3 3 15
TAT_G 327 153 106 69 54 50 49 37 35 17 22 18 25 12 23 12 12 12 16 12 14 16 6 12 10 7 8 5 5 16 12 8 12 7 8 8 11 11 5 7 9 7 3 7 10 11 6 8 19 9 5 15 7 9 9 6 5 1 2 9 3 6 2 6 2 4 9 6 11 6 3 3 6 11 7 12 8 3 5 5 6 5 6 4 6 6 3 6 3 5 7 3 2 7 2 3 4 5 9 4 2 1 10 3 4 9 4 1 1 5 0 7 4 6 4 8 5 5 1 3 4 2 2 4 4 3 4 5 4 7 3 2 2 4 1 3 3 2 4 3 3 2 3 4 1 5 2 2 1 3 2 2 1 3 1 4 1 2 5 4 3 3 3 6 4 4 2 5 3 1 1 5 2 2 4 1 0 2 3 7 3 5 2 3 1 8 4 0 4 4 3 1 2 6 3 4 8 5 3 8 12 6 11 8 14 162
TAT_T 65 22 16 13 7 11 10 5 5 3 1 3 2 7 4 2 7 1 4 2 1 1 3 3 0 3 1 2 1 3 3 1 2 3 2 0 2 0 2 1 1 1 3 2 3 1 2 4 1 1 0 0 4 1 1 2 0 0 0 1 1 0 2 0 1 1 0 2 0 5 1 0 4 0 0 1 2 0 0 3 1 0 1 3 1 0 3 2 0 0 1 1 1 0 1 1 0 1 0 1 0 0 0 0 1 1 0 1 0 0 1 1 2 0 0 0 3 1 1 1 0 1 0 0 2 1 2 1 5 1 0 2 0 1 0 1 0 0 0 1 1 1 1 0 0 0 2 0 0 5 0 2 0 2 0 1 2 0 0 0 1 0 0 1 0 1 0 0 0 0 0 0 0 0 2 1 0 1 1 0 0 0 0 1 0 0 0 0 3 0 0 3 1 0 1 0 2 3 1 0 2 2 1 2 3 24
TCA_A 66 26 12 14 8 8 5 3 6 4 2 4 10 4 2 3 1 2 1 1 5 2 1 1 2 4 2 0 0 1 1 3 1 2 0 1 2 2 2 1 1 0 1 2 1 3 1 1 1 2 2 2 0 2 1 3 2 3 2 1 1 1 1 0 1 2 0 0 2 0 1 0 1 1 1 2 0 2 0 3 1 1 0 0 0 2 1 0 0 0 0 0 1 2 1 0 0 0 1 1 3 2 1 1 1 1 0 0 0 0 0 2 0 2 3 0 0 0 0 1 0 1 0 1 0 0 0 1 0 0 0 1 0 0 0 0 1 0 2 1 0 0 0 0 2 0 1 1 0 0 1 0 0 0 0 0 0 1 1 0 0 0 0 2 0 1 0 0 0 0 0 0 0 2 1 2 0 1 0 0 0 0 0 1 0 0 1 1 1 0 1 0 1 1 0 0 0 0 0 2 0 2 0 1 1 13
TCA_G 87 38 24 11 16 10 12 10 9 8 5 4 6 2 7 3 2 6 1 3 3 1 1 2 5 1 2 1 2 4 2 3 2 2 1 1 3 1 5 0 3 2 0 3 3 2 0 1 6 0 3 3 3 2 1 2 3 1 2 1 6 1 2 1 2 1 0 2 3 2 1 3 0 2 1 2 0 0 4 2 0 2 0 2 1 2 2 2 0 0 0 2 3 1 1 1 0 0 2 0 2 1 2 0 1 1 0 0 2 1 0 1 0 2 5 1 0 1 0 1 1 0 0 2 1 1 0 1 0 1 2 2 0 1 1 0 1 1 0 0 0 1 0 1 0 0 1 1 1 1 0 1 2 2 0 0 0 1 0 1 0 1 1 0 2 0 2 2 1 0 2 1 1 3 1 0 0 1 0 3 1 0 0 0 1 2 1 1 0 1 1 1 0 0 0 1 0 1 1 1 2 0 0 3 1 33
TCA_T 213 128 72 45 35 37 22 20 27 13 16 17 14 13 13 13 4 11 13 2 9 10 11 9 9 2 11 4 6 6 9 7 5 2 6 3 12 9 3 7 7 3 2 4 6 3 6 6 10 4 6 7 5 2 2 5 2 5 3 9 7 7 1 5 0 7 3 3 1 0 1 4 6 6 2 9 5 0 2 4 0 0 1 1 2 6 2 1 1 7 2 1 2 0 1 2 2 1 2 2 2 0 3 4 0 4 3 1 1 3 1 2 1 5 0 0 0 0 1 2 3 0 4 2 3 2 1 3 3 4 4 1 1 1 2 0 1 4 1 4 2 5 3 1 1 1 3 2 3 3 2 2 1 3 3 2 2 1 0 2 0 1 0 1 1 0 0 0 2 3 1 0 0 1 2 5 3 0 2 1 1 3 0 1 1 1 2 2 0 1 3 1 1 2 2 2 5 0 0 3 2 5 2 3 6 65
TCC_A 92 52 29 15 14 14 15 5 7 6 4 3 7 4 3 1 3 1 9 2 3 3 0 6 3 3 0 1 4 1 3 1 0 2 1 1 2 2 1 3 3 4 3 5 0 2 2 3 3 1 3 1 1 3 2 2 1 3 2 1 3 2 0 1 1 1 0 1 1 0 4 1 1 0 3 1 0 2 2 0 3 0 0 1 1 0 1 0 3 1 5 1 0 0 1 1 0 0 0 0 2 0 1 0 2 0 1 0 1 0 0 0 0 1 1 0 0 1 1 3 1 1 2 0 2 0 1 0 1 1 0 0 0 3 0 1 0 1 0 0 0 1 0 1 0 0 0 0 1 1 1 1 2 2 0 0 0 4 1 0 1 2 0 1 1 1 2 1 0 0 2 1 0 1 2 0 2 1 1 0 0 0 0 1 0 0 1 3 0 0 1 0 1 0 0 0 1 0 2 0 1 2 2 3 3 25
TCC_G 69 40 33 20 13 18 6 8 10 10 4 4 12 10 2 6 3 6 7 5 3 3 2 2 3 1 3 3 2 3 1 0 5 2 3 6 4 2 2 2 4 5 3 3 4 2 1 5 2 2 4 2 3 4 4 3 2 1 2 1 1 1 3 5 1 1 1 2 4 0 3 0 0 2 3 1 1 3 0 2 2 3 1 1 2 1 0 1 3 3 1 1 1 1 0 1 3 1 0 2 1 0 0 0 0 2 0 0 0 1 0 0 1 0 0 1 4 2 0 0 1 2 2 1 3 0 0 0 2 1 0 1 0 0 3 1 1 2 0 0 1 0 2 1 1 0 0 1 0 4 0 0 0 1 0 2 0 0 0 0 1 1 0 0 0 1 1 1 2 1 1 2 0 2 0 2 0 2 0 0 0 0 0 1 1 0 0 2 2 1 0 4 0 2 4 0 3 0 1 1 1 1 2 1 5 26
TCC_T 345 177 108 62 51 51 34 33 23 26 24 12 20 20 15 10 8 6 7 11 7 15 10 18 9 8 7 8 4 9 2 13 15 3 7 8 10 6 4 8 7 5 1 5 9 10 6 8 12 3 10 9 8 2 3 7 5 4 4 11 5 5 3 3 4 3 0 5 6 1 1 4 3 7 10 6 8 3 1 4 10 2 5 6 5 4 4 1 5 3 5 4 4 4 3 4 3 2 0 6 3 3 6 2 5 2 3 3 3 4 3 2 3 3 6 2 4 3 3 2 3 0 2 0 8 2 1 1 2 3 6 0 1 1 0 0 2 5 2 1 8 4 3 2 1 3 4 1 0 6 3 1 4 3 1 3 4 5 1 3 5 5 1 3 1 1 2 2 2 2 1 2 1 2 2 1 3 2 2 1 2 3 0 1 1 1 0 2 1 1 1 4 1 2 2 3 7 6 7 4 5 3 3 6 9 76
TCG_A 26 15 7 2 2 5 2 4 1 2 2 0 1 0 1 2 2 2 1 0 0 0 0 1 1 0 1 0 2 0 3 2 1 4 1 1 1 0 2 0 1 0 2 1 0 0 0 1 0 0 0 0 1 0 0 2 1 2 0 0 0 0 0 0 1 1 0 1 1 2 1 0 0 1 1 4 0 0 0 0 0 0 0 0 0 0 0 0 0 1 1 1 0 0 0 0 0 0 0 0 0 0 0 0 2 1 0 0 0 1 1 0 1 0 0 0 1 0 1 1 1 0 0 0 1 0 0 0 0 0 0 0 0 1 0 0 1 0 2 0 0 0 0 1 0 1 0 0 0 0 0 0 0 0 0 0 0 3 0 0 0 1 1 0 0 0 0 0 0 0 0 0 2 0 1 0 0 0 0 0 0 1 0 0 0 0 0 1 0 0 0 1 1 0 0 0 0 0 0 2 1 2 1 1 2 20
TCG_G 38 34 13 2 6 7 2 3 1 3 1 2 2 4 2 0 0 0 1 3 1 2 0 1 0 1 3 0 3 2 1 1 0 2 1 0 2 0 1 1 0 1 0 2 0 2 0 3 1 1 0 0 1 0 1 1 1 0 2 1 0 0 1 0 0 0 1 1 4 2 0 0 0 1 0 0 0 1 1 0 0 0 3 0 0 1 1 1 3 2 1 0 1 1 1 0 0 0 0 2 0 1 0 0 0 0 3 0 0 1 0 2 0 0 0 0 1 0 0 0 1 2 0 1 0 0 1 1 0 0 1 1 0 0 1 0 1 0 0 1 0 0 0 0 0 0 0 2 0 0 0 1 0 1 0 0 0 1 0 2 1 0 0 1 0 0 2 0 1 0 0 0 0 0 0 0 0 0 0 0 0 0 1 0 0 1 0 0 1 0 0 0 0 0 0 0 1 0 3 2 0 0 0 0 2 14
TCG_T 698 316 163 118 97 75 62 47 39 37 38 26 40 39 30 25 22 22 19 15 26 14 11 23 14 16 10 17 17 12 11 16 9 11 17 8 23 8 9 11 9 10 13 9 12 20 9 8 16 11 12 14 8 9 9 11 7 5 23 6 6 17 16 10 14 10 10 13 10 10 7 6 15 7 4 12 10 6 9 7 9 10 5 4 6 11 5 3 5 7 8 12 3 7 4 7 11 7 7 4 7 3 5 1 3 4 4 4 5 7 4 4 5 9 5 3 4 3 2 4 6 3 4 2 4 3 5 3 4 9 5 6 8 5 3 8 4 2 2 4 4 5 3 8 3 4 3 4 3 9 1 3 4 1 4 5 6 7 5 5 5 5 1 2 2 2 3 11 5 3 2 2 5 1 1 3 5 1 4 1 1 5 4 2 2 4 3 3 4 4 4 3 2 1 2 5 10 7 7 5 14 4 3 17 15 134
TCT_A 88 50 31 26 13 16 12 12 9 3 5 3 11 3 6 2 1 4 4 4 4 3 4 6 2 2 7 2 2 3 2 3 4 3 3 3 2 3 0 3 1 1 0 2 1 1 1 4 2 1 1 4 1 1 1 1 0 2 3 1 1 1 3 2 2 0 1 0 0 1 0 1 2 1 2 4 4 2 2 5 4 0 2 1 2 2 1 0 0 0 2 2 0 1 0 1 0 0 0 3 2 0 0 2 0 1 0 1 0 2 1 0 0 1 0 1 0 1 0 1 1 1 0 1 0 1 0 1 0 1 0 2 0 1 0 1 0 1 0 0 5 0 0 0 4 0 0 0 0 2 0 0 1 0 2 0 2 1 0 0 0 0 1 0 1 1 1 0 1 0 0 0 0 0 2 0 1 0 1 0 2 1 0 0 2 1 1 1 0 0 2 0 1 0 0 0 1 2 1 2 4 1 2 0 5 26
TCT_G 145 78 59 39 26 23 11 15 15 4 7 8 9 8 9 4 8 9 7 8 2 3 5 7 4 9 4 7 7 4 7 9 3 6 4 6 3 3 7 4 8 6 1 1 7 5 5 3 2 3 3 7 1 6 4 5 2 4 2 5 2 3 2 2 2 6 2 3 4 2 2 1 2 3 3 2 3 3 1 3 2 3 2 0 2 3 1 4 2 0 1 6 5 3 2 2 3 0 1 3 0 2 1 3 3 3 2 0 5 3 4 1 0 1 3 1 3 1 2 4 4 1 0 2 1 2 1 1 3 3 2 1 1 3 1 0 4 2 2 2 2 3 2 3 1 1 0 1 3 1 2 2 0 0 1 1 0 0 1 1 1 0 0 2 0 3 0 2 1 1 2 1 1 0 1 2 4 1 1 0 1 0 0 0 1 2 3 1 5 1 1 2 2 3 2 1 1 2 4 3 3 2 6 1 9 52
TCT_T 263 135 99 46 40 39 28 12 21 18 9 13 13 10 23 10 11 16 5 6 7 8 9 10 10 7 5 3 5 5 6 11 3 6 6 6 9 4 8 9 7 2 4 7 6 13 5 6 6 5 3 4 3 4 3 3 5 4 5 7 3 3 5 6 5 8 3 4 4 3 3 5 8 4 1 6 5 3 1 3 2 10 1 2 1 4 1 5 1 3 2 1 6 2 4 1 6 1 4 3 2 4 3 4 2 8 2 3 1 2 1 3 1 2 1 3 4 8 2 3 0 1 5 3 2 2 3 0 0 1 4 2 2 3 1 3 2 1 4 1 0 3 1 3 2 2 0 2 4 4 1 2 0 1 0 3 2 2 6 0 4 1 1 4 3 0 3 5 4 1 0 2 1 0 3 3 2 3 1 1 0 2 3 2 1 2 2 1 0 0 0 0 3 1 6 3 1 3 1 1 5 4 6 11 5 79
TGA_A 245 108 70 39 23 39 22 8 22 11 17 16 10 11 8 9 8 9 12 12 4 10 6 14 6 2 13 2 3 6 9 7 5 3 4 4 4 4 6 2 2 3 5 2 8 4 6 5 6 7 4 7 5 4 11 8 4 3 2 2 2 10 8 1 6 4 3 2 3 2 3 5 3 3 3 3 5 1 2 2 7 5 4 4 7 1 2 2 2 1 6 1 2 2 0 6 5 1 1 6 2 2 1 2 4 0 2 4 3 0 2 2 0 6 3 3 2 4 2 1 3 4 2 1 1 1 3 2 2 5 1 0 2 1 2 3 2 1 3 1 2 2 2 6 2 1 2 4 0 2 3 3 1 1 1 7 3 2 2 1 2 2 2 2 0 0 1 2 2 2 2 1 2 2 2 5 2 1 2 0 2 1 0 2 0 4 6 2 0 2 1 1 3 2 3 0 2 2 3 3 1 2 3 10 6 80
TGA_C 86 48 19 15 17 15 8 8 8 7 5 2 8 3 6 2 3 2 2 0 2 5 0 4 2 0 4 1 0 2 2 1 2 2 3 3 4 2 1 3 2 2 3 2 1 5 3 2 1 1 0 2 1 1 1 0 1 2 2 0 1 2 1 1 2 1 1 2 0 0 1 2 0 4 1 3 2 1 1 1 0 0 1 1 0 0 1 4 0 2 1 0 1 2 1 0 1 0 0 1 0 1 0 2 2 1 0 0 0 2 1 0 1 2 1 1 3 0 3 0 0 0 0 1 1 0 2 1 0 2 2 1 2 3 0 0 0 2 2 0 2 0 0 2 1 0 1 1 1 1 0 0 0 2 2 2 1 1 1 1 1 0 0 1 0 0 0 1 2 0 0 0 1 1 0 0 0 1 0 1 1 0 0 0 0 0 2 0 1 1 1 0 0 0 0 0 0 0 1 2 0 0 1 3 1 28
TGA_T 70 30 24 11 11 12 9 6 4 2 5 2 4 5 3 4 1 2 1 0 0 3 2 2 1 3 1 2 2 1 2 1 2 1 1 0 3 2 2 1 0 0 1 2 0 1 0 4 1 1 1 0 4 2 1 0 1 1 2 2 0 2 0 0 0 0 1 0 2 0 1 0 1 1 2 2 1 0 3 0 1 0 0 2 0 1 0 1 1 0 0 2 0 1 0 2 0 0 0 0 0 0 1 0 0 1 1 1 1 0 1 0 1 0 0 1 1 1 0 0 1 0 1 0 1 0 1 0 0 0 0 0 0 0 0 1 0 1 1 1 0 0 0 0 1 0 2 0 0 0 0 1 0 2 1 0 0 0 0 0 1 0 3 0 0 0 0 0 2 0 0 0 0 1 0 0 0 0 2 0 0 0 0 0 1 0 0 2 0 0 0 0 0 0 0 0 0 0 0 1 1 0 1 3 2 9
TGC_A 237 125 79 42 30 37 34 18 15 22 16 17 15 13 15 11 9 12 11 10 9 18 7 9 8 6 6 6 9 9 6 8 5 1 3 4 9 7 10 7 5 8 7 3 4 9 8 3 4 5 4 10 7 7 1 6 2 6 5 6 1 5 2 2 4 5 3 7 5 7 4 2 4 6 4 4 2 3 6 5 4 5 6 2 4 5 3 2 1 6 5 3 4 3 2 1 1 3 1 1 2 0 4 3 1 3 4 3 1 2 3 2 4 1 3 0 4 5 2 5 3 1 4 1 0 4 1 1 3 4 3 3 0 3 0 6 3 4 2 2 3 4 0 4 1 1 1 0 0 2 2 0 0 1 3 3 0 3 1 1 2 0 2 0 3 3 2 2 2 4 2 1 0 0 2 5 1 1 1 2 1 0 2 3 2 4 1 3 2 0 2 4 3 2 1 0 3 2 3 10 2 2 3 1 4 79
TGC_C 46 40 21 7 11 7 10 4 2 5 3 3 4 2 2 4 3 1 0 4 3 1 1 2 1 1 5 3 1 3 1 1 1 2 5 1 2 3 0 0 2 1 1 3 1 4 1 1 2 2 1 1 2 3 1 0 0 1 0 1 0 2 1 0 2 1 1 0 2 1 3 1 1 0 1 0 1 1 1 0 2 3 2 1 1 0 1 1 1 2 0 1 1 1 1 0 0 0 1 0 1 0 1 0 1 3 0 1 2 0 0 0 2 1 3 0 0 3 0 2 0 1 0 1 2 1 2 0 1 0 1 2 2 0 0 1 0 0 0 0 0 1 2 0 0 3 1 1 0 0 0 0 1 0 0 0 0 0 2 1 0 1 0 0 0 0 0 0 2 0 1 0 0 1 1 0 1 0 1 0 0 1 2 0 1 0 0 1 0 0 1 1 0 1 1 0 1 0 1 0 0 1 0 0 1 14
TGC_T 84 50 28 22 18 11 19 12 6 4 3 7 10 2 5 6 5 4 2 2 5 3 1 3 1 2 4 2 4 2 2 2 1 0 2 3 3 2 3 2 3 2 2 1 1 4 2 1 5 1 1 0 2 1 1 2 0 3 1 6 1 1 0 4 1 1 0 0 3 3 0 1 2 4 1 1 1 0 0 1 1 1 0 0 2 2 1 1 0 0 0 1 1 1 2 1 1 2 0 2 0 0 2 0 1 0 2 3 0 1 0 0 2 1 2 1 2 0 0 2 2 0 2 1 3 5 1 0 1 1 0 1 4 0 0 1 0 1 0 1 1 1 0 2 2 2 1 1 0 4 0 1 1 0 0 1 0 0 1 1 0 2 1 0 0 0 1 2 1 2 1 1 2 2 1 2 1 1 0 1 2 0 1 0 0 2 2 0 1 0 2 1 2 1 1 0 0 0 0 2 1 2 1 7 6 25
TGG_A 344 168 111 50 41 52 37 37 21 20 21 16 18 13 20 11 18 20 21 13 13 15 13 18 9 9 12 7 8 10 8 4 7 9 8 7 14 15 9 10 13 4 8 6 5 7 5 11 8 7 7 8 12 7 5 4 6 4 6 8 4 7 3 6 6 5 6 2 5 7 4 8 2 9 5 5 6 8 3 6 5 7 8 5 5 6 2 4 7 5 7 7 8 3 5 10 3 6 5 4 5 3 4 2 2 5 5 6 3 2 0 0 8 6 2 2 6 5 1 1 2 3 4 4 2 5 2 2 4 0 3 4 2 0 1 2 1 3 3 5 4 5 3 5 2 1 3 1 3 2 1 0 2 1 2 3 1 9 2 1 3 0 2 2 0 2 2 4 3 1 5 2 2 1 4 2 0 1 2 2 1 2 3 4 2 4 2 3 4 2 6 1 0 4 2 6 4 2 6 6 10 7 3 6 15 106
TGG_C 86 32 35 16 13 11 8 13 8 5 8 3 3 9 4 7 2 3 4 4 2 3 3 3 5 1 2 3 1 2 3 1 1 1 3 3 5 0 2 2 4 1 1 1 1 2 0 1 1 2 2 2 2 2 0 2 1 3 1 1 1 0 1 0 0 2 1 1 0 1 2 3 2 3 3 0 1 3 1 1 1 2 1 3 4 2 1 0 0 1 1 0 0 0 0 1 1 0 0 1 1 0 0 3 0 1 2 1 0 0 1 0 0 1 2 1 1 0 3 0 0 1 1 3 0 1 1 2 1 2 0 1 1 0 1 1 1 0 2 1 2 1 3 1 1 1 0 1 0 1 0 2 0 1 2 1 1 1 1 0 0 0 0 0 0 1 1 0 0 1 0 1 0 3 0 0 1 1 3 1 1 0 1 0 1 1 2 0 0 1 0 0 2 0 0 0 1 1 1 0 0 1 2 6 5 22
TGG_T 75 45 31 18 15 8 7 5 9 4 2 5 6 3 3 2 3 1 3 2 1 3 3 6 4 1 3 2 4 2 0 2 1 1 3 3 2 2 0 3 2 1 1 5 2 1 3 2 2 2 5 3 2 1 2 0 1 1 0 4 1 2 1 5 1 4 1 2 0 3 2 1 2 3 3 1 3 0 1 2 3 1 2 0 2 0 1 0 2 0 0 1 1 0 0 1 1 1 0 1 2 0 2 3 1 1 1 0 1 1 0 1 1 0 0 0 1 0 0 1 1 0 0 0 2 1 2 1 2 1 0 0 2 0 1 1 2 0 0 2 1 0 1 0 0 2 0 2 1 2 0 0 0 2 1 0 0 1 2 0 0 3 0 0 0 1 1 0 1 0 1 1 1 0 1 0 0 0 0 0 0 1 0 0 0 1 1 0 1 2 1 1 2 0 1 0 2 3 2 1 1 1 3 1 1 33
TGT_A 352 179 112 77 49 38 39 27 34 25 23 21 23 7 28 12 12 21 14 14 11 21 17 17 8 10 14 12 8 14 12 10 9 12 13 7 13 5 6 11 8 7 5 12 10 16 11 7 9 10 10 8 8 15 7 3 11 10 6 3 7 11 7 6 6 11 6 3 15 6 6 5 6 5 7 12 9 3 5 3 5 5 11 7 3 14 7 6 4 5 4 8 4 4 5 2 3 4 2 3 4 4 5 5 3 5 7 2 4 3 3 9 8 3 2 1 6 4 2 2 2 4 6 4 2 3 3 7 5 9 6 4 5 5 3 4 3 2 7 3 4 8 3 2 3 2 4 3 1 3 2 4 2 2 0 2 0 4 5 4 1 4 3 5 4 1 5 3 2 4 0 0 2 1 2 4 2 3 1 3 3 2 5 0 4 3 4 5 1 2 2 4 5 2 3 9 4 4 5 11 8 5 5 5 17 196
TGT_C 89 51 18 16 16 9 14 10 9 9 3 3 4 7 2 0 3 4 5 5 4 1 2 2 0 3 2 3 6 2 2 1 5 0 4 2 4 5 3 4 3 2 2 2 3 1 1 3 3 2 1 2 3 4 0 2 2 0 2 3 1 0 2 3 0 2 2 1 3 4 3 4 2 1 2 0 3 1 0 2 1 2 0 1 0 2 4 3 0 3 1 2 1 1 0 1 1 1 1 1 3 1 1 0 0 0 2 2 1 1 0 2 0 2 0 0 2 1 2 2 1 1 1 2 1 0 0 0 1 3 1 0 2 3 1 0 0 0 1 0 1 2 0 1 0 1 0 1 1 0 0 0 3 1 1 1 0 0 5 0 2 1 1 0 1 0 1 0 1 0 1 0 1 1 0 1 0 1 3 2 0 1 2 0 0 1 4 2 0 0 0 1 1 1 1 0 0 0 1 1 1 2 2 5 5 38
TGT_T 120 51 30 17 19 10 16 7 9 10 6 6 5 8 7 4 2 5 2 2 5 0 4 1 4 2 4 5 4 1 2 1 7 2 3 2 4 4 4 2 3 2 2 2 0 6 3 4 8 1 2 1 1 1 2 3 2 1 1 2 2 2 0 3 4 1 4 1 3 0 1 1 5 2 0 2 3 2 0 1 3 2 0 4 1 6 1 0 3 1 2 3 2 0 1 2 1 3 0 1 1 0 2 1 1 1 0 0 2 0 1 6 3 2 4 0 0 1 0 0 1 0 2 1 0 0 0 0 1 1 2 1 1 1 0 1 1 0 2 3 0 1 1 1 1 1 0 0 0 0 1 1 1 1 0 2 0 1 2 2 1 1 1 2 1 1 3 0 2 1 1 2 0 0 1 1 0 0 2 1 0 1 0 0 0 1 2 5 2 1 3 0 1 0 0 0 0 1 2 2 1 0 3 4 6 39
TTA_A 80 47 23 12 11 9 7 5 4 2 4 5 5 4 5 4 5 9 0 1 1 1 1 3 2 4 3 6 0 2 4 1 1 1 3 3 3 3 3 1 3 1 3 0 1 2 2 2 0 1 0 1 2 2 0 3 1 2 0 1 1 6 2 1 2 1 1 1 1 1 1 3 1 3 1 2 0 1 1 3 3 1 3 1 0 2 1 0 1 2 1 0 1 0 3 0 1 2 4 0 2 1 1 0 1 1 0 1 1 2 1 1 0 0 0 0 0 0 1 0 0 0 1 2 0 0 3 2 0 1 2 1 0 1 0 1 1 2 1 0 1 0 0 0 0 2 2 0 0 3 0 5 1 2 2 0 0 0 0 0 2 1 0 0 1 0 2 1 1 2 0 0 0 1 1 1 1 0 0 1 0 1 0 2 1 1 0 1 1 1 1 0 0 0 1 1 2 2 3 0 5 1 3 6 12 89
TTA_C 127 55 39 25 15 20 16 9 9 9 9 6 12 8 15 11 10 6 4 2 6 5 3 4 3 6 1 3 6 1 4 3 11 5 3 2 4 5 5 3 1 3 6 4 2 6 3 0 3 4 5 3 6 3 1 5 1 0 1 0 1 2 4 2 1 3 0 1 5 2 2 3 2 1 2 4 2 4 3 0 1 1 2 4 3 1 1 2 5 1 2 2 3 0 3 4 2 3 3 0 4 1 0 3 0 0 2 1 1 2 2 2 2 0 0 1 1 2 1 4 0 3 3 1 1 0 0 0 3 0 3 2 2 2 2 0 4 3 0 0 3 0 2 5 0 2 2 0 0 4 2 2 1 2 1 1 0 2 0 2 0 1 2 0 2 2 2 1 1 0 1 0 1 0 3 3 1 1 2 3 1 5 0 3 0 0 2 1 1 1 2 4 1 3 1 1 1 1 1 0 5 1 2 0 11 64
TTA_G 39 27 13 6 7 4 4 1 2 3 3 1 2 0 3 3 1 0 2 2 1 2 0 0 3 0 2 1 2 2 0 1 1 1 1 2 0 1 1 3 0 1 2 2 2 1 0 2 1 2 0 2 0 2 1 0 0 1 1 0 1 0 1 0 3 0 0 0 1 1 0 1 2 3 0 2 0 1 0 1 0 1 0 0 0 1 2 0 0 1 2 0 0 1 0 3 0 1 1 0 1 1 1 2 1 0 1 1 1 1 1 0 0 1 1 0 1 1 0 2 0 0 2 0 0 1 0 1 1 0 0 2 0 1 0 0 0 1 1 0 0 0 0 1 0 0 0 1 0 1 0 2 1 0 0 2 0 0 0 1 0 6 0 0 1 0 2 0 1 0 0 0 1 0 1 1 0 0 0 0 0 0 0 0 1 0 1 0 1 0 0 0 1 0 4 0 3 0 0 2 1 1 0 1 2 24
TTC_A 31 12 13 4 6 3 3 1 1 4 2 1 1 0 1 1 0 1 0 1 0 0 1 3 0 0 1 0 0 1 1 0 0 0 0 0 0 0 1 1 0 1 3 4 0 1 0 1 1 0 0 0 0 2 0 1 0 0 0 0 1 2 0 1 0 2 0 2 1 0 0 0 1 0 0 2 1 1 2 0 2 1 1 1 0 0 0 0 0 0 0 1 0 0 1 0 1 0 0 1 0 0 2 0 0 1 0 0 0 0 1 0 1 0 0 0 0 0 0 0 0 0 0 1 1 0 0 0 0 0 1 0 0 0 0 0 0 1 0 1 0 0 0 1 0 1 0 0 0 0 0 1 0 0 0 0 1 0 0 0 0 0 1 0 1 0 0 0 0 0 0 0 0 0 0 0 1 0 0 0 0 0 1 0 1 0 0 0 0 0 0 0 1 0 0 0 0 0 0 0 0 0 1 2 2 7
TTC_C 119 52 28 23 12 19 16 9 14 13 8 9 9 3 8 6 9 3 2 8 4 5 3 4 1 2 3 4 2 3 6 4 1 1 2 2 5 4 3 3 1 3 2 4 6 3 1 5 5 1 3 2 6 2 2 5 1 2 4 1 2 3 2 3 2 3 1 1 2 4 1 1 1 1 1 3 2 2 3 6 1 4 2 2 2 1 3 1 2 0 2 1 0 0 1 0 0 0 0 1 1 1 4 1 1 0 0 0 2 2 0 2 2 1 1 1 1 2 1 2 3 3 1 2 0 1 2 1 3 2 0 3 2 0 1 0 1 0 0 0 1 1 0 1 0 2 1 0 2 1 0 1 4 2 0 2 2 1 1 0 2 1 3 2 3 0 0 1 1 0 1 1 0 1 0 3 1 1 2 1 1 2 0 1 0 1 2 2 0 0 1 1 0 1 2 3 6 1 1 4 5 2 3 4 8 62
TTC_G 36 27 17 7 4 9 3 2 5 2 0 3 5 1 6 2 3 0 0 2 1 1 3 4 3 1 0 2 0 0 0 3 0 1 0 5 5 0 0 2 0 0 1 2 2 3 2 2 0 1 1 1 0 0 0 2 0 1 0 2 1 3 0 0 2 3 0 0 0 0 1 0 0 0 0 1 0 0 0 2 0 3 1 0 1 0 0 2 0 0 1 0 0 0 1 0 0 1 1 0 0 0 2 0 1 0 0 1 1 0 2 0 2 0 1 0 2 0 1 1 0 0 1 2 2 0 0 0 1 1 2 0 0 0 0 1 0 0 0 1 0 0 0 1 0 0 0 1 0 1 0 0 1 1 1 1 0 1 0 0 1 0 0 0 1 0 0 0 1 0 1 1 0 0 1 0 2 0 0 0 2 0 0 2 0 1 0 0 0 0 0 2 1 1 1 0 0 0 1 1 2 1 0 1 2 19
TTG_A 28 13 10 4 10 1 3 0 3 1 0 1 1 3 3 2 2 1 3 1 0 1 2 0 1 0 0 1 0 3 0 0 0 0 0 3 0 1 0 0 0 2 0 2 0 0 0 1 0 0 1 0 0 3 0 1 0 0 0 2 0 0 0 0 1 0 0 2 0 1 1 0 0 0 0 1 1 0 0 1 0 1 1 0 0 0 0 0 1 0 0 1 1 0 1 0 0 0 0 0 1 0 0 0 0 1 0 1 0 0 0 0 0 0 0 0 0 0 0 0 0 1 1 0 0 0 0 1 0 1 0 0 0 0 0 0 0 0 0 0 1 2 0 0 1 0 0 0 2 0 0 0 0 0 0 1 1 0 0 0 0 0 0 0 0 0 0 0 1 1 1 0 1 0 1 0 0 0 0 0 0 0 0 1 0 0 2 0 0 0 0 0 1 0 1 0 0 0 1 0 0 0 0 1 1 7
TTG_C 142 73 40 22 28 27 16 12 7 13 10 10 12 8 4 4 5 9 8 4 7 6 5 9 3 2 1 8 1 1 6 5 3 5 1 3 3 3 4 2 4 9 2 6 3 3 9 9 2 3 2 7 4 8 0 3 0 2 2 0 3 3 4 5 5 4 3 2 2 4 3 3 6 12 2 4 1 5 4 4 1 3 4 0 0 5 2 0 2 3 1 1 3 3 1 5 3 4 0 6 3 4 1 4 2 2 3 0 3 1 3 4 6 1 0 4 4 4 1 2 2 2 5 6 2 2 2 1 1 3 2 2 2 3 2 2 2 5 3 4 2 2 1 5 2 3 3 2 2 2 2 3 1 5 3 1 3 1 1 2 1 0 5 3 2 4 3 1 2 1 1 1 2 2 4 2 2 0 2 2 4 2 3 1 2 3 3 7 5 3 3 2 8 4 6 4 7 4 11 9 7 7 17 18 39 488
TTG_G 74 30 20 6 7 9 11 3 13 7 5 5 5 1 2 4 6 6 3 6 2 6 1 1 1 3 2 5 2 0 2 2 4 1 2 3 3 2 1 1 1 1 0 4 1 2 0 1 4 2 4 2 1 1 0 3 1 2 3 1 0 1 0 6 1 2 1 0 2 2 0 0 1 1 2 2 0 2 1 0 2 1 2 0 0 2 0 0 1 0 2 0 1 3 3 0 1 1 1 2 0 0 2 0 0 0 2 1 0 3 1 0 0 0 1 0 0 2 0 1 1 0 1 1 0 3 1 0 1 1 0 1 0 0 2 2 0 2 0 1 3 0 2 0 2 0 1 1 1 1 0 0 0 1 0 2 0 1 1 0 0 0 1 0 0 0 1 0 0 1 0 0 1 1 1 1 0 1 1 0 0 1 0 0 0 1 0 0 0 0 1 1 0 2 0 1 2 0 1 2 2 0 0 3 1 39
TTT_A 63 35 19 6 13 10 9 6 5 7 2 8 3 3 4 2 7 2 2 2 1 2 2 2 2 0 6 1 2 2 1 2 3 0 0 4 1 2 0 2 2 2 1 0 0 1 3 2 2 1 1 1 5 1 1 3 3 0 2 0 0 0 2 2 3 0 1 0 3 1 1 0 1 0 1 0 1 1 0 0 1 0 0 0 1 1 3 1 0 1 1 1 0 2 1 0 1 0 0 1 0 0 0 1 0 3 2 0 0 0 1 1 1 1 1 0 2 0 1 1 0 1 2 1 0 1 2 0 1 2 0 0 0 0 0 1 1 1 1 1 1 0 0 1 0 0 1 1 1 0 0 0 0 0 0 1 0 0 0 0 1 0 0 0 1 0 0 1 1 1 1 2 1 0 0 1 2 1 0 1 0 0 0 1 0 1 0 0 0 3 1 0 0 2 1 1 1 1 0 0 0 1 0 1 4 24
TTT_C 180 114 60 34 30 38 30 21 23 16 6 16 14 12 6 6 8 8 8 10 8 13 11 5 9 5 10 6 4 7 3 4 2 7 4 5 9 9 0 4 5 1 6 2 8 6 7 9 5 4 7 14 6 4 3 5 3 3 5 7 6 7 8 1 7 2 1 4 3 2 5 2 6 4 4 7 3 4 4 4 2 6 2 1 2 4 3 5 3 2 5 1 5 3 3 5 3 2 1 2 4 2 3 2 1 4 0 1 2 2 2 2 4 2 1 6 1 4 3 0 6 2 5 3 3 2 1 2 3 7 2 2 3 3 5 4 4 2 2 1 3 3 2 1 0 0 0 1 1 4 1 1 1 2 1 4 2 2 1 2 1 4 2 2 0 2 1 2 2 2 1 2 1 1 2 1 1 1 1 0 0 3 0 1 1 2 1 2 1 4 1 3 0 1 5 0 6 1 3 0 3 2 6 7 8 64
TTT_G 109 56 48 17 19 15 19 14 5 9 7 8 8 10 4 3 3 10 10 9 9 3 5 4 4 4 13 4 1 5 1 3 3 2 2 1 3 3 2 0 3 2 2 3 1 2 5 4 6 2 0 1 2 5 2 3 3 2 1 3 0 4 1 1 0 3 0 0 2 0 0 1 2 0 1 3 3 2 0 3 0 5 1 3 2 4 0 2 2 3 3 0 2 2 0 1 0 1 1 0 0 0 4 1 1 2 0 0 0 3 0 1 1 1 1 2 1 2 1 3 1 1 2 1 1 1 0 0 2 2 0 0 1 1 2 3 1 1 2 1 1 3 0 2 1 1 1 0 0 2 1 0 2 1 0 0 0 0 1 2 1 0 0 2 4 1 0 1 1 0 0 2 1 2 2 4 1 1 1 1 0 0 1 2 1 1 0 1 0 3 1 4 0 1 0 3 1 1 1 1 1 2 1 2 5 52
