Mut 1 2 3 4 5 6 7 8 9 10 11 12 13 14 15 16 17 18 19 20 21 22 23 24 25 26 27 28 29 30 31 32 33 34 35 36 37 38 39 40 41 42 43 44 45 46 47 48 49 50 51 52 53 54 55 56 57 58 59 60 61 62 63 64 65 66 67 68 69 70 71 72 73 74 75 76 77 78 79 80 81 82 83 84 85 86 87 88 89 90 91 92 93 94 95 96 97 98 99 100 101 102 103 104 105 106 107 108 109 110 111 112 113 114 115 116 117 118 119 120 121 122 123 124 125 126 127 128 129 130 131 132 133 134 135 136 137 138 139 140 141 142 143 144 145 146 147 148 149 150 151 152 153 154 155 156 157 158 159 160 161 162 163 164 165 166 167 168 169 170 171 172 173 174 175 176 177 178 179 180 181 182 183 184 185 186 187 188 189 190 191 192 193 194 195 196 197 198
AAA_C 144 54 36 20 18 20 15 10 10 10 7 10 5 4 8 5 7 6 8 6 7 9 3 5 1 4 1 7 1 4 0 6 2 6 2 1 2 3 4 1 4 5 4 1 2 0 1 4 0 3 2 4 3 7 1 5 3 3 4 3 7 4 4 2 1 4 3 2 1 3 3 3 1 3 1 2 2 0 2 1 5 0 3 2 1 1 2 0 0 1 2 2 3 1 1 1 1 0 2 3 3 3 2 4 0 1 1 2 3 4 2 1 5 1 1 3 1 1 0 2 1 2 1 1 1 3 0 1 2 2 0 0 0 0 1 2 3 0 1 1 4 3 1 2 1 1 0 0 1 1 0 1 1 1 2 3 0 2 1 2 6 0 0 1 0 0 1 0 0 0 0 0 1 1 0 3 0 1 4 1 0 3 2 2 4 1 0 0 0 3 3 2 2 2 2 7 5 46
AAA_G 200 94 62 42 30 24 19 28 24 14 16 18 9 9 11 6 8 9 12 9 14 6 2 9 9 5 9 7 7 7 9 0 6 7 3 3 5 3 7 3 2 7 8 1 3 3 7 6 6 3 4 7 3 5 2 5 2 7 6 5 3 11 2 7 8 3 2 4 3 1 3 3 5 4 5 3 7 3 1 5 2 2 5 1 4 4 1 1 4 6 3 3 3 4 4 5 5 2 2 4 2 0 3 4 2 3 0 2 1 2 2 3 3 1 1 1 2 2 2 6 2 5 2 2 3 4 1 3 2 4 3 0 1 4 1 2 4 4 3 1 3 5 3 2 2 0 0 1 0 2 4 2 2 1 4 2 2 0 4 1 1 1 2 2 1 3 4 1 1 1 4 2 1 2 1 2 3 1 0 3 2 1 1 1 4 7 2 2 1 5 4 4 6 3 5 4 10 77
AAA_T 62 40 18 11 9 11 10 9 6 9 1 1 3 4 2 2 7 3 4 2 10 7 2 0 0 2 3 4 1 4 2 2 3 2 5 2 1 4 4 0 1 4 1 3 2 3 1 2 2 1 0 1 0 1 0 2 0 3 1 0 0 2 4 1 3 1 2 0 1 1 1 0 0 4 1 1 2 1 2 2 2 1 2 1 1 0 0 0 2 2 1 2 5 3 0 1 1 1 4 1 1 0 2 2 1 2 0 1 1 0 2 0 1 0 1 0 0 1 2 6 1 1 0 1 0 0 0 2 0 0 1 1 0 1 1 0 0 0 1 0 1 2 0 1 2 1 0 0 0 1 0 1 0 2 2 0 3 0 0 1 1 0 0 0 0 2 0 0 1 0 0 0 0 1 0 1 0 0 2 0 0 0 2 0 0 0 1 1 1 0 0 0 1 4 0 0 6 33
AAC_C 63 20 14 10 5 4 4 4 3 3 3 3 3 0 2 4 3 4 0 3 2 1 2 2 2 1 0 0 2 0 2 1 0 2 2 0 0 1 0 0 0 1 1 1 3 0 1 0 0 2 1 0 0 1 2 0 2 1 1 0 2 0 0 0 1 1 0 0 1 0 0 0 4 1 1 1 2 0 0 1 1 0 0 1 0 0 0 0 1 2 0 0 0 0 1 1 1 0 0 1 0 1 0 1 1 0 0 1 0 1 0 0 1 0 1 0 1 1 1 1 0 0 0 0 0 2 0 1 1 2 0 0 1 1 0 0 0 1 1 0 1 0 0 1 0 0 1 1 0 0 1 0 1 0 0 0 1 1 0 0 0 0 0 0 0 1 0 0 0 1 1 0 0 2 1 1 1 2 1 0 0 0 1 1 0 0 0 0 1 0 1 1 0 0 0 1 0 26
AAC_G 122 63 48 25 21 22 14 17 6 4 9 13 8 5 11 9 9 6 6 8 10 7 3 3 3 4 6 3 5 3 7 2 4 7 3 6 2 2 2 7 2 3 5 3 3 4 5 4 2 2 3 5 1 5 3 1 5 4 5 3 3 1 5 2 5 3 3 1 0 1 2 2 2 2 6 2 1 3 6 1 1 1 2 2 6 2 2 3 2 3 1 1 4 0 3 3 4 4 2 3 2 1 4 5 3 2 1 2 3 5 1 1 1 4 1 2 1 2 2 1 2 5 2 3 2 4 0 0 1 1 1 3 1 2 2 0 1 1 3 1 1 0 2 4 2 0 2 1 1 3 3 1 3 3 1 0 2 0 4 0 3 0 0 0 0 2 3 1 0 1 2 1 1 2 1 3 4 2 3 2 2 1 2 1 4 3 1 2 3 1 2 3 0 4 1 1 7 61
AAC_T 32 18 8 7 5 9 5 2 2 0 1 1 1 2 2 1 3 2 2 2 0 1 0 0 2 0 1 0 0 0 1 1 1 1 1 2 0 2 1 1 0 1 1 0 0 0 1 1 1 0 0 0 1 3 0 0 3 1 2 1 0 0 0 0 0 0 1 0 1 0 0 1 0 2 0 0 0 0 0 1 2 0 1 1 0 1 0 0 0 1 0 1 1 0 2 1 1 0 1 0 0 1 1 1 0 0 0 0 3 1 0 0 1 0 0 0 0 1 0 0 0 0 0 0 0 0 0 0 0 0 0 0 1 0 0 2 0 0 0 0 0 0 1 0 0 1 0 0 0 0 0 0 0 0 1 0 0 0 1 2 1 1 0 0 0 1 0 0 0 0 2 0 1 0 0 0 0 1 1 1 0 1 0 0 0 0 1 2 2 0 0 0 2 3 0 1 0 11
AAG_C 55 27 10 10 8 7 2 5 9 7 0 1 4 0 0 4 3 2 1 4 2 2 2 3 2 2 1 1 2 0 1 0 1 1 1 1 0 3 0 3 1 1 3 1 0 1 1 2 0 2 1 0 1 1 1 1 2 0 3 1 0 2 1 1 0 0 0 1 2 0 0 0 0 0 0 2 1 1 1 0 2 0 0 0 1 3 0 0 1 1 0 1 0 0 1 1 0 1 1 2 0 2 0 0 0 0 0 2 1 1 2 1 1 1 2 0 1 1 0 0 0 2 1 0 0 0 0 0 0 0 0 1 1 0 1 0 1 0 1 0 3 1 0 0 2 0 1 0 0 1 0 0 0 0 0 1 0 0 0 0 0 0 0 0 0 1 0 1 0 1 1 0 1 0 0 1 0 0 0 0 0 1 1 0 1 1 1 0 0 0 0 0 0 0 3 1 1 17
AAG_G 162 69 49 32 22 22 17 10 14 15 11 7 11 8 8 6 7 11 7 9 5 7 4 5 3 9 2 2 3 4 4 4 5 6 2 8 4 3 2 2 2 6 6 5 0 2 5 5 3 4 1 3 1 5 4 4 1 1 4 5 4 1 4 3 1 4 5 3 4 2 3 3 4 0 4 1 5 3 4 2 6 1 4 3 3 2 1 1 2 1 5 2 4 2 0 1 1 0 3 1 2 1 4 4 4 1 4 3 2 2 1 4 1 2 3 3 0 3 0 1 4 2 0 1 0 0 0 2 0 2 2 1 3 1 0 2 2 3 6 2 5 3 4 2 3 3 3 2 2 1 3 0 3 1 2 1 1 1 2 2 2 0 0 0 0 4 2 0 4 1 0 1 4 2 1 1 3 6 5 3 1 1 1 0 6 4 3 2 4 0 1 3 0 1 3 5 10 92
AAG_T 30 12 8 6 5 1 3 4 3 0 1 2 2 2 1 1 2 2 0 1 5 1 0 1 1 1 0 0 2 2 2 2 0 1 1 0 2 2 1 0 1 1 0 0 0 0 1 0 0 0 1 0 0 0 3 1 0 2 2 1 2 0 2 2 3 1 0 0 0 1 0 1 2 1 0 0 1 0 1 0 0 0 0 0 0 0 0 0 1 1 0 0 2 0 2 0 1 0 1 1 0 1 0 1 1 0 0 0 0 1 0 0 0 0 0 0 0 0 1 0 1 0 0 0 0 0 0 0 0 0 0 0 0 0 2 0 1 0 2 0 1 0 0 0 1 0 0 0 0 0 1 0 0 0 2 1 0 0 0 0 0 0 1 0 0 2 0 1 0 0 0 1 0 0 0 2 0 0 0 0 0 0 0 0 0 0 0 0 0 3 1 1 0 0 1 3 2 12
AAT_C 44 15 13 10 7 8 8 1 2 7 3 0 0 2 3 1 2 2 0 3 0 2 3 2 1 1 0 0 1 1 1 1 2 2 3 0 2 1 1 2 2 2 0 1 1 0 1 1 0 3 2 2 0 0 1 0 4 0 0 1 0 1 2 1 2 1 0 0 0 1 0 2 2 1 1 0 0 0 1 1 0 0 1 0 0 2 0 1 0 0 1 0 0 0 0 0 0 1 1 0 0 1 2 0 2 1 1 2 0 1 0 0 0 0 1 0 0 1 0 0 1 0 1 1 0 0 0 1 1 1 1 2 1 0 2 0 0 0 1 1 0 1 0 2 0 1 0 0 0 1 0 0 0 0 3 0 0 0 1 0 0 0 1 0 1 0 0 0 1 2 0 0 3 0 1 0 1 0 0 0 1 1 1 1 1 2 0 0 1 0 0 0 1 1 0 1 1 21
AAT_G 314 119 89 57 44 40 34 25 17 34 15 22 21 24 14 11 25 16 20 28 14 13 11 10 6 11 7 8 14 4 8 15 8 8 9 6 9 4 11 7 10 12 10 7 8 4 4 10 9 6 9 5 9 6 5 3 9 9 8 4 8 7 7 7 8 10 4 8 8 5 6 3 1 11 2 3 7 4 4 5 4 6 5 2 5 5 3 1 6 3 5 8 6 11 5 2 8 3 2 6 2 7 5 3 4 3 4 5 1 2 4 4 3 5 7 1 4 8 1 3 5 7 4 5 5 4 2 2 2 1 2 3 3 4 3 3 2 1 3 5 2 3 4 3 2 1 3 3 8 3 3 5 5 2 5 2 2 2 2 6 2 0 7 0 4 2 1 0 7 3 1 3 4 4 2 6 2 7 3 1 2 5 3 2 6 3 5 4 2 2 2 11 2 5 11 9 6 116
AAT_T 64 40 15 10 4 8 5 10 8 8 4 2 4 5 2 1 4 4 0 4 1 4 1 0 0 5 3 2 4 0 1 0 2 0 0 1 0 1 2 2 2 3 0 3 0 0 1 1 0 0 0 0 0 0 2 1 3 1 0 0 1 3 0 1 0 2 1 0 0 0 2 1 2 0 1 0 1 0 2 2 1 1 0 2 0 0 0 0 1 0 3 0 1 0 1 1 0 1 0 2 1 1 0 0 0 1 2 0 1 0 0 1 0 2 0 1 0 0 1 0 0 2 1 0 0 1 0 0 1 1 1 0 1 1 0 1 2 0 2 1 1 1 0 0 0 0 0 0 0 1 0 3 0 0 0 1 0 0 0 2 0 0 0 0 0 1 0 0 1 0 1 0 0 1 0 1 1 1 1 0 1 0 0 0 0 0 1 0 1 3 2 3 0 1 2 1 4 40
ACA_A 113 44 29 21 19 26 11 10 11 11 3 5 5 3 3 7 5 6 6 7 2 3 3 4 4 2 3 4 4 3 4 3 0 2 4 1 3 2 2 1 3 6 4 3 2 0 1 1 0 1 1 0 2 3 1 4 4 5 5 1 1 0 3 2 1 1 1 0 1 2 3 3 1 1 3 0 0 1 2 3 1 1 5 1 1 0 0 2 0 0 1 3 1 2 4 2 3 1 2 3 2 1 1 3 1 0 2 1 4 0 3 1 0 1 1 0 3 3 2 0 1 1 1 0 1 0 1 1 1 1 1 0 0 1 2 0 1 1 3 0 0 0 2 3 0 0 2 0 1 1 1 3 0 0 1 0 1 1 3 0 0 0 0 0 1 0 1 0 0 1 0 0 2 1 0 3 1 0 3 1 0 0 0 0 0 2 2 3 0 2 1 3 1 1 2 1 6 48
ACA_G 83 40 24 25 16 11 8 11 6 11 5 6 9 1 7 3 4 3 6 7 8 2 7 5 2 4 7 4 3 2 5 4 2 1 0 3 2 4 1 4 0 2 4 5 1 2 1 5 0 5 3 4 2 5 1 6 2 1 3 1 1 0 2 3 0 1 4 0 1 1 3 1 0 0 0 1 2 2 0 2 1 4 1 1 2 2 3 1 1 6 1 0 0 1 0 2 0 2 0 1 2 3 0 1 3 1 1 1 2 2 3 2 0 1 2 0 0 0 0 1 2 2 0 0 0 0 4 1 1 1 1 1 0 0 1 0 2 2 2 0 0 2 0 1 1 0 0 0 0 0 2 0 0 0 2 1 1 0 0 0 1 0 1 0 1 1 0 0 1 0 2 0 1 0 0 1 2 1 3 1 1 1 2 3 0 0 4 1 1 0 0 6 2 3 1 4 6 44
ACA_T 376 165 101 57 39 46 31 42 24 31 29 11 23 24 18 24 19 14 12 14 12 24 8 17 9 9 12 8 15 13 16 6 7 7 7 6 9 5 7 7 7 12 6 6 5 10 7 7 5 14 8 4 4 7 6 3 4 7 6 4 2 5 6 4 4 12 6 7 5 2 10 3 2 5 3 6 5 8 4 6 3 6 10 6 3 3 3 4 3 9 2 6 13 6 7 4 8 7 6 5 5 5 5 6 5 3 3 6 4 4 2 2 5 4 5 6 6 5 1 2 1 2 0 1 1 3 1 4 2 4 2 4 3 4 2 3 5 3 7 1 3 1 4 2 1 6 2 1 3 9 4 4 4 4 2 6 5 3 4 5 2 5 0 0 2 3 3 2 3 5 2 2 3 6 3 1 8 8 2 3 6 0 1 3 7 7 4 7 7 3 2 6 3 7 14 17 21 216
ACC_A 124 65 42 21 14 21 13 9 9 7 4 9 6 5 5 11 6 7 9 5 4 7 4 6 3 2 7 6 9 4 3 5 3 3 2 1 2 4 1 2 7 2 5 3 2 5 0 1 2 3 2 2 2 3 2 2 5 2 2 3 2 0 1 5 1 5 1 4 0 1 1 0 1 0 0 1 2 0 1 4 1 3 2 1 3 1 2 0 2 2 1 2 3 4 1 1 2 5 2 3 2 3 1 2 3 1 1 1 4 1 1 2 4 2 1 1 1 0 4 1 1 0 2 2 1 5 0 1 1 1 1 0 1 0 2 2 3 1 3 1 1 3 1 1 2 0 1 2 1 2 2 2 0 2 0 0 0 0 1 0 0 2 1 1 0 2 0 0 2 0 2 0 1 1 0 1 2 1 0 0 1 2 2 0 1 2 3 0 3 0 3 2 1 1 3 4 5 50
ACC_G 60 32 20 11 14 14 5 8 3 11 1 4 4 3 3 4 5 2 3 5 4 5 5 4 2 2 2 2 2 0 3 1 3 2 1 3 2 3 2 1 0 2 2 0 2 1 0 1 0 1 0 0 2 2 3 3 2 1 0 2 1 0 0 2 1 1 1 0 0 0 4 2 0 2 1 1 2 0 3 3 1 2 0 0 1 1 3 0 1 3 1 0 2 2 0 3 1 0 0 1 0 1 4 1 0 0 0 2 0 1 0 0 1 0 3 1 0 2 0 0 0 1 1 0 0 0 1 0 2 2 0 2 1 2 0 0 1 0 4 1 0 0 1 2 0 2 1 0 1 0 0 2 1 1 1 1 1 0 0 2 1 0 1 2 2 1 2 1 1 3 2 2 1 2 0 4 0 0 1 2 1 1 0 1 1 0 1 1 0 1 0 2 1 2 2 2 6 27
ACC_T 327 156 93 58 48 52 31 31 17 22 16 18 14 11 16 16 11 12 10 16 7 10 6 8 6 4 7 8 1 8 8 7 6 4 4 6 9 7 9 9 2 7 5 6 8 3 6 2 6 3 9 4 5 6 4 7 6 5 5 4 5 2 3 5 4 6 2 2 3 2 4 4 1 3 5 4 1 3 2 2 4 2 3 3 3 2 4 6 3 6 0 2 3 1 3 4 4 0 5 2 4 3 6 3 2 3 2 5 4 9 7 7 3 8 2 3 3 2 0 3 1 2 3 1 4 1 5 5 3 2 1 4 4 2 4 5 3 2 3 2 7 2 0 2 2 1 5 1 3 2 4 2 1 2 4 2 0 1 1 2 0 1 0 1 3 0 1 6 4 3 5 3 2 2 0 1 2 3 2 1 1 1 1 1 1 2 0 3 1 1 3 6 1 5 7 8 7 84
ACG_A 27 17 17 11 5 6 3 4 4 4 3 5 1 0 0 1 0 3 5 1 2 2 5 1 0 3 0 1 2 3 2 2 1 0 1 0 0 4 1 1 1 0 4 1 0 1 0 2 1 0 0 2 2 2 0 0 3 1 1 1 0 0 1 1 0 1 2 0 1 0 1 1 1 0 0 1 0 1 1 0 1 2 0 0 1 0 1 0 1 2 1 1 0 1 0 1 0 0 1 0 0 0 0 0 1 0 0 1 1 1 0 0 0 0 0 0 0 1 1 0 0 0 0 1 1 0 0 0 1 0 1 0 0 0 0 1 1 2 0 0 1 0 0 1 0 2 2 1 0 0 0 1 0 0 0 0 0 0 0 0 0 1 0 0 0 2 0 0 0 0 1 0 0 3 0 0 0 0 0 1 0 1 0 0 1 1 0 1 0 0 1 1 0 0 0 1 1 15
ACG_G 26 14 8 6 4 1 4 4 1 4 2 2 1 1 0 2 0 0 1 1 2 2 1 2 1 1 3 1 0 0 1 0 2 2 3 2 1 1 0 0 2 2 1 2 0 0 0 1 1 1 0 2 0 0 1 0 4 0 2 0 0 0 0 3 0 0 0 1 0 0 1 2 1 0 1 1 0 1 1 2 0 1 0 0 0 0 1 1 2 2 0 0 1 1 2 0 1 0 0 0 0 1 0 0 0 1 0 0 2 1 0 1 1 0 0 0 1 1 2 0 1 0 1 0 0 2 0 0 0 0 0 1 0 0 1 0 0 0 0 0 0 0 1 1 1 1 0 0 0 0 1 0 0 0 0 0 0 0 0 0 0 1 0 0 1 0 0 1 0 1 0 0 1 1 0 0 1 1 2 1 0 0 0 0 1 1 0 0 0 0 0 0 0 0 0 1 2 26
ACG_T 971 374 216 158 103 126 72 77 60 62 47 47 40 29 34 45 28 42 27 46 40 31 22 23 28 29 36 19 26 22 22 13 13 25 21 22 18 22 20 18 17 17 23 20 20 22 12 22 9 17 15 18 17 13 14 16 16 19 11 18 19 16 19 14 10 11 13 10 13 10 5 11 11 14 13 8 12 11 5 15 12 6 9 9 12 7 11 9 14 22 8 10 12 13 11 9 15 12 7 14 9 9 4 6 13 8 9 10 10 10 7 6 3 4 11 9 9 9 6 10 13 5 10 4 11 8 3 6 4 7 11 8 10 8 7 4 10 5 8 5 5 12 7 8 5 3 8 10 4 8 11 7 3 4 8 9 8 6 5 8 6 4 8 10 4 5 4 6 11 7 6 3 5 9 6 8 8 15 4 7 9 6 3 3 15 3 7 6 8 12 5 8 11 10 21 17 27 305
ACT_A 60 27 14 7 6 10 4 5 7 3 2 3 8 2 1 3 1 4 0 1 2 2 0 1 2 1 4 2 1 1 3 0 2 1 0 0 0 1 1 2 1 0 1 0 0 1 0 2 0 1 0 1 3 1 1 0 5 1 0 1 0 1 1 1 0 0 0 0 0 0 1 1 0 1 0 1 1 0 1 2 1 0 0 0 2 0 0 0 0 0 0 3 0 2 0 0 2 0 1 1 0 0 1 0 0 1 0 0 1 0 0 1 1 1 0 0 0 2 0 0 0 0 0 0 0 1 0 0 1 1 0 1 0 0 2 0 1 2 1 0 0 2 0 2 0 0 0 0 0 0 0 1 1 0 0 0 0 0 0 1 2 0 0 1 0 2 0 0 0 0 0 1 0 0 1 1 0 1 0 0 1 0 0 0 0 0 0 0 2 0 1 0 1 1 1 2 2 18
ACT_G 82 45 26 10 11 17 6 12 6 4 8 4 4 5 3 4 5 2 6 3 6 5 0 3 2 2 4 3 4 3 2 1 4 4 1 1 0 4 2 1 2 2 4 3 5 0 2 3 2 2 1 3 3 1 1 0 2 5 4 3 2 1 3 2 2 1 3 1 0 0 2 1 2 0 0 2 1 1 0 1 1 0 5 0 0 1 1 0 5 2 2 1 1 2 1 0 0 1 0 5 2 3 0 1 1 1 1 0 2 2 2 0 0 0 0 1 1 0 1 1 3 0 2 0 0 0 1 2 1 2 1 0 2 0 0 2 2 0 0 1 1 1 0 0 0 1 1 1 0 0 1 1 1 0 0 0 2 0 0 0 1 0 2 1 1 1 0 0 0 0 0 2 2 0 2 1 1 2 1 0 1 0 0 0 2 1 0 1 2 0 0 1 1 0 3 4 4 26
ACT_T 236 114 66 50 34 42 23 23 14 21 13 16 12 7 7 11 11 7 19 13 14 10 6 9 6 9 3 9 8 10 6 5 7 10 7 6 4 4 6 4 6 8 7 9 2 3 5 11 4 6 5 5 4 4 4 6 4 4 3 3 4 6 6 5 5 4 5 0 2 2 5 4 3 6 3 0 2 3 3 2 3 4 5 2 3 5 2 1 1 2 2 2 7 3 4 4 6 6 3 3 4 2 5 2 5 3 6 1 2 2 5 2 1 3 4 2 2 3 2 1 7 0 3 2 3 4 4 1 2 2 2 1 4 1 4 4 2 0 1 1 1 3 1 1 3 0 2 2 3 3 3 2 3 1 1 2 0 3 2 1 0 3 1 2 1 2 1 2 0 4 3 1 2 2 1 2 1 11 4 2 2 1 0 1 3 3 2 2 4 0 2 3 4 8 3 6 11 153
AGA_A 311 131 82 40 28 30 25 26 18 15 13 11 16 9 7 12 6 16 11 10 12 12 6 9 6 3 11 6 6 6 5 7 2 4 12 5 6 12 8 6 2 5 6 5 4 5 3 5 2 4 7 4 4 2 0 5 2 12 2 4 10 6 6 6 3 7 3 3 4 6 4 2 6 6 1 2 3 4 3 3 4 4 5 1 0 3 3 3 3 4 2 2 2 5 2 1 5 2 2 5 1 2 3 2 5 8 3 7 2 2 4 4 1 6 2 1 1 5 3 4 4 3 4 2 4 4 0 2 1 1 1 1 6 2 2 2 4 0 3 3 3 1 0 0 2 2 1 1 0 1 1 2 1 2 0 3 1 0 1 3 3 1 0 2 0 3 0 3 2 1 1 2 5 0 0 2 1 1 1 0 4 2 0 2 6 2 4 4 3 1 0 1 2 5 5 6 14 65
AGA_C 132 57 53 23 18 24 10 11 9 13 7 10 11 5 3 15 6 3 5 6 5 9 3 2 6 7 6 5 4 2 5 6 5 3 1 4 4 8 7 3 1 4 2 4 2 7 1 4 4 2 1 4 4 4 1 6 0 6 5 1 2 3 2 3 3 2 0 3 1 1 1 5 2 3 2 0 4 1 5 2 1 2 1 2 2 1 3 1 2 5 5 1 2 3 3 3 6 0 2 1 2 0 2 2 3 2 0 1 0 3 2 2 3 3 2 0 0 2 2 0 1 3 3 1 1 4 1 1 2 2 0 0 1 2 2 3 1 4 1 1 1 2 1 1 1 2 0 1 0 1 4 0 3 3 0 0 2 2 1 0 0 0 4 2 0 2 3 2 1 0 1 2 2 0 0 4 0 1 1 1 1 0 1 3 4 2 3 2 2 3 5 2 1 2 5 2 7 46
AGA_T 84 43 21 11 8 9 8 2 4 8 1 3 5 5 4 6 5 3 5 4 5 3 2 2 2 2 3 1 2 4 1 2 1 3 4 4 3 4 0 0 4 3 0 1 2 2 1 2 3 2 1 1 2 2 0 0 0 1 3 1 2 2 2 3 1 3 2 0 3 1 2 2 1 0 0 0 2 0 2 0 0 1 1 0 2 0 0 3 3 0 0 0 2 2 1 0 1 2 0 4 2 3 0 1 3 0 2 2 1 1 3 0 1 0 2 1 0 0 0 0 1 0 0 2 0 0 0 1 2 1 0 0 0 2 1 3 0 2 1 1 2 1 1 1 2 1 1 1 0 0 0 0 2 0 0 0 0 1 0 2 0 0 0 0 0 0 2 1 0 5 0 1 0 0 0 0 0 1 0 0 1 0 1 1 1 0 0 0 4 1 0 3 1 1 2 1 3 29
AGC_A 277 121 72 49 43 37 23 24 21 15 11 21 20 11 15 18 17 14 12 11 14 12 8 12 9 14 12 7 10 8 8 2 9 5 7 5 7 8 6 9 6 10 8 6 4 6 5 5 5 4 5 6 5 4 5 5 11 3 5 6 3 7 5 4 3 4 6 6 1 5 3 2 2 2 4 0 5 3 3 3 3 4 7 3 5 2 8 4 5 5 4 5 7 4 6 2 8 1 5 6 4 3 5 1 1 4 2 1 3 3 2 3 1 1 1 2 3 5 9 3 3 1 1 4 2 0 4 1 3 3 2 1 5 5 1 1 4 1 2 0 8 2 3 3 1 1 1 2 1 5 1 1 1 1 4 3 3 1 0 3 2 2 1 2 2 1 2 1 3 3 2 0 3 2 1 3 3 2 3 1 1 0 0 1 3 3 0 3 3 3 3 0 2 3 5 4 12 89
AGC_C 88 32 18 15 10 11 5 7 0 9 7 8 1 3 1 6 6 2 9 4 4 4 3 0 1 1 4 4 1 3 3 6 2 2 1 3 4 2 1 0 2 2 4 0 1 0 4 3 2 1 2 0 1 1 2 0 5 0 1 2 1 0 0 2 2 1 3 0 2 1 3 0 2 2 2 0 2 0 1 2 2 1 1 2 2 1 1 0 1 0 1 2 1 1 0 0 3 0 1 0 1 1 0 3 2 2 1 2 2 0 2 0 1 2 2 0 4 0 1 1 0 0 1 1 0 0 0 0 0 1 0 0 1 0 2 0 1 2 0 1 1 1 0 1 2 0 2 0 0 0 0 0 1 0 0 0 1 0 2 1 0 2 1 0 0 1 0 0 0 1 0 0 1 0 0 1 1 0 1 0 0 0 0 2 0 1 1 0 1 0 0 2 0 1 2 1 2 23
AGC_T 65 21 15 11 12 8 9 10 4 2 2 5 4 5 3 2 6 1 1 0 2 4 0 1 3 2 4 1 6 2 1 2 4 2 1 1 1 0 2 1 3 2 2 3 0 0 0 1 1 0 4 0 3 0 0 0 1 2 0 1 1 3 0 1 3 2 0 0 1 2 1 1 1 1 1 1 0 1 0 0 1 1 2 1 0 0 0 1 2 0 1 0 3 2 1 2 0 2 0 1 0 0 0 1 1 1 0 1 0 0 1 1 1 0 1 0 1 1 0 0 2 0 1 0 2 0 0 0 0 2 1 0 2 1 1 2 0 1 0 0 0 1 0 1 0 0 0 1 1 0 1 0 1 1 1 0 1 0 0 0 0 1 1 1 1 1 0 1 1 0 0 0 0 0 0 0 2 1 1 2 2 0 0 0 1 0 0 2 1 0 0 0 1 0 3 1 0 39
AGG_A 396 174 113 82 64 58 42 38 26 31 28 19 26 26 18 19 19 11 18 19 12 15 17 11 14 11 11 10 7 7 15 10 14 13 10 7 6 11 10 13 12 8 10 10 5 11 6 11 7 10 5 5 10 8 10 7 12 12 7 6 5 3 8 8 7 13 7 5 7 3 5 3 3 5 2 6 5 2 5 6 4 7 4 7 3 3 5 6 4 8 10 6 8 7 5 5 3 5 6 5 6 2 1 4 3 3 1 7 8 1 3 7 7 2 8 6 5 3 2 4 3 6 1 6 0 4 2 7 4 4 3 3 6 3 4 4 1 4 1 0 2 5 5 2 5 3 5 3 1 2 2 7 3 3 6 4 2 1 3 4 1 1 1 2 2 2 4 2 1 4 1 3 2 3 2 4 7 3 5 3 3 0 1 2 6 4 8 3 6 1 4 13 2 4 4 8 21 116
AGG_C 115 60 28 27 19 16 15 13 8 7 8 10 12 2 10 4 5 8 5 5 1 8 2 3 3 4 7 0 1 2 2 3 1 4 4 3 2 3 2 1 3 4 2 0 3 3 5 5 2 5 1 3 1 1 0 2 4 3 4 6 2 5 1 4 2 3 1 2 3 0 2 2 2 1 2 0 1 1 1 3 3 2 4 1 3 2 1 1 5 2 1 3 2 2 0 3 0 1 3 0 2 2 2 2 2 1 0 3 0 3 6 0 2 2 2 0 0 1 3 1 1 3 1 0 2 0 1 2 1 1 0 1 1 1 4 0 2 1 0 2 2 0 0 0 1 0 1 1 1 1 1 0 1 2 1 0 0 0 0 2 0 2 2 1 1 1 1 0 1 0 0 2 3 1 0 2 1 3 1 2 1 2 1 0 2 2 1 2 3 0 2 1 2 0 2 1 3 37
AGG_T 65 18 14 14 8 8 4 5 3 3 2 4 4 0 0 3 2 1 3 2 3 7 1 2 4 2 2 4 2 3 1 0 4 1 0 1 1 1 0 1 2 1 1 2 2 1 0 2 1 1 0 0 1 0 1 0 2 1 0 2 1 0 0 1 2 3 6 1 2 2 1 0 0 0 2 1 3 1 0 1 3 0 1 1 3 0 1 0 1 1 1 1 1 1 0 1 1 0 0 1 1 1 1 0 0 1 1 1 1 0 0 0 0 0 2 0 2 1 0 0 0 0 1 0 0 0 0 1 0 2 0 0 1 1 0 2 0 2 0 1 0 0 0 0 2 1 1 0 0 2 0 0 0 0 0 0 1 1 0 0 0 0 0 0 0 3 0 0 1 0 0 1 0 0 1 0 1 0 2 2 2 1 0 0 1 2 0 3 4 0 0 0 0 0 3 0 2 23
AGT_A 198 104 55 51 32 28 22 21 19 17 13 14 15 11 6 7 12 15 12 10 12 9 6 8 9 6 14 4 5 6 6 3 7 5 5 9 7 9 5 7 4 5 7 4 3 5 0 0 2 7 5 2 5 5 4 7 2 7 5 6 7 3 3 3 2 3 8 0 3 1 5 7 1 6 5 2 6 4 6 7 5 4 4 2 5 2 0 1 3 5 4 3 1 7 3 3 4 0 0 1 1 3 0 3 6 3 4 4 1 1 3 2 3 3 3 3 3 2 3 0 1 3 3 2 1 2 3 1 1 2 2 2 3 1 2 3 4 4 2 1 4 5 1 2 4 1 4 3 3 2 2 5 2 2 3 2 3 2 2 0 4 2 4 2 2 2 3 2 4 1 5 4 1 2 3 1 3 3 0 1 3 0 3 1 4 3 3 1 3 1 3 9 4 5 2 5 15 191
AGT_C 88 39 25 14 13 10 5 9 9 10 4 6 7 3 1 4 1 3 3 7 6 2 2 2 5 2 5 1 2 0 4 1 2 3 2 2 1 0 2 1 2 1 5 3 0 0 4 1 2 1 1 0 1 2 3 3 3 6 1 2 1 2 5 1 1 2 4 1 1 1 0 0 0 1 3 1 4 1 3 2 0 0 2 2 2 1 2 2 1 2 1 3 0 1 0 0 3 2 2 2 2 2 1 0 1 0 1 3 1 0 0 0 1 1 3 0 1 1 3 0 1 0 0 0 3 1 0 2 0 3 0 1 0 0 2 4 3 2 1 0 2 1 0 0 0 2 2 0 0 1 0 1 0 1 2 2 0 3 1 1 0 0 0 2 1 3 0 3 1 0 1 0 1 2 1 0 1 2 0 0 0 1 0 1 0 0 3 1 1 1 1 2 1 1 2 1 1 29
AGT_T 40 27 19 9 5 8 3 4 2 6 2 4 2 3 2 5 1 3 3 1 1 1 3 1 0 4 3 2 1 0 0 1 0 0 3 0 1 2 1 1 1 2 1 1 1 0 0 2 1 1 1 1 2 3 1 1 2 3 2 1 1 2 0 2 2 2 1 0 0 0 0 1 1 1 0 0 3 2 1 1 1 0 1 0 0 1 1 0 1 1 2 3 0 1 0 1 0 1 3 1 1 0 0 0 1 0 0 0 0 0 0 0 1 1 0 1 0 0 0 2 2 1 1 2 0 1 0 0 5 0 0 0 3 2 1 0 1 2 0 0 1 1 0 2 1 1 0 0 0 2 0 1 1 0 0 0 1 0 2 1 0 2 0 0 0 0 0 0 0 0 0 0 0 1 0 0 0 0 3 1 1 0 1 0 0 2 0 2 0 2 3 3 0 1 5 2 1 21
ATA_A 63 30 17 14 6 5 7 4 4 6 1 1 2 5 2 4 2 0 1 1 1 4 4 1 0 2 0 1 0 1 0 1 3 1 3 1 1 3 1 1 0 1 3 0 0 0 2 1 0 1 0 0 0 0 2 1 1 3 3 0 0 0 2 1 1 1 3 0 0 0 0 0 0 0 1 1 0 0 2 3 0 2 0 1 1 2 1 0 0 0 0 0 2 1 0 0 5 1 1 0 0 0 1 2 2 0 0 1 2 1 0 2 0 1 1 2 2 0 0 0 0 0 2 0 2 1 0 0 0 1 0 0 0 0 0 0 0 2 0 1 0 0 0 0 0 0 0 0 1 1 1 1 0 0 1 2 1 0 0 1 1 0 1 1 0 0 0 0 1 0 0 0 2 1 1 1 0 0 0 0 0 0 2 2 2 0 1 0 3 0 0 6 0 0 1 4 7 27
ATA_C 335 154 116 56 44 44 34 40 33 23 29 20 22 22 20 12 16 20 15 11 9 10 14 13 13 13 18 9 13 9 5 2 15 10 6 4 7 3 10 6 4 8 10 8 4 4 6 9 6 7 7 8 7 7 8 6 9 6 8 9 8 4 7 2 4 8 11 2 9 3 1 8 7 6 3 8 4 7 10 4 4 8 2 7 3 3 1 5 7 13 3 4 5 7 1 3 6 7 6 2 2 7 7 4 9 7 3 5 0 6 6 7 5 4 5 2 5 1 2 3 2 6 6 2 3 3 1 1 1 1 1 6 4 4 4 4 5 1 4 3 4 3 1 3 4 0 4 1 3 7 3 5 2 5 5 3 0 2 4 1 2 3 3 2 4 3 2 0 3 3 2 1 3 4 2 2 2 3 4 5 7 3 3 4 6 1 2 2 3 3 7 6 5 3 11 10 15 141
ATA_G 40 11 9 9 2 6 2 1 4 2 0 3 4 3 1 1 4 2 0 0 2 1 1 1 3 1 1 0 1 0 1 1 2 1 0 1 0 0 0 2 1 1 1 0 1 1 2 1 1 0 0 0 0 3 1 0 0 0 1 1 1 0 0 1 1 1 1 0 1 0 0 0 2 0 0 1 1 2 1 0 0 0 0 0 1 1 1 0 1 0 0 0 0 2 0 0 0 0 0 0 0 0 0 1 1 1 0 1 0 1 0 0 0 0 0 1 0 0 0 0 1 0 1 0 0 0 1 0 0 1 0 0 1 2 0 1 1 0 0 0 1 0 0 0 2 1 0 0 3 1 0 1 0 3 0 0 0 0 1 0 0 0 0 0 1 0 0 2 1 0 2 0 0 0 3 0 0 2 1 1 3 0 0 0 1 0 0 0 0 1 1 1 1 0 1 1 2 21
ATC_A 61 31 13 10 7 10 6 6 5 5 4 3 3 2 0 3 2 3 2 3 6 3 4 5 3 0 2 2 0 1 0 2 1 2 1 3 2 0 3 1 0 0 3 2 0 1 0 0 1 2 1 2 0 1 0 0 1 0 1 1 1 0 0 0 0 0 3 3 1 0 2 1 0 2 0 0 2 0 2 0 1 0 0 2 1 1 1 0 0 0 2 3 3 0 1 2 2 1 1 0 1 0 0 1 2 1 0 1 1 0 1 1 0 0 0 3 0 1 1 0 1 0 1 1 0 0 0 0 3 2 1 1 2 1 2 0 0 0 0 1 0 0 0 1 1 0 1 0 1 0 0 1 0 0 0 1 0 1 1 0 1 0 0 1 1 0 0 1 0 0 1 0 1 0 0 0 0 0 1 0 1 0 3 1 1 0 0 0 0 1 0 1 1 1 1 2 3 14
ATC_C 141 61 45 27 19 19 12 12 8 8 12 11 6 6 3 5 8 8 6 7 10 8 7 3 6 5 6 4 6 4 4 2 1 2 5 2 3 5 5 2 2 4 3 1 3 2 2 3 0 7 2 2 1 2 7 4 4 0 4 6 2 3 0 4 1 2 5 1 6 3 4 2 2 4 2 0 4 5 3 1 3 2 3 2 3 2 2 3 1 2 0 4 4 1 1 2 3 0 3 1 2 0 6 2 2 2 3 6 1 1 0 1 3 1 1 2 3 2 2 2 1 0 1 2 3 2 1 1 1 1 2 1 2 3 2 2 0 0 1 1 2 2 1 0 0 0 1 0 1 2 1 2 2 0 1 2 1 1 1 2 3 2 2 2 3 1 1 2 1 3 2 1 1 1 1 4 2 2 1 1 2 1 2 2 4 0 2 1 1 3 2 4 2 4 5 6 7 86
ATC_G 28 11 7 5 4 5 1 2 0 3 0 2 0 2 0 1 3 2 1 2 2 0 1 1 0 1 1 0 1 0 0 0 0 1 1 1 0 0 0 1 1 2 2 2 1 1 0 0 1 1 0 0 0 0 0 1 0 0 0 0 0 1 0 1 1 1 1 0 0 0 1 0 0 0 0 0 0 0 0 0 0 0 0 0 1 1 0 0 0 0 0 2 0 2 1 0 1 0 1 0 0 1 1 0 1 0 1 1 1 0 0 0 0 1 1 1 0 1 0 0 0 1 0 0 0 1 0 0 0 0 1 0 1 0 0 1 1 0 1 0 0 0 0 0 0 2 0 0 2 0 0 0 0 0 1 0 0 0 0 1 0 0 0 1 0 1 1 1 0 0 0 0 2 0 0 0 0 1 0 0 0 1 1 0 0 0 0 2 0 0 0 0 0 0 0 0 1 14
ATG_A 68 33 20 18 7 11 5 3 7 3 6 3 2 3 0 2 1 4 6 5 2 4 2 5 7 1 7 3 3 4 0 4 0 0 3 3 1 1 3 1 1 3 4 0 3 1 1 3 5 3 4 1 1 3 2 1 3 4 0 1 1 3 2 3 3 1 1 1 1 1 0 0 2 2 2 0 0 0 0 4 2 0 2 1 2 0 2 0 3 0 1 4 1 1 0 0 0 0 0 1 1 1 1 1 2 0 2 3 1 2 2 0 5 1 1 1 1 0 0 0 0 0 1 0 0 0 1 1 1 0 0 2 0 1 0 0 0 0 1 2 0 2 1 1 0 1 2 0 0 1 1 2 0 0 1 1 0 0 0 2 0 0 0 0 0 0 0 1 1 0 0 0 1 2 2 2 0 2 0 2 0 1 0 0 1 1 0 3 0 0 0 1 1 1 1 1 0 23
ATG_C 376 165 103 66 48 58 41 49 31 27 24 27 30 16 15 22 16 17 24 15 24 10 17 22 10 8 22 13 12 7 17 10 8 9 11 14 13 14 14 4 10 10 12 7 15 8 6 8 6 10 8 11 18 15 13 8 6 5 10 14 13 7 12 8 7 10 5 11 6 7 9 10 5 10 9 5 9 13 7 12 5 5 8 6 2 4 6 6 8 16 10 5 12 10 4 5 7 5 7 8 7 8 6 9 4 6 10 11 7 10 7 4 4 8 3 2 7 1 10 4 3 10 7 4 1 4 6 8 6 5 12 9 7 5 5 4 3 9 6 8 5 10 6 4 3 2 7 7 5 4 5 8 2 7 6 5 7 7 7 4 2 3 10 9 1 1 1 4 6 2 12 6 11 4 6 13 13 5 11 5 5 5 8 6 13 10 8 14 12 8 12 21 12 19 27 41 97 1374
ATG_G 48 24 20 14 6 11 5 8 5 4 4 3 6 1 4 0 2 2 3 2 0 1 2 2 1 1 6 2 3 1 2 1 0 0 3 1 2 3 1 0 2 4 5 0 0 3 2 1 1 1 1 1 1 1 0 0 3 2 0 1 2 2 2 1 2 2 0 1 0 1 1 1 3 3 1 1 1 0 1 1 0 3 1 1 3 1 1 0 4 0 0 1 1 2 4 0 0 2 1 1 0 1 0 1 1 0 0 0 2 0 1 0 0 0 0 1 0 1 2 1 0 0 0 0 0 1 1 0 0 0 0 0 0 1 2 3 4 0 1 1 0 1 1 0 1 0 0 0 0 0 0 0 0 0 0 2 0 0 1 0 0 0 1 2 1 0 1 0 1 0 1 0 0 0 0 2 0 1 0 0 2 2 0 1 4 0 0 2 1 1 1 2 3 1 3 2 1 26
ATT_A 80 25 18 9 9 9 7 7 2 3 4 2 5 1 2 3 5 3 3 3 3 4 0 1 1 1 2 0 3 2 0 1 1 6 1 2 0 2 1 3 1 3 2 1 1 1 1 1 3 0 3 1 2 1 2 0 0 2 1 5 1 1 1 0 2 1 0 2 1 2 0 2 2 0 0 1 0 2 0 0 0 0 2 2 0 0 2 0 1 2 3 1 0 1 1 1 0 0 0 0 0 1 0 1 2 1 0 0 2 1 1 1 2 3 1 1 0 1 0 2 0 0 0 0 1 0 2 0 1 0 0 0 1 0 0 0 1 0 0 0 0 1 2 1 1 1 1 1 1 0 0 2 2 0 0 0 0 0 2 1 1 0 0 0 0 0 0 2 0 1 0 1 0 1 1 2 1 0 1 0 1 0 0 1 2 0 0 2 1 1 0 1 1 1 1 1 7 36
ATT_C 305 124 85 48 32 34 32 18 21 21 24 24 18 13 14 22 17 14 14 19 11 17 16 14 9 11 10 10 12 9 8 5 10 8 6 7 6 9 6 6 5 10 10 11 7 7 13 8 3 8 2 10 5 5 8 5 6 9 8 4 3 9 6 7 5 4 11 4 2 3 5 7 3 3 6 3 5 8 3 5 2 2 4 8 5 4 3 2 5 5 3 4 7 11 5 4 3 3 3 9 5 7 5 6 5 4 0 6 3 1 2 1 4 3 0 1 5 2 3 4 2 2 4 1 1 2 4 2 1 4 4 5 0 1 2 1 3 1 2 2 3 0 3 1 3 1 2 3 2 2 3 8 4 3 3 3 1 4 1 1 4 1 4 2 0 6 4 2 4 1 3 1 2 11 2 5 4 6 5 4 2 2 3 2 4 2 5 1 4 5 4 4 4 5 9 9 15 113
ATT_G 44 21 15 5 11 5 6 7 1 6 4 3 1 3 2 1 2 2 0 5 1 4 2 2 2 1 0 1 2 1 1 1 1 0 2 1 1 1 1 1 1 1 2 1 2 0 0 1 1 1 0 0 0 1 0 1 1 2 2 1 2 0 0 1 1 4 1 0 0 0 1 1 0 2 1 3 0 1 0 2 2 0 0 1 1 0 0 1 0 0 1 0 0 0 0 2 1 0 1 0 1 1 1 1 0 0 0 0 1 2 1 0 0 1 0 0 0 0 1 3 1 3 0 0 1 1 0 0 0 3 0 1 0 0 0 0 2 0 0 1 0 1 0 0 1 1 0 0 0 0 0 1 0 0 1 0 0 1 0 1 0 0 0 0 0 0 1 0 0 0 0 0 0 0 0 1 0 1 0 0 1 0 0 0 1 0 1 0 1 1 1 1 1 1 2 2 2 21
CAA_C 59 33 15 14 6 11 3 5 4 6 3 5 2 0 3 3 4 1 4 2 3 1 2 2 2 5 6 3 1 1 3 3 1 1 4 2 1 2 2 0 3 2 2 0 3 2 0 3 2 0 3 2 0 3 1 1 2 0 0 1 1 2 2 2 1 2 2 0 0 2 0 3 0 1 1 1 3 1 2 0 2 2 0 0 1 2 1 0 1 0 1 1 1 1 2 2 0 0 1 0 0 3 3 1 2 2 1 2 0 2 0 1 3 0 0 0 1 3 0 1 1 0 0 0 1 1 0 1 1 1 0 0 0 2 2 1 3 0 1 0 0 0 0 0 1 1 0 0 3 1 0 0 2 0 1 0 1 0 0 1 0 0 0 2 1 2 0 1 0 0 1 0 1 2 0 1 1 1 1 0 0 0 1 0 2 2 0 4 1 2 0 2 4 2 1 2 2 33
CAA_G 133 74 46 22 13 18 14 19 11 12 10 7 9 8 6 9 6 5 3 7 3 5 2 4 3 6 5 1 5 5 9 1 2 8 4 3 5 3 5 5 6 4 6 9 2 5 4 4 4 4 4 4 2 4 2 0 6 5 5 3 6 0 3 2 5 4 1 1 1 1 3 3 4 14 4 3 5 4 4 5 3 1 4 5 3 3 1 3 6 5 1 2 3 6 6 3 2 2 3 1 2 3 0 3 2 0 2 1 2 2 1 2 2 3 4 2 1 0 1 6 3 2 2 3 3 3 1 1 4 6 4 0 2 4 7 2 2 2 2 2 1 1 1 0 2 2 2 3 1 2 5 2 1 3 1 4 2 3 2 3 1 1 3 0 3 2 2 1 4 0 3 3 7 1 2 5 4 2 2 4 5 6 3 2 4 7 5 4 2 8 7 8 6 10 18 20 43 547
CAA_T 24 13 6 7 4 0 0 3 2 2 1 4 2 0 1 2 1 0 0 3 0 1 2 0 3 0 1 2 0 0 0 0 0 2 1 0 0 0 0 0 1 3 4 0 0 1 0 2 2 1 1 0 0 1 0 0 0 1 2 1 0 1 1 0 0 2 0 0 0 0 0 1 3 1 1 0 0 0 0 0 0 2 0 0 0 1 0 0 0 0 0 0 1 0 1 0 1 0 0 0 0 1 0 0 2 1 0 1 0 1 1 0 0 0 0 0 0 0 1 0 0 0 0 0 0 0 0 0 0 0 0 0 0 0 0 0 1 0 0 0 0 0 1 0 0 0 0 0 2 0 0 1 0 0 0 0 1 1 0 0 0 0 0 0 0 0 0 0 0 0 0 0 1 0 0 2 0 1 1 0 0 0 0 0 1 0 1 0 0 0 2 1 0 0 0 1 2 6
CAC_C 137 29 15 17 7 12 7 9 4 6 3 9 5 4 3 7 1 5 2 5 1 4 2 2 1 0 2 1 1 2 4 0 3 2 0 0 1 4 2 0 3 1 3 4 1 3 3 3 1 0 0 1 1 2 2 3 0 3 3 3 1 3 1 1 1 3 1 2 1 0 2 2 4 1 1 0 1 1 1 0 1 1 3 1 0 0 0 2 0 2 2 1 3 2 1 1 1 0 0 5 0 1 2 3 0 1 3 2 2 1 1 1 0 1 0 0 0 2 2 1 0 1 1 0 1 1 0 0 1 1 2 1 4 0 1 1 2 1 0 0 1 1 0 0 0 0 0 0 2 0 0 3 1 2 0 0 0 0 0 1 1 0 1 0 0 3 0 1 0 2 0 1 0 0 1 2 0 1 2 3 0 1 1 2 1 1 0 1 2 1 1 3 2 4 2 1 5 31
CAC_G 214 110 59 32 27 29 22 30 23 15 10 13 15 17 9 9 6 12 12 15 11 10 9 10 7 8 12 5 7 12 3 7 5 8 8 7 6 8 1 9 3 3 1 8 4 3 4 10 3 4 6 4 4 13 6 3 10 9 7 2 8 11 9 5 9 4 5 4 2 5 3 2 6 6 6 8 6 6 6 6 3 4 4 3 4 5 4 2 5 6 3 3 5 10 5 4 4 4 5 4 4 5 5 7 3 3 5 3 1 4 0 9 4 1 5 4 3 3 2 5 2 3 5 3 3 1 3 4 2 6 2 3 6 4 2 8 3 4 3 1 3 1 3 3 5 5 5 4 5 8 3 1 5 7 6 9 5 5 4 5 2 3 3 6 3 5 2 1 7 3 7 7 6 1 4 3 8 4 5 3 6 4 0 9 9 12 9 3 10 11 10 15 17 17 25 34 81 939
CAC_T 29 11 11 8 8 9 3 4 4 8 3 1 4 2 3 4 1 6 4 1 0 4 3 1 1 1 2 5 1 1 2 3 4 0 2 2 2 0 2 0 0 2 5 2 1 3 3 0 2 0 0 0 1 4 1 1 1 0 2 0 3 0 0 0 2 3 1 2 1 0 0 1 1 0 0 0 0 2 0 0 3 0 0 0 0 1 0 0 0 0 1 1 1 0 0 1 0 0 0 0 3 3 0 0 2 0 0 0 0 0 0 1 3 1 0 0 0 1 1 0 0 0 0 0 0 0 0 1 1 0 0 1 0 0 1 1 2 0 1 0 0 1 0 0 0 0 1 0 0 0 1 0 0 0 0 1 0 0 0 2 2 0 0 0 0 2 2 1 1 0 0 1 0 0 0 0 0 1 1 1 0 1 1 0 0 2 0 1 1 0 1 0 2 0 1 1 4 14
CAG_C 91 45 32 21 15 12 4 8 4 4 3 3 5 4 3 4 2 4 3 1 3 1 4 2 2 2 3 3 3 4 3 5 1 1 1 2 1 6 0 0 1 3 2 1 5 3 0 2 4 1 0 0 0 1 2 1 0 5 0 2 1 2 4 0 1 0 1 1 2 1 1 3 1 1 1 0 2 0 1 1 1 2 0 2 0 2 0 3 1 0 2 4 5 3 3 2 2 1 2 2 1 0 0 0 2 1 1 0 1 0 2 1 0 0 2 1 2 2 0 1 1 1 0 0 0 1 1 0 1 1 0 0 0 1 2 1 1 0 1 2 1 0 0 1 3 0 0 0 3 0 2 0 1 1 0 1 1 1 0 0 1 0 0 0 0 0 1 0 1 0 0 1 0 1 1 1 1 1 1 0 2 1 0 1 2 0 1 0 0 0 2 1 0 2 2 2 4 23
CAG_G 297 125 78 49 46 48 35 27 22 25 14 13 17 12 21 12 11 17 12 20 15 14 13 12 12 18 15 13 12 10 10 5 8 8 11 3 8 8 5 9 5 9 11 7 8 8 9 11 8 9 12 2 6 14 7 3 8 7 11 7 5 6 8 8 8 5 11 7 6 10 4 6 8 14 4 5 4 2 5 8 9 13 5 6 6 4 3 5 9 8 8 5 8 9 4 12 7 4 2 11 6 9 3 11 8 5 2 9 1 3 5 1 6 6 5 8 3 3 7 3 4 5 5 2 5 7 1 5 11 5 5 2 4 8 5 6 5 9 8 8 3 3 4 6 7 4 12 6 5 7 2 6 3 3 7 1 4 3 7 7 5 5 9 3 9 2 10 4 3 8 7 8 8 7 4 11 5 5 11 5 9 4 5 8 7 10 6 17 6 15 10 16 8 23 26 37 92 1280
CAG_T 49 16 13 10 6 4 8 5 3 4 5 1 2 3 3 3 3 2 2 4 2 3 2 4 1 0 3 1 0 0 0 4 1 2 2 0 1 1 2 0 2 1 2 2 0 1 2 3 2 2 1 0 1 0 0 2 2 0 0 1 0 1 0 2 0 0 0 0 2 2 0 1 0 2 3 1 0 1 1 2 0 1 0 1 1 0 1 2 1 1 0 1 2 0 1 0 2 1 1 0 1 0 1 1 0 0 0 3 2 0 1 1 0 0 0 1 1 2 0 0 1 1 0 0 0 0 0 1 1 0 0 0 1 2 0 0 1 0 0 0 1 0 1 0 0 1 0 0 0 0 1 1 2 0 1 0 0 1 0 0 1 0 0 0 0 0 0 1 0 0 1 0 0 2 0 1 1 1 0 0 0 0 0 0 1 2 1 1 0 1 1 2 0 1 1 2 3 17
CAT_C 55 22 18 15 5 3 9 5 7 1 5 6 7 2 4 5 0 3 2 6 1 3 3 1 3 3 2 2 2 0 2 0 1 2 3 1 2 0 3 1 2 0 1 3 0 3 1 1 2 3 1 1 3 3 0 3 1 1 1 0 1 1 1 2 2 4 3 2 4 0 0 3 1 1 3 1 1 2 3 1 0 0 2 1 1 2 0 2 0 2 1 1 1 1 0 0 1 3 1 0 1 0 0 1 1 2 2 3 0 2 0 2 2 0 2 2 0 1 1 2 1 1 0 0 0 1 0 0 2 1 1 1 0 0 1 0 0 0 0 0 2 1 0 2 3 1 0 1 1 1 0 2 3 0 1 2 0 0 0 0 1 0 0 1 0 2 1 1 1 1 1 2 3 0 0 1 2 0 0 2 3 0 1 1 0 1 1 1 0 0 0 0 2 0 1 1 2 16
CAT_G 388 151 110 58 47 42 34 36 31 32 29 24 20 17 24 24 19 24 25 24 15 22 6 18 16 12 21 15 15 4 7 16 8 5 10 9 8 16 15 12 8 9 7 6 8 10 6 11 7 15 7 11 9 9 9 8 10 13 11 17 14 6 12 12 13 12 13 9 4 8 7 9 5 6 6 7 1 8 9 11 5 7 13 5 9 4 7 7 3 6 5 7 9 11 5 9 6 5 5 8 8 8 8 7 6 5 5 9 9 6 8 5 6 7 5 7 6 5 6 2 5 5 8 4 5 6 4 3 11 7 6 8 10 6 6 9 3 4 9 8 3 9 3 7 4 3 4 4 3 5 1 11 3 7 7 6 3 5 9 4 10 0 6 8 0 4 7 1 12 5 7 3 3 13 8 9 10 9 14 8 11 11 8 5 14 8 10 12 14 7 14 22 17 23 38 45 106 1388
CAT_T 71 32 20 16 10 10 10 10 5 6 2 3 5 2 3 6 4 3 6 7 6 1 5 0 6 3 2 3 0 4 2 1 1 1 2 1 1 3 1 2 0 3 3 1 1 1 3 3 0 3 2 1 3 0 1 2 0 2 1 1 0 3 1 2 2 2 4 0 0 1 2 1 1 0 2 0 2 0 2 2 0 0 0 2 0 2 1 1 0 3 2 0 2 2 0 2 1 0 0 0 0 1 2 1 0 0 1 0 0 0 1 0 1 1 0 0 0 0 2 0 0 0 0 1 1 2 1 2 0 0 0 1 0 0 2 0 0 0 0 0 3 1 0 1 2 1 2 0 2 0 0 1 1 1 0 2 0 0 0 1 0 0 0 0 0 1 0 0 2 0 1 2 2 0 1 0 0 0 0 0 1 0 2 2 1 0 2 1 0 2 1 0 3 1 0 1 5 19
CCA_A 72 26 12 20 14 10 5 4 6 9 4 1 7 4 5 1 1 3 4 3 5 3 6 3 3 3 4 4 3 3 0 0 4 0 2 0 1 4 1 3 1 2 2 1 1 1 0 1 3 0 2 0 2 1 1 1 1 1 3 2 1 0 1 2 2 2 0 0 2 1 2 1 2 1 0 0 1 0 1 0 3 1 0 2 1 1 2 1 1 0 1 0 3 1 2 1 0 0 2 1 3 1 0 0 2 1 0 1 0 1 3 0 0 2 1 0 0 0 0 1 2 0 0 1 0 3 0 1 2 0 1 1 0 1 4 1 0 2 0 0 1 0 0 1 0 0 0 0 0 0 0 0 1 0 0 2 0 0 0 1 0 0 1 1 1 0 0 0 3 1 1 0 0 0 0 1 1 2 0 1 1 1 1 2 0 0 0 0 0 0 1 5 0 0 1 0 5 34
CCA_G 73 41 13 15 11 10 6 5 6 7 5 1 7 4 3 3 3 2 3 9 2 3 3 3 3 0 1 0 3 4 3 0 2 1 4 3 1 0 2 2 2 2 0 2 0 2 2 1 4 3 1 0 1 3 1 1 2 3 2 3 2 2 1 2 4 2 1 1 1 0 1 0 2 2 1 1 0 0 2 3 3 1 3 1 2 2 0 2 2 0 1 0 0 1 1 0 4 2 3 3 0 0 0 0 0 0 1 4 2 1 0 0 1 0 0 0 4 0 1 1 0 1 1 0 1 2 1 0 1 0 0 0 1 1 2 1 1 1 2 1 0 0 0 1 0 0 2 0 2 1 0 0 1 1 1 0 1 1 0 1 0 1 0 1 0 1 2 0 1 0 0 0 2 2 1 1 0 1 3 1 1 0 3 0 0 2 1 2 0 1 0 2 1 2 3 2 1 34
CCA_T 271 143 97 64 52 66 29 40 20 27 15 16 30 7 17 11 18 15 15 9 16 14 5 7 6 10 12 9 15 10 10 12 5 8 5 7 8 16 6 6 12 5 8 6 6 4 5 4 8 5 5 2 4 10 1 5 9 11 6 5 7 6 13 9 5 5 12 6 5 4 4 8 3 4 5 2 7 2 6 3 5 3 3 4 5 4 2 2 2 4 3 1 7 5 4 3 6 2 4 2 4 1 1 4 6 5 4 7 3 5 6 4 5 5 4 2 5 1 2 6 3 2 2 3 0 4 3 5 2 0 0 4 5 5 1 1 4 6 4 1 0 5 3 3 3 2 3 1 0 3 5 2 3 1 5 2 3 1 2 5 3 2 2 1 1 5 1 4 4 1 3 1 2 1 0 6 2 3 3 2 1 0 0 1 1 1 6 3 1 3 2 3 5 6 6 8 11 98
CCC_A 112 50 24 13 16 16 6 14 8 8 7 5 4 6 4 6 4 1 4 8 0 6 2 2 0 5 3 0 4 3 1 2 1 3 3 2 2 0 5 2 2 5 0 0 2 5 2 4 2 0 3 1 3 3 3 1 4 2 0 1 0 4 3 0 3 2 2 3 1 3 1 3 3 1 4 2 3 0 1 0 1 2 2 1 5 2 1 2 2 0 2 1 2 6 4 3 2 4 3 2 1 0 0 1 0 1 2 0 1 1 0 0 1 2 2 2 1 2 1 3 1 1 1 1 2 0 2 0 0 4 0 2 1 1 0 0 0 0 2 0 1 1 1 0 1 1 1 0 3 2 1 2 2 3 2 0 1 1 2 1 0 0 0 1 0 1 1 1 1 2 1 1 3 0 0 2 0 0 2 0 1 0 2 0 1 1 1 1 1 0 1 2 1 0 2 1 6 25
CCC_G 136 58 35 29 16 15 11 13 8 8 11 11 6 4 9 2 8 7 7 6 5 8 6 6 4 3 2 2 7 1 5 7 2 1 2 3 3 4 2 2 0 2 1 1 3 1 1 4 1 1 3 2 2 3 2 2 3 2 2 1 4 6 3 4 1 2 3 0 0 3 4 5 2 1 0 2 1 0 2 2 2 2 2 1 1 2 1 2 0 1 4 2 2 1 2 1 1 3 2 1 3 2 0 1 2 2 0 1 2 3 0 1 3 2 3 2 2 0 2 1 2 1 3 4 1 1 2 0 3 1 3 2 1 1 2 3 3 1 2 1 1 2 2 1 4 1 1 1 0 1 0 0 1 0 0 1 2 0 2 1 1 0 0 0 1 0 1 0 1 0 0 0 0 1 2 0 1 2 1 1 2 0 0 1 1 1 1 4 0 2 2 3 0 0 3 4 7 31
CCC_T 387 199 108 73 44 44 33 40 30 37 25 20 20 22 14 13 18 19 16 19 15 11 17 13 10 18 14 5 7 13 7 7 15 4 12 7 10 10 13 13 6 12 7 6 10 8 9 11 4 3 6 11 7 6 3 9 7 4 10 9 6 4 7 4 5 5 8 4 8 4 6 5 5 3 5 3 5 6 7 6 10 2 5 6 3 5 5 6 9 6 2 8 8 4 8 4 6 4 6 5 3 4 2 5 6 3 3 4 4 1 5 2 7 1 7 3 6 4 3 6 5 2 3 0 7 4 5 4 5 4 3 1 6 2 2 5 4 3 3 3 3 6 5 1 3 0 8 1 3 1 1 2 2 1 2 2 4 1 4 2 1 1 7 2 2 1 1 2 2 0 6 3 1 2 5 2 3 3 8 1 2 4 3 1 4 2 3 4 4 4 2 7 4 5 4 6 6 116
CCG_A 35 18 10 7 7 2 4 3 4 5 2 5 2 0 1 0 5 0 3 3 4 1 1 2 2 1 1 1 1 1 1 1 0 4 1 1 0 0 2 1 2 1 2 0 0 0 2 0 1 1 2 1 2 3 0 0 1 2 6 1 3 2 2 1 1 0 0 0 0 0 3 0 0 0 0 0 1 1 0 1 1 0 2 2 1 1 0 0 1 0 0 0 1 0 0 0 0 0 0 0 3 1 0 0 0 1 0 1 0 0 0 1 0 1 0 0 0 0 0 0 1 1 0 1 0 1 0 0 0 2 1 1 1 0 0 0 0 1 1 0 2 2 2 1 1 3 0 1 0 0 0 0 0 0 0 3 0 0 0 0 1 0 1 0 0 0 0 0 1 0 1 2 2 0 1 0 2 0 0 0 0 1 0 0 3 1 1 0 1 0 0 0 0 0 0 0 3 13
CCG_G 42 21 18 7 7 6 8 5 6 4 4 4 2 7 2 2 5 2 5 4 1 4 1 6 2 2 1 2 1 1 1 1 2 2 1 2 1 1 1 2 0 3 3 0 0 2 4 2 0 2 0 3 3 1 2 2 2 1 1 2 1 0 0 0 1 0 0 0 1 1 1 0 0 2 0 1 1 0 1 0 0 1 2 2 2 2 1 3 1 0 2 3 1 1 1 1 3 2 0 0 1 0 1 2 1 0 0 1 0 1 0 1 1 1 1 0 1 1 0 0 0 0 0 0 0 2 0 0 0 1 1 0 0 1 0 0 3 1 0 0 0 1 0 0 0 1 1 0 0 1 0 0 0 0 0 2 0 0 1 1 0 0 1 0 0 0 2 0 0 1 0 1 0 3 0 1 1 0 0 2 0 0 1 0 0 1 1 1 1 0 1 2 0 1 0 2 3 15
CCG_T 1120 428 237 185 149 110 113 94 80 87 70 53 57 46 38 50 39 43 46 45 35 33 26 33 27 30 29 33 32 16 21 20 20 21 33 21 25 31 16 20 24 18 39 22 18 13 16 23 21 24 17 14 20 20 16 36 17 13 18 18 21 13 26 18 14 12 19 20 12 9 13 12 7 14 8 9 14 14 10 19 14 18 7 9 15 13 8 19 15 16 9 12 11 15 13 9 19 8 7 8 10 9 12 15 10 9 14 12 19 10 12 12 9 8 8 10 11 10 7 7 9 4 9 10 9 7 9 9 13 8 11 7 12 7 8 3 12 5 6 10 10 10 9 10 3 9 8 8 11 11 9 3 5 5 11 12 6 6 10 9 7 4 6 1 3 7 6 8 12 6 11 7 6 9 11 9 12 11 7 12 9 6 6 4 10 6 7 8 13 8 10 10 7 15 16 20 28 314
CCT_A 65 29 14 13 9 7 9 6 7 5 5 5 2 3 2 3 3 3 2 3 2 1 6 2 1 0 6 2 3 2 0 0 5 3 1 1 1 2 0 1 1 2 1 0 2 0 1 0 1 1 4 1 1 2 0 2 0 0 1 4 1 2 1 1 0 3 1 0 3 0 1 2 0 1 1 0 1 1 2 0 2 1 1 4 0 0 0 1 1 2 0 0 1 1 0 0 1 0 2 0 0 2 0 0 0 0 0 1 0 0 1 2 0 2 0 1 0 1 0 2 0 0 0 2 2 1 2 0 0 1 2 0 1 1 5 0 0 0 0 1 2 0 1 1 1 0 1 0 0 1 0 0 1 0 0 0 0 1 0 0 1 1 1 3 3 0 0 1 0 0 0 2 0 0 0 0 1 2 0 2 0 0 0 0 2 0 0 3 1 3 1 0 1 2 5 0 3 27
CCT_G 95 54 52 18 16 26 12 17 11 10 3 7 8 3 1 5 6 3 7 2 6 3 5 5 5 4 4 5 7 4 4 4 3 6 2 8 1 3 3 0 1 5 4 6 2 5 1 2 4 0 3 2 4 2 1 0 1 4 2 3 1 3 1 0 0 1 1 1 3 0 3 2 1 2 2 2 2 4 3 1 2 1 4 0 1 0 2 2 0 2 3 2 1 2 0 2 1 0 0 2 1 2 1 0 2 1 1 2 3 2 1 2 2 1 1 2 0 2 0 3 2 2 1 0 0 0 1 0 2 0 1 0 0 0 4 1 1 1 3 3 1 3 2 0 0 2 1 1 1 4 0 4 1 1 3 1 0 1 1 2 0 0 1 1 0 1 0 0 1 0 1 1 1 1 0 0 0 3 0 0 0 2 1 1 2 1 0 0 4 2 1 1 1 0 0 3 1 42
CCT_T 342 153 93 81 43 39 42 36 32 39 22 25 31 12 16 19 20 14 20 23 14 14 10 11 16 14 12 12 7 9 19 9 5 12 10 7 7 11 8 5 9 14 18 13 10 5 13 8 9 4 9 8 8 11 10 6 4 15 10 7 8 7 7 10 7 7 3 4 5 3 7 11 6 4 4 6 2 5 7 7 8 6 5 7 8 5 9 5 6 5 6 8 7 1 5 6 6 5 5 0 3 6 4 7 4 4 7 7 3 2 6 4 3 3 1 3 3 4 3 4 2 6 2 6 4 0 2 3 1 5 4 5 5 4 6 2 4 2 5 3 6 4 9 4 1 2 4 4 1 5 2 3 1 3 4 3 1 5 0 2 2 3 4 2 3 3 5 2 6 4 2 3 3 4 1 6 2 4 5 3 6 2 2 2 4 5 1 4 5 3 3 4 4 9 9 6 12 105
CGA_A 583 219 122 110 68 66 52 57 36 41 31 26 37 28 20 24 31 19 32 21 16 22 18 19 18 10 14 9 16 4 17 19 12 20 9 13 15 16 13 9 14 10 13 10 10 8 12 13 16 15 15 10 9 18 10 10 12 8 7 13 9 11 14 10 14 5 8 7 6 7 4 6 6 13 9 4 5 12 2 13 4 11 10 10 9 3 9 9 8 7 5 8 6 6 11 6 7 4 4 7 11 4 8 6 11 5 4 6 4 8 9 4 1 7 5 7 4 4 2 10 6 3 3 6 2 2 6 6 4 3 3 8 10 4 1 7 2 1 5 4 1 3 4 8 3 2 2 2 4 6 4 2 6 3 5 4 3 5 3 8 1 3 7 4 2 2 2 2 2 3 3 4 3 9 5 7 4 5 3 1 2 1 3 3 7 3 5 8 4 8 2 10 4 7 12 10 14 157
CGA_C 30 20 10 5 2 5 3 5 4 2 0 3 6 4 2 1 2 2 0 1 1 1 2 0 2 4 2 1 1 0 1 0 0 3 5 0 1 2 1 0 0 1 0 0 0 1 1 2 1 2 0 1 1 0 1 1 0 0 0 0 0 2 1 1 0 0 0 3 1 0 0 1 0 1 1 0 1 3 2 1 0 0 0 0 0 1 0 0 1 0 0 0 0 1 0 1 0 1 0 0 0 0 0 2 0 1 0 1 1 0 0 0 2 0 0 1 1 0 0 0 0 0 3 0 0 1 1 0 0 0 0 4 1 0 0 1 1 0 0 0 0 0 0 0 0 0 0 2 1 0 1 1 1 0 1 1 1 0 2 1 1 0 1 0 0 0 0 0 0 1 0 0 0 1 0 0 0 2 0 0 1 0 0 0 3 1 0 1 2 0 0 1 0 1 0 1 1 19
CGA_T 38 11 10 3 3 7 3 4 3 4 1 0 1 1 3 2 1 1 2 1 1 3 2 2 1 1 0 0 0 1 1 0 0 1 2 0 0 1 0 0 0 3 1 0 1 1 4 1 0 1 0 2 0 0 0 0 0 0 1 0 1 1 0 0 0 0 0 0 1 0 0 0 3 3 1 0 0 0 0 1 0 1 1 0 0 0 1 0 1 0 0 0 1 2 0 0 0 2 0 1 0 1 1 0 0 0 0 0 0 0 1 0 2 0 0 1 1 1 0 0 0 0 0 0 0 1 1 0 1 0 1 1 0 0 0 0 1 0 0 0 0 1 0 1 1 1 0 1 0 0 1 0 1 0 0 0 0 0 0 1 0 0 0 0 0 1 0 0 0 0 1 0 0 1 0 0 0 0 0 0 1 0 0 1 0 0 0 1 1 1 0 0 0 0 0 0 2 13
CGC_A 920 401 190 148 96 113 82 90 68 52 53 54 36 38 32 47 32 37 45 29 31 29 29 21 23 24 31 15 17 25 21 18 25 14 20 32 19 19 19 16 14 12 29 16 12 15 22 11 11 16 14 14 19 18 16 18 14 17 17 16 14 11 20 14 13 14 5 10 13 11 12 15 4 6 12 13 9 7 15 15 13 11 13 15 12 8 12 7 10 16 8 13 15 10 12 4 12 8 2 3 6 5 8 6 9 7 7 7 9 8 11 2 7 6 5 10 18 4 9 8 10 2 9 10 8 6 8 11 5 5 3 5 9 6 8 3 10 7 5 5 6 7 4 3 5 4 5 8 5 11 6 8 7 3 9 10 8 6 4 7 9 4 4 2 4 5 3 3 4 8 4 3 4 7 9 5 11 5 8 7 9 0 6 5 7 5 6 10 8 6 3 8 7 7 10 15 24 213
CGC_C 48 13 4 3 5 3 3 7 5 2 2 0 2 1 0 2 1 3 5 4 0 3 1 0 2 0 1 2 1 2 1 0 0 0 1 0 2 0 1 2 0 0 1 0 1 1 1 4 0 0 0 0 2 1 0 0 0 1 0 1 3 0 3 0 2 0 0 1 0 0 0 0 1 0 0 1 1 0 0 1 0 0 2 0 1 1 0 0 0 0 1 1 0 0 1 1 0 2 0 0 1 0 1 0 0 1 0 0 0 1 0 0 0 1 0 1 0 1 0 1 1 1 0 0 0 0 0 0 0 0 0 0 1 2 0 1 1 0 0 1 1 0 1 1 3 0 2 0 0 0 1 0 0 0 0 0 0 2 0 0 0 0 0 1 0 0 0 0 0 0 0 0 1 0 0 0 0 0 0 0 0 0 0 0 0 0 0 0 1 0 0 0 0 0 0 0 1 19
CGC_T 63 19 9 16 7 6 7 3 5 5 1 6 1 1 4 1 5 4 3 4 6 4 5 1 3 2 3 0 1 4 2 2 2 2 3 1 1 2 1 0 0 2 3 4 0 0 2 2 1 2 1 0 1 1 2 1 0 1 0 0 1 0 1 1 1 0 1 2 2 1 1 0 1 0 0 1 1 2 1 0 2 3 0 0 1 0 1 0 0 0 2 2 0 0 1 1 0 1 0 2 2 0 1 0 1 0 1 3 0 1 1 0 2 0 1 0 1 0 1 0 0 1 1 1 0 1 0 0 0 0 1 0 0 0 0 1 1 2 0 0 2 0 0 1 1 2 2 0 0 1 0 0 2 0 0 1 2 1 0 1 0 0 0 0 0 0 1 1 0 0 0 0 0 0 1 1 1 1 1 1 0 0 0 0 0 0 2 2 0 0 1 1 2 0 3 1 2 19
CGG_A 1148 419 261 176 139 137 117 85 71 88 52 63 51 40 26 32 56 35 47 51 54 43 38 35 21 32 35 22 32 24 24 29 21 30 33 14 24 22 29 17 17 31 23 22 16 15 20 20 16 22 13 21 15 24 19 14 17 18 16 17 19 22 13 16 17 14 22 18 14 17 19 11 16 13 12 16 14 11 16 10 12 19 19 10 17 14 12 15 17 19 20 16 12 16 18 12 9 8 13 9 7 11 15 18 17 8 6 12 11 9 12 5 12 9 15 8 8 5 16 7 4 6 8 10 3 12 7 2 6 10 7 9 10 12 9 12 7 5 11 4 7 8 5 10 9 5 17 4 7 13 9 7 5 7 11 8 3 8 5 2 5 8 6 8 3 4 8 7 7 6 8 4 5 10 7 13 8 7 9 9 12 3 7 4 5 8 7 11 16 8 11 14 9 8 18 14 29 290
CGG_C 34 24 14 12 6 2 8 5 5 2 5 0 1 7 1 3 3 0 5 3 2 3 1 3 2 5 0 5 1 3 3 1 2 1 1 1 1 1 2 4 1 0 1 2 0 3 1 2 1 0 1 1 1 1 0 0 0 1 1 2 1 0 1 1 1 2 0 0 0 0 1 3 0 3 1 1 0 0 0 2 0 1 1 0 2 5 3 0 1 1 0 1 1 1 0 2 1 1 1 0 0 0 0 0 0 1 0 2 1 1 0 0 1 0 0 1 1 0 0 0 0 1 0 1 0 0 0 0 0 3 0 0 1 2 0 3 0 0 1 1 2 1 4 1 1 2 0 1 0 1 0 0 0 1 0 0 1 0 1 0 0 1 1 0 3 0 0 0 2 0 0 1 0 0 0 1 0 1 1 0 1 0 0 1 0 1 0 1 0 3 2 0 1 0 1 2 1 21
CGG_T 45 18 11 10 5 9 3 1 2 1 4 1 3 2 2 1 1 2 5 6 0 1 1 0 0 2 3 0 1 2 0 1 4 0 1 3 0 2 0 0 2 0 1 0 0 1 1 0 1 2 1 1 1 1 1 1 2 1 0 1 1 1 0 3 1 0 0 0 1 0 1 0 1 1 2 2 1 2 0 1 0 0 1 0 0 0 1 0 0 1 1 0 0 1 1 1 0 0 1 0 2 0 0 0 4 0 0 1 1 0 1 1 0 0 0 2 0 1 0 0 0 0 0 0 0 0 1 0 0 2 1 0 2 2 1 0 0 0 1 1 0 0 0 0 0 1 0 2 1 1 0 0 0 1 0 0 0 1 0 1 0 0 0 0 0 1 1 0 0 1 0 0 0 1 0 1 1 1 0 1 1 0 0 0 1 0 0 0 1 2 0 1 2 1 0 0 2 15
CGT_A 944 366 216 136 105 116 84 91 61 67 51 59 46 34 29 29 39 37 41 34 26 31 22 34 30 28 25 26 38 25 18 16 29 21 23 21 26 16 18 13 18 22 30 20 23 17 15 22 13 19 9 10 15 19 14 24 28 12 18 14 14 10 20 14 16 10 11 12 14 5 11 13 8 11 7 7 11 16 12 13 15 7 13 13 9 8 8 12 15 15 5 8 7 9 11 14 7 11 5 9 4 8 8 11 17 8 8 16 11 4 2 8 6 11 12 13 8 9 5 9 5 12 12 8 5 8 7 8 7 5 6 6 11 7 5 5 9 7 3 11 8 3 4 8 4 5 7 5 9 7 7 2 4 5 14 4 3 6 4 6 5 6 7 4 6 3 8 2 6 5 3 7 4 3 2 9 11 7 10 10 5 6 9 4 5 4 7 11 8 12 8 15 6 9 15 14 38 316
CGT_C 25 12 7 3 5 7 2 8 2 1 3 1 4 2 2 2 0 1 2 3 0 1 0 2 4 3 2 1 1 0 1 2 1 1 0 0 1 0 1 2 0 2 4 1 1 0 1 1 0 3 0 0 0 0 0 1 0 1 0 0 0 0 0 0 0 1 0 0 0 0 0 1 0 2 1 0 1 0 1 1 1 3 0 0 1 2 1 1 0 0 1 0 1 2 1 2 1 0 0 0 0 1 0 1 1 1 0 1 0 0 1 0 0 0 0 1 0 0 0 0 0 1 0 0 0 0 0 0 0 0 1 0 1 0 0 0 1 0 0 0 0 0 0 1 0 1 2 1 0 0 1 0 1 0 0 0 0 0 0 1 0 1 2 1 0 0 0 0 0 1 2 0 0 0 1 0 2 2 1 0 0 0 1 0 0 1 1 1 0 0 0 1 1 0 1 1 4 29
CGT_T 28 19 6 10 10 6 6 2 2 3 2 0 2 2 1 1 3 2 2 1 1 0 2 0 0 2 1 1 3 2 4 1 1 0 0 0 1 0 0 0 1 1 0 1 0 1 0 2 1 0 1 1 1 2 1 0 2 0 3 0 0 0 1 2 4 2 1 1 2 0 2 0 1 2 0 0 2 2 0 0 1 0 1 1 1 1 0 1 0 2 0 0 1 1 0 0 2 0 0 1 1 0 1 0 1 0 1 1 0 2 0 2 1 0 1 0 0 2 0 1 0 1 1 1 0 0 0 1 0 0 0 0 1 0 1 0 0 1 1 0 2 0 1 0 0 0 0 0 0 1 0 0 1 0 0 0 0 0 0 0 0 0 0 0 1 0 1 0 0 0 0 0 0 0 0 0 0 0 0 0 0 1 0 0 0 1 1 1 0 1 1 0 0 2 0 1 1 16
CTA_A 17 9 5 2 1 4 3 1 2 4 1 2 1 1 0 1 0 0 1 2 0 2 0 1 0 0 1 0 0 1 0 0 0 1 1 0 0 0 0 0 1 1 0 0 1 1 0 0 0 0 0 1 0 0 0 1 1 1 0 1 3 0 1 1 0 0 1 0 0 1 0 0 0 0 0 0 0 1 0 0 0 0 0 1 0 0 0 0 0 3 0 1 1 0 0 0 0 0 0 0 1 0 0 0 0 1 0 0 1 0 0 0 2 0 0 0 0 1 0 0 0 0 0 0 0 0 0 0 0 1 0 0 1 0 0 0 1 0 0 0 0 0 0 0 1 0 0 0 0 0 0 0 0 1 0 0 0 0 0 0 1 0 1 0 0 0 0 0 0 0 0 0 0 0 0 0 0 0 0 0 0 0 0 1 1 1 0 0 0 0 0 2 0 1 0 1 1 9
CTA_C 116 60 39 14 15 21 12 8 10 9 11 8 13 8 4 5 4 6 2 4 6 2 5 4 5 5 5 4 4 3 3 1 1 5 1 1 2 6 4 1 5 1 3 4 1 5 2 6 4 1 0 4 5 4 3 3 1 1 5 1 4 2 3 0 0 3 3 3 0 2 3 3 0 2 1 2 1 1 5 0 1 2 2 2 2 2 2 2 3 1 2 1 3 5 2 0 6 3 1 1 3 2 2 1 2 1 1 2 1 0 2 3 1 2 1 3 1 2 0 4 0 0 2 2 0 1 2 0 0 0 2 1 0 0 1 2 1 0 2 1 0 1 0 1 2 2 1 2 2 2 0 0 2 0 0 1 1 3 2 1 3 1 0 0 1 1 1 0 0 1 0 0 4 0 1 3 1 3 2 0 1 0 1 1 0 2 2 3 4 3 2 3 1 4 8 4 9 73
CTA_G 10 11 4 2 6 2 1 1 4 3 1 0 1 0 2 1 0 0 2 2 3 0 2 1 0 0 3 1 0 0 0 0 1 0 0 0 0 0 0 0 0 0 0 2 0 0 2 0 2 0 0 1 2 2 0 0 0 1 2 1 2 0 1 1 1 2 1 0 0 1 1 0 0 0 0 0 0 0 0 1 0 0 0 0 0 1 2 0 1 1 0 0 0 2 0 0 0 0 0 0 0 1 0 0 0 0 0 1 0 0 0 0 1 1 2 0 2 1 0 0 0 1 0 1 0 1 0 0 0 0 0 0 0 0 0 0 0 0 0 0 0 1 0 1 0 0 0 1 0 0 1 2 0 1 0 0 0 0 0 1 0 0 0 1 1 1 0 0 0 0 0 0 0 1 1 0 1 1 0 0 1 0 1 0 0 1 0 1 0 0 2 0 0 1 0 0 0 14
CTC_A 44 20 6 11 9 6 3 2 3 1 3 0 4 1 0 3 3 0 2 1 1 0 2 0 0 2 1 1 1 0 3 2 4 1 0 0 2 0 1 3 1 0 0 1 0 0 1 0 4 0 0 1 1 1 0 1 1 2 2 1 1 0 2 0 0 1 0 1 2 0 0 0 0 2 0 0 0 1 0 2 0 0 0 0 1 0 1 0 0 2 0 3 1 1 1 2 2 0 0 2 1 0 0 1 0 0 0 0 0 0 0 2 1 1 1 1 0 0 1 0 0 0 1 0 0 1 2 1 0 0 0 0 1 0 0 0 0 0 1 1 0 0 1 0 0 0 0 1 0 0 0 0 1 0 3 1 0 0 0 0 0 0 0 0 1 0 0 0 1 1 0 0 0 0 1 1 0 1 0 1 2 0 0 1 0 0 0 2 1 1 0 0 0 3 2 1 5 10
CTC_C 149 74 38 25 25 15 13 10 11 8 5 8 9 10 7 7 2 10 2 3 4 6 5 7 4 6 8 7 7 6 1 5 3 3 2 4 6 2 3 4 3 3 5 2 2 2 1 5 2 4 2 5 4 3 2 5 2 0 2 4 4 2 1 3 3 1 1 0 1 2 2 1 1 4 4 1 2 2 3 2 2 2 1 1 1 1 4 4 4 2 1 2 1 4 6 2 2 4 1 0 2 3 1 4 4 4 2 3 1 4 0 2 2 2 0 3 1 1 0 2 2 2 1 3 4 3 0 1 0 0 0 2 2 1 4 0 4 0 4 1 1 0 2 1 1 3 2 1 3 4 1 2 1 1 2 3 1 1 2 1 1 1 4 1 0 1 1 1 2 2 0 2 4 2 1 2 2 2 1 2 1 2 0 1 2 2 1 0 2 3 1 2 2 3 5 5 9 87
CTC_G 50 27 10 12 8 10 7 5 5 8 3 4 3 4 5 0 4 0 6 0 2 4 0 1 2 1 4 1 2 1 1 2 2 2 0 0 3 3 4 2 3 2 2 5 1 5 2 3 1 0 0 1 2 1 2 2 1 2 2 0 0 0 2 0 0 0 2 1 0 2 0 0 0 0 1 2 1 1 2 1 0 2 0 0 1 1 0 2 0 0 1 0 0 0 0 1 1 1 0 0 0 0 3 1 0 0 1 0 0 1 0 0 0 2 0 1 1 1 0 0 1 0 0 1 0 2 0 2 0 0 1 2 1 0 1 2 0 0 1 1 0 1 1 1 0 0 0 0 0 0 0 0 0 2 2 0 0 2 1 1 3 0 1 1 1 0 0 0 0 0 0 0 0 1 0 2 0 0 1 1 0 1 0 0 0 1 0 2 0 0 1 1 1 1 3 2 0 24
CTG_A 51 24 21 10 12 9 3 2 4 3 5 3 3 0 2 4 6 2 0 3 5 2 1 2 2 1 1 4 0 1 2 3 0 2 2 0 1 0 2 1 0 2 1 2 1 1 0 2 1 2 0 1 2 0 2 1 0 0 0 0 0 0 0 1 0 1 1 0 1 3 1 0 2 1 1 0 1 0 1 0 2 1 0 0 0 0 0 0 1 3 2 1 1 0 0 0 0 2 2 1 0 0 3 0 0 1 1 0 1 1 1 0 1 2 0 0 2 0 0 2 0 1 0 0 1 0 1 0 2 0 0 2 0 0 0 0 0 0 0 0 1 2 0 0 1 1 0 0 0 0 0 1 2 3 0 0 2 1 0 1 0 0 0 0 1 0 1 0 0 0 1 0 0 0 0 1 0 1 1 0 0 1 0 1 2 2 0 0 1 1 1 3 0 0 0 0 0 27
CTG_C 264 131 59 58 44 39 29 36 33 23 23 14 17 22 8 14 19 22 16 14 15 17 11 18 23 15 7 7 11 14 13 10 6 8 14 11 12 6 7 10 7 8 11 13 8 5 5 4 8 10 5 6 9 6 7 10 3 12 15 12 12 6 7 13 9 7 9 10 7 6 8 5 7 10 9 5 5 13 4 8 6 3 5 4 7 5 7 5 7 13 7 7 7 6 7 5 3 7 3 8 9 4 6 9 6 7 9 10 7 4 6 3 8 9 8 5 5 6 6 6 6 7 5 3 4 8 2 3 4 9 2 5 6 3 7 4 6 6 2 9 2 5 6 4 3 8 3 4 8 5 4 3 9 6 3 4 3 5 8 10 5 4 4 5 8 4 8 3 5 7 6 4 1 4 4 10 6 5 11 8 5 5 7 7 12 10 6 9 10 7 6 14 16 15 26 49 103 1244
CTG_G 102 46 23 13 11 10 12 8 7 9 7 2 7 2 4 2 4 0 2 0 5 3 4 5 7 3 5 1 3 0 1 2 4 3 3 2 3 3 3 1 1 1 2 3 3 2 3 1 1 3 1 0 5 3 0 0 0 2 3 2 1 2 1 0 2 1 3 0 1 1 1 2 0 1 0 0 0 1 1 1 4 2 1 1 0 2 0 3 1 2 1 0 1 5 0 0 0 0 0 3 0 0 1 0 0 0 0 1 2 0 1 1 2 0 1 0 1 0 0 1 0 1 2 0 2 2 0 0 0 0 0 1 1 0 2 0 1 0 1 3 1 1 0 1 0 0 2 0 1 2 2 0 0 0 1 0 1 1 0 0 0 0 3 2 1 0 1 0 0 0 1 0 3 0 1 1 1 0 0 2 0 0 1 1 1 2 0 0 1 1 1 0 0 0 1 2 2 29
CTT_A 28 13 10 3 7 6 3 4 4 2 2 3 1 0 1 1 1 0 0 2 0 0 0 0 2 1 2 0 2 0 1 1 2 3 3 1 1 1 1 3 0 1 2 2 0 0 0 0 1 1 0 0 1 0 0 2 0 1 0 1 1 2 0 1 2 2 1 1 1 0 1 0 2 0 2 0 0 0 2 0 2 0 0 1 0 0 0 1 0 0 0 0 0 0 0 1 2 0 1 0 1 1 0 2 0 1 0 0 0 0 0 0 0 1 0 0 0 0 2 0 2 2 0 0 0 0 2 0 0 0 0 0 1 0 0 1 0 0 0 0 0 1 0 0 1 4 1 0 0 0 0 1 1 0 0 0 1 0 1 0 0 0 0 1 0 0 0 0 0 1 0 1 0 0 0 1 0 0 0 0 1 0 0 1 0 1 0 0 0 0 1 0 0 0 1 2 3 8
CTT_C 146 71 49 27 26 23 18 12 13 8 8 13 7 8 9 9 10 2 7 3 3 2 5 5 10 6 4 6 6 3 9 1 4 7 6 3 6 6 3 5 5 1 5 1 5 1 4 6 0 4 5 4 6 2 1 4 5 4 5 4 5 4 3 3 4 4 1 2 3 2 4 4 3 0 1 3 2 2 4 1 1 0 2 2 3 5 5 3 2 4 5 3 5 1 3 4 2 2 1 2 1 3 3 1 3 3 1 8 0 3 0 2 3 3 3 2 3 1 2 1 1 3 1 3 1 0 3 1 4 2 2 3 0 2 2 1 2 1 1 1 3 3 3 1 0 2 2 2 0 2 1 1 3 0 2 1 0 0 2 2 1 2 3 1 1 3 1 1 4 0 0 0 3 4 1 0 0 0 1 5 2 2 1 1 3 1 2 2 2 1 4 6 2 3 6 4 6 90
CTT_G 59 23 12 8 9 7 3 1 4 5 4 0 5 4 3 6 5 1 5 1 2 3 3 2 2 3 6 1 1 3 0 1 0 2 2 3 0 2 1 3 2 0 1 0 1 0 1 2 0 2 3 0 1 1 3 0 0 0 3 1 0 3 2 1 0 2 3 0 0 0 1 1 0 0 0 0 0 3 1 0 0 0 2 2 0 0 1 0 0 1 3 1 4 2 1 0 1 0 0 1 1 0 1 0 2 0 1 1 1 1 0 0 0 0 0 2 2 2 1 0 0 2 0 1 0 0 2 0 1 0 0 0 1 1 0 0 0 1 0 1 1 0 0 0 1 0 1 1 0 1 0 1 0 0 0 2 0 1 0 0 0 1 0 1 1 1 0 2 0 0 0 2 1 1 0 0 0 1 0 0 0 1 0 1 1 1 0 2 1 0 2 3 0 2 0 0 3 15
GAA_C 28 16 19 8 8 6 6 1 2 3 5 1 2 2 3 3 2 1 4 2 1 0 1 3 1 3 2 3 1 1 3 4 3 1 1 2 0 1 1 2 0 1 2 2 1 0 1 4 1 3 0 1 0 0 2 2 0 2 0 1 0 1 0 3 2 1 0 1 1 3 1 2 0 1 0 0 1 3 1 2 0 1 1 1 2 0 0 0 0 0 2 0 3 0 1 1 0 3 0 0 1 1 0 1 0 1 2 0 1 1 0 0 0 2 0 1 0 0 0 1 0 1 0 0 0 0 2 0 0 1 1 0 0 1 1 0 0 0 1 0 1 0 0 0 2 0 1 2 0 1 0 1 2 0 0 1 0 0 1 0 0 0 1 2 1 0 2 0 0 0 0 0 0 1 0 0 1 0 0 0 0 1 2 0 1 1 0 1 0 1 0 1 0 2 3 1 2 25
GAA_G 116 47 29 26 16 7 10 16 8 10 12 7 6 8 3 1 7 2 6 3 7 6 5 4 8 4 7 3 4 3 3 2 1 3 5 3 2 1 4 3 1 4 1 1 0 6 3 2 6 4 1 0 1 1 2 3 1 0 4 3 3 2 1 1 3 3 0 3 3 0 2 6 3 2 4 4 2 4 1 1 0 0 2 3 1 2 0 1 2 6 3 2 3 2 1 0 2 0 2 3 2 4 0 0 1 2 0 1 3 1 0 0 1 3 0 1 1 1 0 0 2 1 3 2 0 3 3 0 2 3 1 1 0 2 2 2 2 5 1 2 1 2 1 2 4 2 3 0 2 2 1 3 1 2 1 3 2 3 0 0 0 0 3 0 0 1 0 1 4 0 4 1 3 0 1 0 1 2 1 0 1 2 1 1 4 1 0 1 1 0 0 2 0 1 1 7 8 65
GAA_T 29 10 4 7 4 7 2 2 5 2 3 3 3 2 0 1 1 2 2 3 2 0 1 2 0 0 1 0 0 1 0 1 0 1 0 1 1 0 1 5 1 0 0 0 1 0 0 2 0 0 0 1 2 0 0 1 0 1 0 0 0 0 1 0 1 1 1 0 0 0 1 1 0 1 0 0 0 0 0 0 0 0 1 0 0 0 0 0 0 0 3 1 0 0 3 0 0 0 0 0 0 0 0 0 1 0 0 0 1 0 0 0 0 0 0 0 1 2 0 0 0 0 0 0 0 0 1 1 0 0 0 0 0 0 1 0 0 0 0 0 0 0 0 0 1 0 0 0 0 0 0 0 0 1 0 1 0 0 0 0 0 0 0 0 0 1 1 1 1 0 0 0 0 0 1 1 0 1 0 0 1 0 1 1 0 0 1 1 0 0 1 2 1 0 0 0 1 7
GAC_C 30 14 8 3 4 2 3 2 1 2 2 1 2 0 2 0 3 1 0 0 4 0 0 0 0 1 0 0 1 0 0 1 0 0 0 1 1 0 0 1 0 1 2 1 0 1 0 0 1 0 0 0 0 0 0 2 2 1 1 0 1 1 0 0 0 0 1 0 1 0 0 0 1 3 1 0 0 1 1 1 0 0 0 0 1 1 0 0 1 0 0 0 1 0 1 0 0 0 0 0 0 0 0 0 0 0 0 1 0 0 0 2 0 0 0 0 1 0 0 0 2 0 0 0 0 0 1 0 0 1 0 0 0 0 1 0 0 0 0 2 0 1 0 0 0 0 0 0 0 1 0 1 0 0 0 0 0 0 1 0 0 0 1 0 0 0 0 0 1 1 0 1 0 0 0 0 1 0 0 0 0 1 0 0 1 0 1 0 0 0 0 0 0 1 1 1 1 15
GAC_G 84 33 29 14 9 12 11 9 8 10 5 7 6 4 3 6 6 5 2 5 2 5 4 6 4 4 1 1 0 2 2 5 1 5 2 3 3 3 5 7 1 2 1 4 3 3 3 1 1 1 3 0 2 1 0 2 1 2 4 2 1 1 0 2 4 4 3 2 1 3 3 3 2 0 1 2 1 2 1 0 4 1 3 6 5 1 1 1 2 2 1 3 3 1 4 3 2 2 2 2 2 0 2 1 2 2 1 1 1 1 0 2 0 3 1 1 2 1 1 0 3 0 2 2 0 2 1 1 2 1 0 1 2 2 3 1 0 4 2 2 4 2 1 2 1 1 2 1 0 1 2 1 3 0 2 2 1 0 2 1 0 0 1 0 0 1 0 1 2 1 2 0 1 1 1 2 1 0 0 2 2 0 2 1 2 1 0 1 2 0 3 1 7 2 2 1 7 75
GAC_T 39 7 15 11 10 3 6 4 2 3 1 2 1 3 2 2 0 1 2 4 2 4 0 1 0 1 0 0 3 0 2 3 0 2 1 1 1 1 0 0 1 1 0 0 0 0 1 1 2 1 1 0 0 1 0 1 0 2 1 2 2 0 1 0 0 0 1 1 2 0 1 1 1 0 0 0 0 0 0 1 1 0 1 2 0 0 1 0 1 3 1 0 0 1 1 0 0 1 2 0 0 0 3 0 0 1 0 0 1 0 0 0 0 0 0 0 0 0 0 0 0 0 1 0 1 0 0 1 0 0 0 0 0 1 0 0 1 1 0 0 0 0 0 0 0 0 0 0 1 0 0 0 0 0 1 0 0 0 0 0 0 0 0 0 0 0 0 0 0 1 0 0 0 0 0 0 0 0 0 0 1 1 0 1 0 0 0 0 3 1 0 1 0 0 1 3 3 5
GAG_C 71 23 16 8 13 8 8 5 4 2 2 4 3 6 3 2 3 3 1 0 3 1 3 0 2 1 5 2 2 3 3 1 0 4 2 1 2 0 2 0 0 2 2 1 2 2 3 1 1 1 5 0 2 4 0 1 1 2 0 0 1 0 2 2 0 1 1 1 1 1 1 1 1 0 3 0 1 0 2 0 0 0 0 1 2 0 1 2 1 3 0 0 1 0 1 1 0 0 1 2 0 0 0 0 0 1 0 0 1 1 2 1 2 1 2 1 0 1 0 1 1 2 0 0 0 1 0 0 0 1 1 0 2 0 0 0 2 1 3 0 1 0 0 2 1 0 0 0 0 1 0 0 3 1 0 0 1 0 0 1 1 0 0 0 0 0 1 1 0 0 0 1 2 0 3 1 0 1 1 0 1 0 0 0 0 0 2 0 0 1 0 0 0 1 2 1 2 21
GAG_G 166 56 27 25 11 17 9 10 7 8 8 8 5 6 7 15 3 3 12 6 3 9 4 8 6 7 3 4 4 2 2 3 3 6 5 3 2 8 4 3 0 6 2 5 2 1 3 3 3 2 7 0 5 3 7 5 1 1 2 1 4 1 3 2 4 4 2 3 3 4 2 1 2 3 3 3 6 5 4 0 5 6 6 5 1 4 1 2 4 9 5 4 2 5 2 1 7 2 0 2 3 2 0 1 4 2 2 2 0 5 0 3 1 0 0 2 0 2 1 3 2 5 2 1 0 2 1 3 3 1 0 0 2 2 2 1 1 2 3 2 2 0 1 1 2 2 1 1 2 3 2 0 0 1 1 0 2 2 0 2 2 1 2 1 1 2 1 1 2 4 3 1 0 0 0 2 0 1 2 2 3 1 3 1 3 1 3 1 4 2 2 7 2 1 6 3 7 97
GAG_T 53 29 12 8 6 7 7 5 1 3 1 0 4 1 3 4 3 0 2 1 0 3 2 2 0 1 1 0 1 1 0 1 1 2 0 1 1 2 0 0 2 3 1 0 1 0 1 0 0 1 0 0 0 0 1 0 1 1 0 0 2 2 0 0 0 1 0 0 0 0 0 1 1 0 0 0 0 0 1 2 0 2 3 0 0 0 1 0 0 1 1 2 1 0 1 0 0 0 0 2 0 2 1 0 0 3 0 0 1 1 1 0 1 2 0 0 0 1 2 2 0 2 0 0 0 2 0 0 1 0 0 0 0 1 2 0 1 0 0 0 0 0 0 0 0 0 1 1 1 1 0 0 0 1 1 0 0 1 0 0 0 0 0 0 0 0 1 0 1 0 1 1 2 0 0 0 0 0 1 0 0 0 0 0 0 1 1 1 4 0 1 0 1 1 1 0 1 12
GAT_C 30 6 4 3 4 1 4 0 2 0 1 0 0 1 2 2 1 0 2 1 2 2 2 2 1 1 0 1 0 1 1 0 1 1 1 0 0 0 0 2 2 1 1 1 1 0 0 2 0 1 0 0 0 0 0 1 0 0 0 0 1 1 0 0 0 0 0 1 0 0 1 0 1 0 0 1 0 0 0 0 0 0 2 2 2 0 0 1 2 1 1 0 0 0 0 0 0 0 0 1 0 0 0 0 1 0 1 0 0 0 0 0 0 0 0 1 0 1 0 1 0 0 0 0 0 0 0 0 0 0 0 1 0 0 0 2 0 0 0 0 0 1 0 0 0 0 0 0 0 0 0 1 0 0 0 2 0 0 0 1 0 0 0 1 0 0 1 0 0 0 0 0 0 0 0 0 2 0 0 0 0 1 1 0 0 1 0 0 0 0 0 0 0 0 0 1 1 8
GAT_G 131 74 37 25 12 17 12 16 14 12 5 11 9 4 8 11 6 4 3 6 3 4 2 4 5 3 6 3 4 2 3 2 2 3 9 5 3 4 5 4 3 3 4 4 5 2 1 6 1 3 2 2 2 6 3 3 5 2 4 3 2 2 2 2 2 2 2 1 2 2 1 0 3 2 3 1 4 1 3 4 2 1 2 3 3 2 1 0 4 1 2 2 2 2 4 3 0 1 2 1 2 4 1 2 4 3 1 1 1 4 2 2 2 2 1 2 3 4 2 2 1 0 0 1 2 2 2 0 2 0 0 1 3 1 0 1 3 1 3 1 0 1 1 1 2 2 1 2 2 0 0 0 1 2 2 2 4 4 3 1 2 0 3 1 2 0 0 3 2 0 2 1 3 1 0 2 3 1 2 1 3 0 3 0 2 1 2 2 1 1 4 4 1 2 5 4 12 69
GAT_T 62 26 18 12 4 6 2 6 5 3 2 3 4 2 2 3 2 4 4 2 3 3 3 1 1 3 2 0 1 1 1 4 0 2 1 0 1 0 0 3 1 2 0 0 0 0 2 1 1 2 1 0 0 0 1 1 2 1 2 0 0 2 0 1 0 0 1 0 0 0 0 1 1 2 3 1 1 1 0 0 1 1 0 1 2 2 2 0 1 1 0 0 1 0 0 1 2 0 0 0 4 2 0 0 0 1 0 1 0 0 2 0 0 2 0 1 0 1 1 1 1 0 0 0 1 0 0 1 3 0 0 1 2 0 1 0 1 1 0 0 1 0 0 0 0 1 0 0 0 0 1 1 1 0 0 0 0 2 0 1 0 0 0 0 0 0 0 1 0 1 1 0 1 2 1 2 0 0 1 2 0 0 0 2 0 0 2 1 0 0 2 2 0 0 1 2 1 18
GCA_A 86 36 28 18 11 15 3 6 4 8 5 9 3 2 1 3 2 3 2 6 6 6 5 12 2 2 5 3 6 3 6 1 2 2 2 1 1 5 1 1 2 1 1 2 3 3 1 3 1 0 2 2 0 4 2 3 3 2 1 4 1 2 1 0 1 2 1 2 0 1 0 1 0 3 2 0 1 1 2 1 1 0 2 2 1 1 1 3 3 3 2 0 2 1 1 2 3 1 2 0 1 1 0 1 1 1 1 2 0 0 0 1 0 1 0 1 1 0 1 1 3 1 0 2 1 0 1 3 0 1 2 0 0 1 0 1 1 0 1 0 1 0 0 0 1 2 2 0 1 2 1 1 0 0 1 1 0 0 1 1 0 0 0 0 0 0 0 0 1 0 1 2 1 0 0 0 2 2 0 0 3 0 0 2 0 1 1 3 1 3 1 4 1 2 0 2 6 22
GCA_G 39 27 19 10 15 5 5 2 4 2 3 1 3 1 1 2 3 3 4 1 1 1 2 3 3 0 2 1 1 2 0 4 0 1 2 1 1 1 1 0 1 1 0 4 4 0 0 1 1 1 3 2 2 2 2 0 3 0 2 0 0 0 2 1 2 1 3 0 0 2 0 2 0 1 1 2 0 1 1 1 0 0 1 2 0 3 0 2 0 0 0 2 1 3 0 1 1 0 1 0 0 2 1 3 0 0 0 0 0 2 0 1 0 0 0 2 0 1 0 1 1 1 2 1 1 0 0 1 1 0 0 0 2 0 0 0 1 1 1 1 1 1 0 0 2 0 1 1 0 0 1 1 0 0 0 0 0 0 1 0 0 0 0 0 0 0 1 0 0 1 0 1 0 0 0 0 0 0 3 0 1 1 1 0 1 0 0 2 1 0 0 0 0 1 1 2 3 14
GCA_T 261 93 59 44 35 30 35 24 22 20 16 9 16 10 13 5 17 8 7 7 8 17 7 7 6 11 7 10 8 6 4 6 8 7 4 3 4 12 8 5 6 5 7 3 7 5 4 6 4 5 1 8 5 4 5 4 5 3 7 2 5 5 2 5 3 3 5 6 3 1 2 5 2 2 3 2 7 6 4 4 1 0 3 5 4 1 4 2 7 2 5 2 7 7 3 4 3 4 5 1 2 3 1 2 2 3 3 3 2 3 3 3 2 1 5 1 1 0 2 3 3 4 5 1 2 2 0 0 2 0 3 3 1 1 0 0 7 1 2 4 4 1 3 3 4 3 3 0 0 2 2 4 4 2 2 1 0 2 0 2 1 1 2 0 2 0 2 1 0 2 3 0 0 1 3 2 3 1 4 1 1 2 3 2 2 2 0 3 3 0 2 5 2 3 7 2 7 80
GCC_A 98 51 31 15 19 19 13 16 7 10 11 8 6 13 3 2 5 4 4 5 7 2 4 7 0 2 3 2 4 4 7 4 3 1 3 1 1 5 4 2 1 1 5 1 2 5 1 2 5 1 2 0 2 2 4 0 2 3 4 0 1 3 2 0 0 1 2 1 1 1 3 1 0 1 3 0 2 1 5 2 1 0 1 3 1 2 0 0 2 1 1 1 1 7 0 0 3 1 3 1 0 0 0 0 2 2 1 2 2 1 1 1 1 0 0 1 1 2 2 0 0 2 2 0 2 0 0 1 1 2 1 1 0 0 0 0 3 0 3 3 1 0 0 0 2 1 1 1 0 1 0 0 0 1 0 1 0 0 1 0 0 0 0 0 2 1 1 2 0 1 2 0 1 2 0 2 4 0 0 1 0 2 0 0 2 2 1 3 1 0 0 1 1 2 0 2 5 28
GCC_G 83 36 33 22 8 12 4 6 7 4 5 3 5 3 4 2 4 3 3 1 1 3 1 5 4 0 2 4 1 1 2 2 0 2 2 0 1 4 1 0 0 0 2 3 1 2 0 2 1 2 2 0 1 2 2 1 1 1 5 0 2 3 0 2 1 0 4 1 0 3 3 1 2 1 1 0 0 2 2 2 0 0 0 1 1 0 1 5 1 1 0 1 1 2 2 0 0 2 0 1 1 2 3 1 4 2 0 1 0 1 1 1 1 0 1 1 1 0 1 0 1 1 0 1 2 2 0 2 1 0 0 2 0 1 1 0 1 0 1 0 1 2 1 0 1 1 0 2 1 3 1 0 0 0 0 1 1 0 3 0 2 0 0 2 0 0 0 0 0 0 1 1 0 1 0 0 0 0 0 0 2 0 0 0 2 0 1 1 0 1 1 0 2 1 1 2 1 13
GCC_T 307 121 82 54 47 34 27 20 34 23 24 15 17 12 14 14 15 15 16 18 9 9 5 6 8 14 7 11 7 10 15 5 10 6 10 10 7 5 4 6 5 8 9 4 8 7 4 8 7 5 10 5 3 12 5 2 6 8 5 12 5 5 1 5 4 4 7 1 6 2 3 7 5 4 3 3 3 3 1 3 6 4 3 8 6 4 2 4 3 6 7 3 5 2 3 5 2 7 2 4 0 6 7 3 6 3 5 4 2 6 2 5 3 2 3 2 1 4 2 3 4 1 1 2 1 3 2 1 2 0 0 2 7 4 1 2 3 1 3 3 5 1 1 3 4 6 2 2 1 3 1 4 1 3 3 4 5 6 0 5 0 4 4 1 1 1 0 5 7 2 1 1 5 2 3 2 8 1 3 5 2 1 1 2 4 3 0 7 1 3 3 3 2 4 6 6 16 91
GCG_A 56 26 12 13 8 12 8 4 2 6 5 0 6 3 4 4 3 3 8 7 0 2 3 5 1 1 2 3 1 0 2 0 3 2 2 3 2 3 0 2 1 1 0 2 2 2 2 1 0 1 4 0 0 1 1 2 1 3 4 0 0 1 1 1 2 0 1 2 1 2 1 2 1 0 0 1 1 0 0 1 0 0 1 1 1 1 1 2 0 0 0 1 1 2 1 0 1 1 0 0 0 0 1 1 0 1 0 0 1 1 1 3 2 0 1 0 1 0 1 2 1 0 1 0 0 1 0 0 2 3 0 0 2 2 0 0 0 1 0 1 1 1 0 2 0 0 0 2 0 0 0 0 1 0 0 1 0 0 1 0 1 1 1 1 0 0 1 0 0 0 0 0 1 1 0 0 0 4 0 0 0 0 0 0 0 0 0 0 1 1 0 1 1 0 0 0 2 26
GCG_G 37 23 9 4 1 3 5 2 5 3 1 1 2 1 1 3 4 1 1 1 0 3 1 3 1 2 0 0 0 0 2 2 0 0 2 0 1 1 2 0 1 2 1 2 2 0 0 2 2 0 0 0 0 2 1 0 0 0 1 0 2 1 1 1 1 1 1 0 1 2 0 1 0 2 1 1 0 2 1 0 1 0 1 1 1 0 0 0 1 1 0 0 1 0 1 0 0 1 1 1 1 2 1 2 0 3 3 0 0 1 0 0 0 0 4 0 0 0 0 0 1 1 0 0 0 0 0 2 0 1 0 0 0 0 0 0 0 0 1 0 1 0 0 1 1 0 0 1 1 1 0 1 0 0 1 0 0 0 0 1 0 0 0 0 0 0 0 0 1 0 0 0 0 0 0 0 0 1 0 0 0 1 0 0 0 1 0 2 0 0 0 1 0 0 0 1 1 18
GCG_T 911 360 201 127 113 88 83 55 58 52 51 42 60 35 45 30 20 27 41 31 40 31 24 16 25 19 27 15 25 25 24 14 24 21 18 16 23 16 20 24 20 19 24 21 14 10 11 15 21 14 20 17 26 15 14 14 18 21 15 19 15 21 16 13 19 17 7 22 10 12 6 15 7 5 7 10 9 6 8 8 11 7 9 11 7 4 5 8 15 17 7 11 9 18 9 19 5 11 7 10 5 11 6 9 11 7 6 6 8 9 7 7 7 9 8 12 7 10 8 6 5 1 6 7 5 9 3 8 5 4 8 4 5 9 10 10 5 7 5 7 12 4 8 3 4 7 4 7 11 8 10 7 11 6 7 7 4 7 11 12 6 4 15 5 9 1 6 5 8 5 4 4 10 7 9 6 11 6 10 9 13 4 8 10 8 5 5 8 10 11 7 13 7 10 12 9 26 214
GCT_A 51 36 19 10 8 7 6 4 5 4 6 4 2 3 4 3 4 1 4 4 3 1 0 2 1 3 2 1 1 2 1 1 2 3 1 0 1 4 4 2 3 3 1 2 5 1 0 2 1 1 0 0 0 0 2 0 0 1 1 0 0 0 1 0 1 0 1 1 1 1 3 1 0 3 2 0 1 1 0 1 1 2 3 0 0 0 1 2 3 1 1 2 0 0 1 1 1 1 2 1 0 2 0 0 0 2 1 0 0 0 1 1 0 1 0 1 1 0 0 1 1 0 1 1 0 0 0 1 0 2 1 0 1 0 1 1 1 0 1 0 0 0 0 0 0 0 0 0 0 0 1 0 1 0 1 1 0 0 1 1 0 0 0 0 1 1 0 0 0 0 0 1 1 2 0 0 1 0 0 0 0 1 1 0 1 0 1 0 0 0 1 0 1 1 0 0 4 14
GCT_G 68 37 24 16 7 11 5 12 6 10 2 3 1 6 6 1 4 4 4 2 2 3 4 1 2 3 4 1 5 3 2 2 4 1 2 3 0 4 4 1 2 2 2 1 5 2 1 3 0 0 1 1 0 3 0 1 2 3 2 3 1 0 2 2 2 4 4 0 1 0 0 2 2 3 0 0 2 2 0 0 1 2 0 1 0 0 0 1 0 1 1 0 1 2 3 1 1 1 0 0 1 0 1 0 3 0 1 1 0 0 0 0 0 0 1 0 0 0 1 1 1 2 0 0 1 1 0 0 1 0 1 1 0 2 3 0 0 0 0 1 0 1 1 2 1 1 1 1 0 0 0 0 1 0 1 0 0 0 0 2 0 0 0 1 0 0 1 1 0 0 0 0 0 0 0 0 1 1 2 1 0 0 1 0 0 1 0 1 1 1 0 5 0 1 3 0 3 34
GCT_T 265 119 72 54 30 33 33 32 25 22 14 14 8 10 8 13 11 10 11 14 13 13 12 6 9 12 9 5 7 6 6 6 5 5 1 3 3 8 4 8 5 3 8 2 6 5 3 8 2 4 3 2 10 6 7 6 4 7 3 4 2 10 4 1 7 6 5 1 3 3 4 6 3 4 7 4 4 3 2 3 6 2 5 4 5 3 6 2 4 4 6 8 3 1 6 4 1 2 2 2 2 4 1 2 3 2 6 0 3 1 3 1 1 3 1 5 1 3 2 4 2 3 2 2 1 4 1 0 2 1 1 0 6 1 3 4 2 3 1 5 1 4 1 3 3 1 0 3 0 4 3 3 2 3 0 0 1 1 2 2 2 4 1 3 1 5 1 1 1 0 0 3 1 2 0 4 5 5 3 1 0 2 1 1 9 0 0 1 2 0 3 2 3 4 3 6 11 92
GGA_A 384 167 119 79 48 46 47 44 25 30 20 27 21 15 11 13 15 16 11 19 6 14 6 8 5 8 9 7 5 5 10 8 6 4 8 8 5 13 4 4 4 7 11 5 5 4 8 6 5 4 5 10 7 2 5 3 3 4 8 3 4 5 6 5 4 4 6 3 1 6 2 1 5 2 8 2 2 0 3 4 7 5 3 4 3 2 1 2 3 3 2 7 5 8 6 4 4 2 3 8 2 3 2 6 0 3 0 2 7 2 6 2 5 3 2 3 2 4 2 3 1 3 2 4 4 0 2 3 2 1 4 2 5 2 4 0 4 2 2 1 7 1 2 4 3 1 2 5 4 3 0 7 8 2 3 3 0 2 1 2 5 2 2 3 0 2 0 1 0 1 2 2 3 2 2 1 4 1 4 0 5 2 2 2 2 1 3 3 1 1 0 2 3 2 6 5 12 75
GGA_C 90 47 25 26 16 13 7 7 5 3 7 2 4 4 3 2 2 1 3 8 1 3 3 2 4 1 4 1 4 4 2 4 2 0 1 2 4 0 4 2 3 1 3 2 2 0 1 1 2 3 2 3 0 2 1 2 2 3 3 2 2 1 2 2 1 2 5 1 1 2 1 6 3 2 0 3 2 0 0 3 1 0 0 2 3 1 1 3 1 5 1 1 3 1 3 3 1 2 0 1 3 4 2 1 2 1 2 2 2 2 0 3 1 0 2 3 1 0 0 2 0 2 1 0 0 1 0 4 2 0 1 0 0 0 2 0 1 0 2 0 0 1 1 2 2 0 3 1 0 1 0 2 0 0 0 2 1 2 0 1 1 0 2 1 3 1 0 2 1 3 1 0 0 1 1 1 1 2 0 1 2 0 1 1 0 1 0 1 2 2 2 1 0 2 0 3 2 19
GGA_T 77 35 21 15 10 11 9 9 6 7 9 7 7 4 1 2 5 6 2 5 3 2 2 1 3 3 4 4 5 3 0 3 2 1 1 0 3 2 3 3 1 2 2 3 2 1 2 1 4 0 0 3 2 2 1 2 3 2 1 0 1 1 2 2 1 3 0 2 2 2 1 3 2 1 4 0 0 1 1 1 1 1 2 1 0 1 1 3 0 0 0 2 2 0 1 0 0 1 2 0 0 2 1 0 0 1 1 3 1 0 0 1 1 1 0 0 3 0 0 1 0 0 1 0 2 1 0 0 0 2 0 3 0 0 0 0 0 0 2 0 0 2 2 2 0 2 0 1 0 1 0 0 0 1 2 0 0 1 1 1 1 0 1 0 0 1 1 0 1 0 0 1 1 1 0 0 1 1 1 0 2 0 0 0 1 1 2 2 1 1 1 4 1 3 0 1 4 25
GGC_A 342 147 80 52 41 42 28 29 23 20 14 14 20 18 12 19 20 10 5 18 10 14 7 6 10 10 12 9 6 10 9 11 11 5 1 6 11 7 12 9 7 4 8 10 9 7 8 7 5 12 7 5 5 3 4 8 10 9 5 4 5 4 11 10 2 4 3 7 9 3 10 7 3 5 3 5 6 6 6 2 5 4 3 1 5 2 3 5 7 8 7 3 7 2 6 2 5 2 3 4 6 3 0 3 2 1 2 4 4 2 4 4 3 3 4 5 1 2 0 3 4 5 2 0 3 5 1 2 4 3 2 1 3 6 4 3 5 5 5 3 6 1 2 1 1 1 1 3 2 4 4 2 6 4 1 2 0 4 2 2 1 5 2 1 0 1 2 1 0 2 2 4 2 1 3 10 3 4 0 0 2 5 2 3 2 2 4 5 5 1 1 8 3 4 10 7 12 77
GGC_C 84 31 29 9 10 6 7 7 8 6 4 2 3 4 6 1 1 4 3 5 4 2 0 4 1 2 7 4 1 0 0 4 0 6 3 0 4 2 2 5 0 1 0 2 1 1 2 1 3 1 0 3 3 0 0 2 0 2 0 3 2 3 2 0 2 1 2 1 1 1 1 2 0 1 1 1 0 2 1 4 1 2 1 2 0 0 0 0 2 2 2 0 3 0 2 4 0 2 1 1 1 1 0 1 1 2 1 2 1 0 0 0 0 0 3 2 3 1 0 1 0 1 0 0 0 2 1 1 0 0 3 1 1 0 0 0 1 1 0 0 2 0 1 0 2 3 1 1 0 0 2 0 1 3 0 0 0 0 0 0 1 2 1 1 0 2 0 1 2 1 0 1 1 1 0 0 0 1 3 1 1 1 1 2 1 0 0 2 1 0 2 1 1 0 7 3 2 25
GGC_T 115 56 27 27 15 9 6 10 8 18 8 5 8 8 2 3 6 4 4 7 9 3 2 2 1 4 2 2 3 3 7 6 1 4 2 1 0 3 2 1 4 5 5 3 5 1 0 3 5 0 4 0 2 1 1 1 1 2 0 0 1 0 3 4 7 2 3 1 1 4 2 3 3 2 1 0 0 1 3 4 1 3 1 3 0 1 2 1 1 5 1 2 1 1 4 1 1 1 1 3 3 0 2 1 1 1 0 1 1 2 1 3 2 0 2 1 1 2 1 1 1 0 1 0 0 2 2 0 1 0 0 0 1 0 1 0 1 0 1 0 3 1 1 1 0 2 1 0 2 1 2 1 2 1 1 1 1 1 1 1 0 1 1 1 0 1 3 0 0 0 0 1 0 1 2 0 1 1 0 0 0 0 1 0 0 0 1 2 2 0 0 1 1 1 0 2 5 24
GGG_A 367 194 116 60 61 57 34 38 23 29 23 30 23 25 14 24 17 16 14 15 9 12 9 17 12 11 17 9 7 8 10 6 4 12 8 11 12 7 12 9 9 9 15 8 8 7 7 8 11 6 4 3 5 3 7 10 7 16 4 8 7 5 8 7 10 6 3 4 5 7 3 2 5 3 2 5 5 7 7 6 8 8 7 7 11 2 6 1 6 5 8 4 2 4 2 5 5 2 9 7 4 5 6 6 10 2 5 3 0 5 4 3 1 6 5 4 4 4 6 1 4 6 6 3 3 3 3 7 2 3 3 5 1 5 5 2 5 2 4 4 2 2 1 1 2 1 5 3 4 5 2 3 2 2 3 5 1 1 3 4 4 2 5 1 4 1 2 1 3 2 5 2 2 8 0 3 5 4 2 2 3 1 2 2 3 3 4 5 3 4 3 5 3 8 6 5 7 109
GGG_C 114 60 38 20 18 13 9 8 10 10 11 8 10 6 4 3 12 7 3 6 4 4 6 4 6 3 5 2 2 5 4 6 2 4 6 3 3 3 1 2 3 0 0 4 4 3 0 3 2 2 5 2 1 2 2 2 4 2 3 2 0 5 1 2 4 0 3 2 1 1 1 1 1 2 4 0 1 3 1 3 2 1 4 0 3 1 1 2 2 4 3 0 2 1 1 3 1 2 0 2 3 2 3 0 4 2 1 2 1 0 1 1 2 1 1 0 1 1 2 1 0 1 1 1 3 2 1 1 1 2 1 1 1 0 0 0 1 0 1 1 1 0 1 0 1 1 1 2 0 1 0 0 1 4 1 1 3 2 0 0 3 0 1 0 2 0 1 2 0 0 2 1 0 1 1 1 0 2 0 2 2 0 2 3 1 1 1 2 1 0 3 2 2 2 4 1 5 37
GGG_T 113 43 29 24 17 18 7 14 10 9 6 8 6 5 4 5 6 3 6 6 3 4 2 8 3 2 7 6 2 0 3 2 2 4 3 5 5 7 4 3 1 1 3 1 1 3 0 1 1 2 1 2 1 4 2 4 4 3 2 3 2 1 3 0 2 3 4 1 1 0 1 2 4 1 2 0 1 1 0 4 3 0 2 1 0 3 0 1 3 4 0 2 0 8 1 1 0 1 1 0 1 0 2 1 0 2 2 3 0 1 2 2 1 3 5 3 1 1 1 1 2 0 5 0 0 0 0 1 2 0 0 1 4 0 1 0 1 3 1 0 0 1 0 0 0 1 1 0 1 2 0 0 1 1 0 1 2 0 1 2 2 2 1 1 1 0 2 2 1 1 0 0 1 2 0 0 1 0 0 2 1 1 1 1 2 1 0 2 0 1 1 2 1 2 0 0 3 31
GGT_A 319 144 93 61 50 38 27 22 24 33 20 22 14 21 16 16 6 16 17 14 15 14 10 8 16 12 10 8 9 8 6 5 9 4 7 16 6 9 9 10 7 4 5 6 7 8 8 10 9 4 3 7 5 2 6 4 4 9 8 8 3 5 8 3 4 5 3 2 8 2 5 2 3 5 3 6 4 3 3 6 1 4 6 6 5 2 2 2 1 7 5 3 4 4 5 1 5 2 2 3 2 7 3 2 5 3 4 3 2 1 1 3 1 3 1 5 3 5 2 3 2 6 0 0 2 6 2 1 0 7 1 3 3 3 0 5 3 3 1 1 3 1 2 1 1 0 2 1 3 3 3 1 2 0 2 2 2 3 0 2 0 0 2 1 1 2 0 4 2 3 0 0 2 4 4 4 2 2 1 0 2 3 3 4 4 0 2 1 5 1 4 5 6 8 7 5 9 101
GGT_C 66 50 18 13 12 9 5 5 7 5 0 5 7 5 5 3 9 3 6 2 5 2 1 2 2 6 1 0 3 3 2 0 1 3 2 2 2 1 1 4 1 0 3 1 2 1 1 0 3 1 1 1 0 3 0 3 1 0 4 0 0 1 1 0 4 3 2 1 1 0 0 1 1 1 0 1 0 2 2 3 1 1 0 1 2 1 0 0 0 2 2 1 2 2 2 0 2 0 0 1 1 1 2 1 0 0 0 1 0 1 2 1 1 0 0 1 0 1 0 1 0 1 0 1 1 0 2 1 0 0 2 0 1 3 0 1 0 0 1 2 1 1 3 0 1 0 1 0 1 1 1 2 3 2 1 1 1 0 0 0 0 0 0 3 0 2 0 2 1 0 0 1 0 1 2 1 2 1 2 1 1 0 2 0 1 1 0 1 2 1 0 0 0 2 1 1 4 30
GGT_T 154 62 46 25 17 14 23 14 8 9 10 4 3 3 5 2 8 6 6 11 8 5 1 3 7 5 5 5 10 6 4 6 1 2 2 5 3 5 6 2 3 3 4 0 2 7 1 2 1 1 3 3 2 3 2 0 1 2 2 3 2 2 2 2 2 6 2 1 0 1 3 1 2 1 1 0 1 2 3 0 3 3 2 2 1 0 1 4 0 4 0 4 1 2 5 2 3 0 0 2 0 1 2 0 1 3 3 1 4 1 1 3 1 1 3 3 1 2 1 2 3 3 0 0 2 2 2 0 0 0 0 1 0 5 3 0 1 0 0 1 1 1 3 1 0 0 0 1 0 0 3 1 0 1 2 0 2 0 0 0 0 2 2 0 0 0 1 1 1 0 0 2 2 0 2 4 0 1 0 2 3 2 1 1 2 3 2 2 1 2 4 3 1 1 5 4 8 46
GTA_A 19 5 6 5 2 1 0 2 0 2 2 2 0 1 2 1 2 2 0 1 0 0 0 0 1 0 1 1 0 0 1 0 0 1 0 0 1 1 0 0 0 1 0 0 0 0 1 1 0 1 0 0 0 1 0 1 0 1 0 0 0 0 0 0 1 0 1 0 0 0 2 0 0 1 0 0 0 1 0 1 1 0 0 0 0 0 0 1 0 0 0 0 0 0 0 1 0 1 0 0 1 0 0 0 0 0 0 0 0 0 1 1 0 0 0 0 0 0 0 0 0 0 0 0 0 0 0 0 1 0 0 0 0 0 1 0 0 0 1 0 0 0 0 0 1 0 0 0 0 1 0 0 0 1 0 1 0 0 0 0 0 0 0 1 0 0 0 0 0 1 0 0 0 1 0 0 0 0 1 0 0 0 0 1 1 0 0 0 0 0 1 0 0 0 1 0 0 4
GTA_C 95 51 29 31 11 19 7 16 9 9 1 6 10 6 6 7 9 3 6 5 1 5 5 4 3 4 4 2 3 6 7 3 4 5 4 5 1 7 3 1 4 4 3 5 2 4 1 4 2 5 2 4 1 2 2 1 2 5 0 0 4 2 5 1 2 0 3 1 2 1 3 0 1 0 3 3 2 2 1 1 1 1 4 4 1 4 1 3 1 1 0 2 2 4 1 2 3 2 4 2 4 4 0 2 4 3 0 2 0 1 2 0 0 2 2 0 1 0 1 0 3 2 0 0 2 1 0 2 0 0 2 0 2 2 2 2 0 1 2 0 0 1 1 2 2 2 0 1 0 1 1 3 0 0 1 0 1 0 2 0 2 2 1 1 1 1 1 0 1 0 1 0 1 1 1 0 0 1 2 0 0 0 2 2 0 3 0 3 2 1 0 1 0 5 3 3 4 83
GTA_G 28 13 7 4 1 0 0 0 2 1 0 1 1 0 1 2 2 1 2 0 0 1 2 1 1 1 1 2 1 1 1 1 1 1 0 1 0 1 0 0 0 0 0 1 1 0 0 0 1 0 0 1 0 0 0 1 2 2 1 0 1 0 0 1 1 2 1 0 1 0 0 0 0 1 1 0 0 0 0 1 0 0 0 0 0 1 0 0 0 0 0 0 0 1 0 1 1 0 1 0 1 0 1 0 0 0 0 0 0 0 1 0 0 1 0 1 0 0 0 0 0 0 0 0 0 0 0 2 0 1 0 0 0 0 1 1 0 0 0 0 0 0 1 0 0 0 0 0 0 0 0 0 0 0 0 0 0 0 0 0 0 0 0 0 1 0 0 0 0 0 0 0 0 0 0 1 2 2 0 1 0 0 1 1 0 0 1 0 2 1 0 0 0 0 0 1 0 6
GTC_A 33 14 8 2 6 2 0 1 1 2 1 0 1 1 1 8 2 4 2 2 1 2 0 0 1 2 0 1 0 1 2 0 1 1 1 1 1 2 0 2 0 2 1 0 1 1 0 0 2 0 0 0 0 4 0 0 0 1 0 1 2 0 1 0 1 2 0 1 2 0 1 1 1 0 1 0 0 0 0 1 0 0 1 0 0 0 1 1 0 1 0 0 1 0 0 0 0 0 0 0 0 0 0 0 1 0 0 0 0 0 0 1 1 0 0 1 0 0 0 1 0 0 0 1 0 0 0 0 1 1 1 1 0 0 0 0 0 1 0 0 0 0 0 1 0 0 0 1 0 0 0 0 0 0 0 0 0 1 1 1 0 0 0 0 0 0 1 0 0 0 0 1 1 0 0 0 0 0 0 1 1 0 0 1 0 1 0 0 0 0 0 2 0 0 1 1 0 11
GTC_C 89 42 28 15 9 15 6 12 10 12 4 6 6 8 5 4 8 2 8 4 8 2 2 3 2 2 7 1 6 0 6 2 2 1 3 4 1 6 2 1 4 1 3 1 1 1 1 1 1 4 2 5 4 2 2 0 1 2 3 2 0 2 2 3 6 0 4 3 3 1 1 2 0 3 3 4 0 4 3 4 0 0 3 0 2 1 0 2 1 0 1 2 2 2 1 4 3 0 0 1 1 0 3 1 0 1 1 1 3 0 3 1 1 1 4 2 2 1 1 0 1 3 2 0 1 2 0 1 2 1 0 2 2 1 0 0 4 2 1 2 2 1 1 1 2 3 0 1 0 2 1 3 1 3 3 1 0 0 0 1 0 1 2 1 1 3 3 2 1 3 1 0 0 0 1 1 2 1 3 1 1 0 2 0 7 1 0 1 1 2 2 1 2 3 5 3 5 61
GTC_G 34 4 9 3 1 1 3 0 1 3 1 1 1 1 2 0 1 0 2 3 0 1 1 0 3 1 1 0 3 2 1 3 1 2 1 0 1 0 0 1 0 1 1 1 1 1 0 0 0 0 2 1 0 1 1 0 0 0 1 1 1 3 1 2 0 0 2 1 0 0 1 0 2 0 0 0 1 0 0 0 0 0 0 0 1 0 0 0 0 1 1 0 0 0 2 0 0 2 0 2 2 0 0 0 3 0 0 0 0 0 0 0 0 1 0 0 0 1 0 0 1 0 0 2 1 0 1 0 0 0 0 1 0 1 0 1 1 0 0 0 0 0 1 0 0 0 0 0 1 1 1 0 1 0 0 0 0 1 0 0 0 1 0 0 0 0 0 0 0 1 0 0 0 0 0 0 0 0 0 0 0 0 1 0 0 0 0 0 1 0 1 0 1 0 0 0 1 14
GTG_A 38 19 24 3 7 10 8 2 6 1 2 3 2 2 2 6 1 2 1 3 5 0 1 3 2 1 2 2 1 0 3 4 0 3 1 0 2 1 2 1 0 0 0 1 2 3 2 2 0 1 0 3 1 0 0 1 2 2 2 3 0 1 0 1 1 1 1 1 1 0 1 1 0 2 0 0 1 1 0 0 1 0 3 2 0 1 1 1 1 1 3 2 1 0 1 0 2 0 0 2 1 0 1 0 3 0 0 0 2 0 1 0 0 0 0 0 2 1 1 1 1 0 0 2 0 0 0 1 0 0 0 1 0 1 1 1 0 0 2 1 2 0 0 0 1 0 0 0 0 0 0 0 1 1 0 0 0 0 1 0 0 0 0 0 0 1 3 1 2 0 2 0 0 0 0 1 1 1 1 1 0 0 1 2 0 3 1 0 1 0 0 0 0 1 2 1 2 10
GTG_C 204 84 62 34 37 37 23 24 24 20 9 11 17 10 15 14 11 9 11 17 11 9 11 8 8 10 8 13 4 9 6 10 6 8 8 8 1 5 6 9 4 6 7 8 6 4 4 7 4 4 5 6 5 6 6 6 8 3 4 7 2 7 4 7 9 6 6 1 2 4 5 11 2 10 9 2 11 1 5 4 2 7 4 2 3 3 1 4 7 3 3 7 4 2 4 4 7 0 3 8 3 3 3 6 4 3 3 1 8 7 4 0 4 7 4 3 8 5 1 4 1 0 2 0 3 5 5 1 4 1 3 2 3 2 8 2 3 5 5 2 3 7 6 2 8 3 2 1 2 6 1 10 2 1 3 1 2 0 3 10 7 4 4 1 3 0 6 4 7 3 5 2 8 2 5 7 8 8 4 8 7 6 4 6 3 8 2 7 3 11 10 13 9 13 22 28 73 939
GTG_G 137 50 33 8 20 15 7 8 5 8 8 4 5 2 4 3 3 2 2 1 1 2 2 2 1 0 3 3 3 3 3 3 4 4 3 4 1 5 3 5 1 4 0 1 3 4 2 3 2 3 2 0 2 1 3 3 3 2 4 1 3 2 0 1 0 1 1 2 1 0 5 0 0 1 0 2 0 3 0 1 2 2 0 1 1 0 0 1 0 2 1 1 2 0 0 1 4 2 3 2 1 0 0 2 1 0 1 1 0 2 0 0 0 1 1 2 1 0 0 2 1 0 2 2 0 1 0 2 0 0 2 1 1 1 1 1 0 0 1 0 0 0 0 0 1 0 0 1 1 1 0 0 0 2 0 1 1 1 0 0 2 0 0 0 0 1 0 1 1 0 2 0 0 0 1 1 1 2 1 1 0 0 0 1 1 0 0 1 0 2 1 3 0 0 3 0 1 26
GTT_A 37 11 16 2 1 5 2 2 1 4 0 2 2 4 0 1 1 4 1 2 2 0 0 1 0 1 0 0 1 3 0 1 0 2 0 1 0 0 1 0 0 1 0 0 1 1 0 1 1 1 1 0 1 0 1 0 0 1 0 0 0 0 3 0 0 1 0 0 0 0 0 1 0 0 0 1 0 0 1 1 0 2 1 1 0 0 0 1 0 1 0 1 2 1 0 0 0 1 0 1 0 0 0 0 0 0 0 0 0 0 0 0 0 0 0 0 0 0 0 1 1 1 0 0 0 0 0 3 0 0 0 1 2 0 0 1 0 0 1 0 0 0 1 0 1 1 0 2 0 0 0 0 0 0 0 0 1 0 0 0 0 0 1 0 0 0 0 0 0 0 0 0 0 0 0 0 0 1 2 0 0 0 0 0 0 0 0 1 1 2 2 1 0 0 0 2 1 15
GTT_C 124 40 40 26 11 26 7 11 7 11 7 7 7 4 8 9 5 3 4 9 3 6 5 4 3 7 2 6 6 6 1 6 3 7 3 1 4 4 4 3 7 4 6 3 4 1 1 5 3 1 5 4 4 3 2 3 3 2 4 4 2 0 3 2 3 3 1 5 1 2 3 1 1 1 0 2 1 2 3 2 2 1 0 4 1 2 0 0 1 0 2 1 4 6 1 4 4 0 3 0 2 2 2 2 2 3 2 0 2 2 1 2 2 1 1 0 0 3 2 0 3 3 2 3 0 0 0 1 5 2 2 1 1 0 3 2 2 1 0 1 1 2 4 1 1 2 0 2 3 1 0 1 1 2 3 2 0 0 1 1 2 0 0 1 0 1 1 1 3 1 0 0 4 3 1 3 2 2 1 0 4 0 3 1 2 0 2 1 5 3 4 3 0 2 6 5 7 63
GTT_G 63 16 9 6 7 1 3 3 1 3 2 1 2 1 2 4 2 2 0 2 1 1 0 2 2 1 4 3 0 0 2 0 0 1 3 0 0 1 1 2 0 1 1 1 0 1 0 1 1 1 0 0 1 0 0 1 1 0 1 0 0 0 2 1 1 3 2 1 0 0 1 2 0 0 2 1 1 0 0 1 0 0 0 3 1 0 0 1 0 2 0 2 2 2 0 0 0 0 0 0 1 1 0 1 0 0 0 1 0 0 0 1 0 0 0 1 0 0 1 0 1 1 1 0 1 0 0 0 1 1 1 0 0 1 1 0 1 1 3 0 1 0 0 0 0 1 0 0 2 1 0 1 1 1 1 0 0 1 0 0 0 0 0 2 0 1 1 2 0 0 0 0 0 0 0 0 1 1 0 0 1 0 0 0 0 1 0 0 0 1 0 1 0 2 1 1 3 24
TAA_C 44 22 5 5 2 5 4 1 4 4 1 2 2 1 1 5 1 2 4 1 0 1 0 2 3 0 1 1 1 0 1 1 0 0 0 1 0 1 1 2 1 2 1 0 2 1 2 1 1 4 0 0 1 1 0 0 1 2 1 2 0 1 1 2 1 1 2 1 0 0 1 0 0 1 0 1 0 0 0 1 2 0 3 0 0 1 1 1 0 3 0 2 3 2 2 0 1 1 1 0 0 0 0 0 0 1 1 1 0 1 0 1 0 0 0 2 0 1 1 0 0 1 1 0 0 0 0 0 0 0 0 1 0 0 0 1 2 0 1 0 0 1 2 0 0 1 0 0 0 1 0 1 0 1 1 0 0 0 0 1 3 0 0 0 0 1 0 2 0 0 0 1 1 0 1 3 2 2 0 0 1 0 1 0 0 1 0 1 0 1 0 0 0 0 0 1 0 22
TAA_G 119 58 33 24 18 15 10 12 7 14 4 6 7 6 3 9 3 6 3 3 4 4 2 6 3 6 3 2 5 2 3 4 4 1 3 3 0 0 4 5 4 2 2 4 5 4 4 2 0 1 3 1 4 3 4 4 1 2 2 3 3 1 5 3 2 2 3 2 1 1 3 2 2 1 1 1 3 1 1 0 1 1 1 3 4 1 1 3 1 3 1 1 0 4 2 1 3 3 1 1 2 3 1 4 1 1 0 0 1 2 2 2 2 2 3 4 1 2 0 1 1 1 0 0 0 1 1 0 2 1 3 1 1 0 3 0 1 2 1 4 0 1 3 1 1 1 0 0 1 2 2 1 0 2 1 3 1 1 0 1 1 1 2 2 0 1 2 0 0 1 3 0 1 3 2 2 1 1 6 0 5 2 1 1 3 0 1 2 1 0 1 4 1 3 3 5 4 65
TAA_T 80 25 18 15 5 10 8 7 4 5 5 5 3 2 3 1 3 4 0 2 4 3 1 0 1 3 2 1 6 2 4 1 0 2 2 2 1 3 0 2 2 2 4 3 2 2 1 1 1 2 3 1 1 0 2 3 0 0 1 0 2 1 0 0 1 2 2 0 0 3 2 1 0 2 1 2 0 1 0 1 1 0 3 0 4 1 1 3 0 2 1 1 1 2 2 0 1 0 0 0 0 0 0 0 3 1 0 1 1 0 1 1 0 0 2 2 0 1 1 0 0 1 0 0 0 0 1 1 1 0 0 1 0 2 1 1 0 1 1 0 0 1 0 1 1 1 0 0 0 1 0 0 1 4 3 1 1 2 2 1 2 0 0 0 1 1 0 0 1 0 0 0 1 0 0 1 0 0 1 3 2 0 2 1 1 2 2 2 1 0 6 0 0 0 1 5 12 83
TAC_C 24 8 8 2 1 1 2 2 4 3 0 1 1 0 2 3 2 1 0 1 1 1 0 1 0 0 1 0 1 0 0 1 0 0 1 0 1 0 2 0 0 0 2 0 0 0 0 0 0 0 0 0 0 0 0 0 1 0 1 2 1 0 0 0 0 0 3 1 0 0 0 0 1 0 0 0 0 0 0 1 0 0 0 0 1 0 1 0 0 0 1 0 0 0 0 0 0 0 0 0 1 0 0 0 0 0 0 0 0 0 1 0 0 0 0 0 0 0 1 0 0 0 0 0 0 0 0 1 0 0 0 0 0 0 0 0 1 2 0 0 0 1 1 0 0 0 1 0 1 1 0 0 0 1 0 0 0 0 0 0 0 0 0 0 0 1 0 0 0 1 0 0 0 0 0 0 0 0 0 0 0 0 0 1 0 0 1 0 0 1 1 0 2 0 0 1 1 8
TAC_G 109 35 42 29 14 17 9 10 11 5 6 6 9 5 3 3 4 4 3 8 8 6 0 4 5 3 4 2 4 1 5 2 1 2 2 1 2 6 3 2 2 4 1 1 2 1 1 2 2 3 1 1 4 4 0 3 4 2 3 1 4 2 4 2 3 1 1 2 2 6 1 1 1 4 1 4 0 2 0 4 1 2 0 1 4 3 2 0 2 1 1 2 0 5 4 1 4 1 5 1 2 2 0 1 1 5 2 3 1 1 2 1 1 0 0 1 0 2 0 2 3 4 0 1 2 2 0 0 0 2 3 0 3 1 1 1 2 5 0 2 5 2 1 1 1 0 0 2 2 0 1 1 0 3 1 2 1 2 0 0 1 0 2 2 0 0 1 1 2 1 0 2 0 0 1 3 0 0 4 2 1 0 0 0 1 0 2 3 5 1 4 2 3 3 3 3 8 67
TAC_T 27 8 5 6 3 0 1 2 2 1 0 0 0 2 0 1 1 0 1 0 0 0 1 0 0 0 0 0 0 1 0 0 0 0 0 0 1 0 0 0 0 1 1 2 1 0 0 0 0 1 0 0 0 0 0 0 0 0 3 1 0 0 1 0 0 1 0 0 0 0 0 0 0 1 0 1 1 0 1 0 0 0 0 0 1 0 0 0 1 0 0 0 0 0 0 0 0 0 0 1 0 1 1 0 0 0 0 0 0 0 0 1 0 0 0 1 0 0 0 0 0 1 0 0 0 0 0 0 1 0 1 1 0 0 0 1 0 2 0 1 0 0 1 0 0 2 0 0 0 0 0 0 0 0 0 0 0 0 0 0 0 0 0 0 0 0 0 0 0 2 0 0 0 1 0 0 0 0 0 0 0 0 0 0 1 0 0 0 1 0 0 0 0 1 2 1 1 3
TAG_C 21 7 5 3 1 3 3 3 3 0 2 0 3 4 0 0 2 1 1 0 1 1 2 3 1 0 1 0 1 1 1 1 1 0 0 0 1 0 0 0 0 0 1 0 0 0 0 1 2 1 0 1 0 0 1 1 0 0 0 1 0 0 1 0 0 0 0 0 0 1 0 1 2 0 0 0 0 0 0 1 1 1 0 1 0 0 0 1 1 1 0 0 0 1 1 0 1 0 0 1 1 0 0 2 1 1 0 0 1 0 0 0 0 0 0 0 0 2 0 1 0 2 1 0 1 1 0 0 1 0 0 0 0 0 0 1 2 0 0 0 2 1 0 0 0 0 0 1 0 1 0 0 0 0 0 0 0 0 0 0 0 0 0 0 0 0 0 1 0 0 0 0 0 0 0 0 0 0 0 0 0 0 0 0 0 0 0 0 0 0 0 0 1 1 2 0 0 10
TAG_G 108 62 34 22 20 16 6 5 9 13 7 4 4 7 11 5 4 1 5 6 4 3 2 2 4 1 4 2 6 4 5 0 5 8 10 5 3 5 4 4 3 3 6 1 3 3 2 1 3 2 1 2 5 2 3 3 5 2 1 4 0 0 0 3 1 2 2 2 2 1 1 1 1 2 4 1 0 2 1 1 2 3 4 2 1 1 2 0 2 3 2 1 1 3 2 2 0 1 3 7 0 0 4 2 2 2 0 1 0 1 4 3 0 1 3 5 1 0 1 2 2 5 3 1 0 1 0 1 3 1 5 0 2 0 3 2 1 6 1 3 1 1 0 1 0 2 2 1 0 1 3 0 1 1 1 0 1 1 2 2 2 0 0 0 0 1 0 0 3 1 3 1 2 2 3 2 1 4 2 0 2 1 1 0 3 1 5 0 0 3 0 3 2 6 3 4 12 89
TAG_T 24 12 6 7 4 3 2 1 3 0 2 2 0 0 0 2 0 1 1 1 0 1 1 1 0 0 2 2 0 3 2 0 3 0 1 2 1 2 0 0 0 0 0 0 0 0 0 1 0 0 1 0 0 0 0 0 0 0 0 0 0 0 1 2 0 1 0 0 0 1 0 0 1 0 0 0 0 2 1 0 0 0 0 1 0 1 1 0 0 1 0 0 0 0 0 0 1 0 1 0 0 0 0 0 0 1 0 0 0 0 0 1 0 0 0 1 0 0 2 0 1 1 1 0 0 1 0 0 0 0 0 0 0 0 0 0 0 0 0 0 0 1 1 0 2 0 0 0 1 0 0 1 1 0 0 0 0 0 0 0 0 0 0 0 0 0 0 1 0 0 0 0 0 0 0 0 0 0 1 1 0 0 0 0 0 0 0 1 2 0 1 1 1 0 0 0 0 5
TAT_C 27 27 11 8 5 5 2 4 5 2 3 2 2 1 1 6 3 1 1 1 0 0 1 1 0 1 1 0 2 2 1 1 0 1 1 1 1 2 3 2 0 0 1 1 1 1 0 0 1 1 0 0 1 1 0 0 2 1 0 1 2 0 2 0 0 3 0 0 1 1 0 0 1 0 1 0 0 0 1 0 1 2 1 0 1 0 1 1 0 1 2 3 1 2 0 1 0 1 2 1 0 1 2 1 1 0 1 1 0 1 0 0 1 0 1 0 0 1 0 0 0 0 2 1 0 0 4 0 1 1 1 0 1 1 1 2 0 0 1 0 0 0 1 1 0 0 0 0 1 3 0 1 0 0 0 0 0 0 0 0 1 0 0 2 0 0 0 0 1 1 2 0 1 0 0 0 0 0 0 0 0 1 0 0 0 0 0 1 2 0 1 1 1 0 1 1 1 18
TAT_G 297 143 84 61 54 40 31 31 20 31 18 19 14 10 15 19 26 13 15 11 12 10 10 12 7 10 15 7 8 7 21 4 9 8 8 8 13 7 10 8 3 6 4 3 2 7 10 10 10 6 7 7 9 5 6 0 10 12 8 9 8 4 14 4 7 8 10 4 4 3 7 6 3 3 5 6 4 5 4 2 3 3 6 5 5 7 0 4 6 6 7 5 6 10 6 3 6 2 3 5 4 3 3 1 5 3 3 5 7 4 4 2 6 1 7 5 6 4 6 3 6 4 4 2 1 2 1 1 3 1 5 5 8 3 2 3 4 3 1 1 3 4 2 4 7 2 4 8 1 6 0 5 1 1 5 3 2 2 1 2 0 3 0 1 3 4 4 1 4 6 0 1 3 3 1 6 8 4 3 1 8 7 3 4 7 8 3 7 1 5 9 10 3 1 11 7 19 168
TAT_T 61 26 17 13 8 15 3 5 4 9 3 2 3 4 1 3 1 3 5 3 3 2 1 2 1 1 2 6 3 2 1 0 1 1 0 0 0 2 2 1 2 1 3 2 1 1 1 4 0 0 1 1 3 3 0 1 1 2 3 1 0 2 0 2 0 4 2 1 0 0 1 1 3 0 3 0 2 0 2 0 1 1 0 0 3 0 1 1 1 2 0 2 1 1 1 0 1 1 0 0 0 1 0 2 3 0 0 1 0 1 0 0 2 0 0 0 0 0 2 2 0 1 3 0 0 1 0 0 0 0 0 0 1 0 1 1 1 0 1 0 1 0 1 0 3 1 0 2 0 2 0 0 0 1 1 0 0 0 2 4 1 1 0 0 0 1 0 0 0 2 0 0 0 0 0 0 1 0 3 0 1 0 0 1 0 0 2 0 2 0 0 1 0 1 1 4 4 30
TCA_A 71 28 18 9 0 11 1 4 4 3 0 5 5 3 3 3 5 1 5 1 3 3 3 4 2 2 2 2 0 1 3 0 1 1 0 2 1 2 0 2 1 1 1 0 0 4 3 2 1 2 0 1 2 0 2 0 0 3 0 2 1 1 1 1 1 0 1 0 1 1 1 0 0 2 0 1 0 1 0 2 3 0 0 0 0 1 1 0 2 1 0 0 0 1 2 1 0 0 0 0 0 0 2 0 2 0 1 0 1 0 0 1 1 0 0 1 0 0 2 0 1 0 0 1 0 0 2 0 0 1 0 0 1 0 1 0 2 0 1 0 3 0 0 0 0 0 0 1 0 0 1 0 0 2 0 1 0 0 1 1 0 2 0 1 0 0 0 0 0 0 1 0 0 0 0 1 0 0 2 0 1 0 1 1 0 0 0 1 1 1 0 0 0 1 2 0 5 12
TCA_G 77 43 26 19 8 10 10 9 7 1 5 4 5 3 0 8 4 3 5 3 5 4 1 5 5 3 1 2 1 1 1 5 1 2 1 1 1 3 2 3 1 2 0 1 1 0 1 1 1 3 3 3 2 0 3 3 1 0 4 2 0 1 0 3 0 3 0 2 0 1 2 3 0 2 3 0 1 0 2 1 2 2 0 2 0 0 1 1 0 2 2 2 2 3 3 0 1 1 1 1 1 3 1 1 1 2 3 2 0 0 1 1 0 0 1 0 0 1 0 1 1 0 1 1 0 0 0 3 1 1 0 2 2 1 2 1 1 0 0 0 0 2 1 0 0 1 2 1 1 1 0 0 1 0 0 0 0 1 1 0 1 1 0 0 1 0 1 1 1 1 0 1 2 0 0 2 1 2 2 0 3 1 1 0 2 0 0 0 1 2 0 2 2 0 2 3 6 29
TCA_T 236 93 66 42 28 40 19 25 13 13 10 11 11 8 8 11 11 7 13 10 4 11 3 6 7 10 3 6 7 8 6 7 5 3 6 7 4 7 5 7 5 3 6 4 3 2 5 5 2 4 5 4 6 1 5 5 2 5 1 4 2 2 1 1 8 5 4 3 0 1 3 5 4 3 3 3 1 7 2 6 1 7 3 3 2 3 2 2 3 5 3 3 6 2 2 3 2 1 5 2 4 2 1 3 2 1 1 1 2 2 2 1 1 2 0 1 1 1 3 1 0 3 4 1 0 2 1 2 2 4 1 1 5 5 2 4 2 1 0 3 1 4 0 0 2 1 3 1 2 2 3 1 1 2 0 0 1 0 1 3 1 1 1 1 3 1 2 2 0 1 2 0 0 4 0 3 1 2 1 2 0 4 1 0 5 1 1 1 2 1 1 1 3 3 5 5 7 69
TCC_A 68 23 23 20 15 12 7 11 6 13 2 4 4 3 0 4 4 3 6 5 2 3 2 1 1 0 2 1 2 1 2 4 1 5 3 1 2 3 4 0 4 2 4 3 2 2 3 3 0 1 2 1 2 3 1 2 4 2 0 1 3 1 1 0 3 3 3 1 0 1 0 1 0 0 1 1 1 0 1 1 0 0 2 0 1 1 0 0 2 1 1 0 2 1 0 0 1 0 3 1 1 1 2 0 1 0 1 1 1 0 2 1 0 2 1 1 0 0 0 0 0 0 0 1 1 1 0 0 1 0 0 0 0 0 0 1 1 0 4 0 1 3 1 1 2 1 0 1 0 2 0 0 1 0 3 1 0 1 0 1 0 0 2 0 0 0 0 1 2 1 1 2 1 2 0 1 1 2 2 0 1 0 2 0 1 0 0 2 2 1 0 2 0 1 1 1 2 28
TCC_G 70 40 15 18 12 10 11 14 10 5 3 3 2 5 4 5 5 7 4 8 1 6 2 3 2 4 3 4 6 1 2 5 5 2 7 4 1 1 0 2 4 4 7 1 0 1 2 1 4 1 1 3 2 2 3 1 3 1 6 1 0 2 2 4 1 1 1 1 3 1 1 4 0 2 1 3 3 0 1 3 4 1 1 3 1 0 3 2 1 0 0 2 1 2 1 1 0 1 1 1 0 1 1 0 1 3 2 0 2 0 0 1 1 2 1 1 0 1 1 0 1 2 1 1 1 0 0 0 0 1 0 1 2 1 0 1 2 1 0 2 1 1 0 1 0 1 0 0 1 3 0 1 2 1 1 1 0 0 2 3 2 1 1 0 0 0 0 0 1 1 1 3 0 0 0 3 0 2 2 1 1 0 0 0 1 0 1 1 2 0 3 1 0 1 1 0 3 32
TCC_T 377 179 121 64 63 54 35 33 22 34 15 21 15 10 14 13 20 9 12 11 9 16 14 13 7 5 6 5 13 9 9 5 2 8 15 6 5 7 7 7 9 9 10 6 3 3 5 12 7 4 4 11 5 8 3 4 3 6 5 5 6 3 7 5 5 6 5 3 2 4 2 2 4 4 4 4 4 2 4 2 10 3 2 2 4 2 6 4 5 3 2 3 5 9 3 3 3 5 6 4 5 6 3 2 3 3 3 3 2 5 2 1 0 3 1 2 5 4 6 1 7 2 6 2 1 5 1 5 3 1 2 5 2 2 6 3 4 3 3 1 5 4 0 1 3 2 3 1 0 3 5 1 0 1 2 1 0 3 3 3 1 3 0 4 2 0 2 2 1 1 1 1 2 1 2 5 2 4 0 0 3 0 3 2 2 0 6 3 6 2 2 2 3 9 9 4 6 84
TCG_A 39 9 4 6 6 1 3 1 0 1 0 2 3 1 2 1 2 1 1 0 2 1 1 2 1 0 3 0 1 0 1 1 1 0 0 0 0 0 1 2 3 0 2 0 2 0 0 1 1 0 0 2 0 2 0 2 0 0 0 1 2 1 1 1 0 0 0 1 1 0 1 0 0 1 1 0 0 1 0 0 1 1 1 2 0 0 0 0 1 0 0 0 0 0 0 1 0 1 0 1 0 0 1 2 0 0 0 0 0 0 0 0 0 1 0 0 0 0 0 0 0 0 0 0 0 0 0 0 0 0 0 2 2 0 0 0 0 1 0 1 0 0 0 0 0 0 0 0 0 0 0 1 0 0 0 0 0 1 0 0 0 0 0 0 1 0 0 0 0 3 1 0 0 0 0 2 0 1 0 0 0 0 0 0 2 0 0 0 1 0 0 0 1 0 2 1 0 23
TCG_G 30 20 6 11 6 5 3 3 3 2 1 2 1 3 2 0 2 0 1 1 0 1 0 4 0 2 0 1 0 2 1 1 2 4 0 1 4 3 0 1 0 0 1 0 2 0 0 1 0 1 0 0 1 2 0 0 2 0 0 0 1 0 4 2 0 0 1 1 1 0 0 1 0 1 0 1 2 0 0 1 4 0 0 0 0 1 1 2 1 0 0 1 0 0 0 1 1 0 0 0 0 0 2 0 0 0 1 0 0 0 0 1 0 0 0 1 0 2 1 3 0 0 0 1 0 0 0 1 0 0 1 1 0 0 0 2 2 0 0 0 0 1 0 0 0 0 0 0 1 1 0 0 0 0 0 0 1 0 2 0 0 0 0 0 1 0 0 0 0 0 0 2 0 1 0 0 0 0 0 0 1 0 0 1 0 1 0 3 0 0 0 1 0 0 1 1 2 13
TCG_T 609 238 166 112 64 87 52 47 40 32 29 27 26 27 23 17 17 27 31 24 19 17 16 15 19 13 25 17 15 22 10 18 16 8 10 11 11 17 11 14 6 11 8 8 5 10 8 14 6 10 6 7 16 13 10 8 9 17 7 9 9 11 13 5 11 8 5 11 7 4 3 7 6 10 6 3 7 10 11 10 10 5 9 4 11 6 10 9 7 13 7 7 6 5 5 7 8 1 9 2 5 3 4 10 9 10 4 4 5 3 5 4 7 4 4 1 5 11 4 7 5 5 6 6 4 7 2 3 6 5 0 7 4 4 5 5 2 3 8 5 10 5 4 4 6 5 5 6 4 6 5 2 2 2 3 3 6 3 2 2 4 1 4 1 2 4 5 2 3 1 3 5 5 3 5 3 4 9 3 2 4 5 5 2 7 3 5 11 1 1 3 6 7 4 14 7 5 159
TCT_A 94 42 34 16 11 16 10 11 9 8 4 7 7 0 4 4 2 3 4 7 4 2 1 2 2 4 3 6 2 2 3 3 4 0 2 5 2 0 2 0 1 1 2 3 1 1 0 3 1 2 0 0 6 0 2 0 2 3 1 1 1 1 3 3 1 1 0 0 3 2 0 0 2 1 2 1 0 3 2 1 3 0 0 0 2 1 1 1 3 1 1 0 2 3 2 2 1 1 2 0 2 2 0 0 2 0 1 1 0 0 0 0 0 0 1 0 1 2 0 0 0 0 1 2 0 1 0 1 0 0 0 0 0 0 0 0 1 1 2 0 0 0 0 1 0 0 0 0 0 2 0 1 0 0 0 1 2 1 2 0 0 0 0 0 1 1 0 1 3 1 1 1 0 0 0 4 2 2 0 1 2 1 0 1 2 0 0 1 0 4 1 0 0 2 4 3 4 27
TCT_G 149 74 34 31 21 19 14 17 12 7 10 9 8 7 12 10 7 9 9 5 8 4 7 1 2 6 7 5 7 5 7 3 1 5 5 4 3 6 5 2 3 6 3 6 4 5 2 6 6 5 4 8 4 4 3 3 4 3 6 4 2 1 2 5 2 5 7 0 0 5 3 4 4 3 3 2 1 4 3 4 0 1 1 1 2 3 2 1 3 1 1 1 1 2 3 3 3 2 1 2 3 3 3 0 1 0 1 1 1 3 2 2 3 4 4 0 2 0 1 0 4 3 3 1 4 0 2 1 1 4 0 0 1 2 2 3 3 0 1 0 3 1 1 1 2 0 0 1 5 2 2 0 0 1 3 1 2 0 1 4 3 2 1 1 2 1 2 0 3 2 2 0 4 3 3 3 1 2 0 1 1 3 1 0 2 0 0 3 0 3 1 4 1 3 5 4 2 58
TCT_T 257 135 72 48 31 27 27 24 15 25 15 12 9 7 10 11 14 10 14 13 2 8 8 7 6 5 7 9 5 8 4 6 5 3 10 5 7 9 2 7 2 2 5 3 4 9 4 4 7 6 2 10 2 6 7 7 1 7 4 4 4 7 6 2 3 2 4 4 1 4 5 3 2 3 5 4 2 7 2 6 6 3 4 6 5 1 1 0 3 4 1 4 1 6 5 1 2 6 2 2 3 1 4 5 4 4 2 2 2 0 1 6 2 0 2 5 2 2 1 2 3 1 4 5 4 3 1 1 1 6 1 1 4 2 2 2 2 0 4 3 4 1 0 1 5 0 4 3 1 3 0 2 0 3 2 3 3 1 2 3 2 0 1 0 3 0 5 3 2 2 2 1 0 2 1 3 3 3 1 0 2 2 0 2 2 2 2 2 2 2 4 2 1 4 11 6 9 85
TGA_A 210 87 72 47 38 29 25 13 14 16 10 12 13 7 13 12 9 5 8 15 8 8 5 6 7 5 6 3 1 9 4 2 1 2 6 4 7 5 6 1 4 3 3 4 5 2 6 9 8 5 6 5 5 5 3 7 6 6 4 4 5 2 5 3 2 6 4 5 0 4 6 2 2 1 3 1 4 1 2 3 4 5 5 0 7 3 4 5 3 5 2 1 3 5 3 1 3 4 2 4 4 4 5 4 4 2 1 2 0 1 2 3 3 1 7 1 5 3 4 1 1 2 0 4 0 2 0 2 0 3 1 1 4 3 3 1 2 1 1 1 3 1 1 2 7 3 0 2 3 2 3 5 1 1 4 3 1 1 2 1 2 1 5 2 1 2 0 2 1 5 1 2 2 1 1 4 2 0 0 2 4 2 1 3 3 2 0 2 3 2 5 3 4 2 7 8 8 75
TGA_C 80 33 30 13 12 10 11 9 6 8 4 5 6 2 3 4 3 1 1 6 3 3 2 2 3 3 6 2 0 2 5 1 3 3 2 4 1 1 1 1 4 0 2 4 3 1 1 2 0 1 0 1 2 3 1 1 2 3 2 0 4 0 2 1 2 0 1 1 0 1 0 2 1 0 2 3 0 0 1 1 4 1 2 0 1 1 1 1 3 0 1 0 2 2 0 1 1 0 0 0 1 1 1 0 1 2 0 2 1 1 1 2 1 1 0 1 0 0 0 0 2 2 0 1 1 1 1 1 0 0 0 1 0 0 0 1 1 1 1 3 1 2 0 0 0 2 2 0 0 4 1 0 0 2 0 1 1 1 0 0 0 2 1 2 1 1 0 0 0 0 0 1 0 2 1 0 0 1 1 0 0 1 0 0 2 0 1 0 0 0 0 2 1 1 3 0 1 28
TGA_T 65 26 25 14 5 11 4 7 5 4 5 6 5 0 1 4 2 4 2 2 4 2 5 3 0 1 2 2 1 2 1 1 2 1 1 1 1 3 0 3 2 0 4 0 1 1 0 2 1 0 2 1 0 0 0 0 2 2 0 0 0 1 0 1 1 0 2 0 1 0 2 0 2 1 0 1 0 1 0 2 1 1 1 1 0 0 0 0 1 1 0 2 3 1 2 1 0 0 1 1 1 2 1 0 2 0 1 0 0 1 0 0 1 1 0 0 0 0 0 0 0 1 0 0 0 0 1 0 1 1 0 0 2 0 1 0 0 1 0 1 0 0 0 0 1 0 2 0 0 1 0 0 0 0 0 0 0 0 1 0 0 0 0 0 0 0 0 0 0 0 1 0 2 1 0 0 1 0 0 0 0 0 0 0 0 1 1 0 0 0 0 3 0 0 1 1 1 10
TGC_A 255 115 68 47 30 35 20 14 18 28 16 18 11 14 6 8 10 12 12 12 7 7 3 4 9 6 5 12 10 11 7 10 5 12 5 5 4 6 7 7 3 8 7 5 6 6 3 3 8 4 4 6 7 4 4 7 2 7 3 8 6 3 3 1 6 5 5 2 3 7 2 5 0 6 7 2 2 3 0 3 2 6 2 4 5 1 2 2 2 9 5 1 8 2 6 1 3 0 2 3 3 4 2 7 2 3 2 4 4 3 2 8 3 3 4 4 1 2 1 1 4 4 2 2 2 1 1 4 2 1 1 1 1 1 3 3 1 2 1 2 1 1 0 1 4 1 4 0 1 0 0 2 0 6 3 3 0 2 1 5 2 1 2 2 2 0 1 5 2 3 1 1 2 1 1 4 3 2 1 3 3 1 0 0 1 1 4 8 3 1 3 6 0 2 4 2 7 80
TGC_C 62 23 18 4 10 5 2 6 6 4 5 3 5 0 0 2 3 3 5 0 4 1 2 2 3 1 5 2 1 2 1 1 2 2 2 1 1 3 2 4 0 5 2 1 1 2 2 3 1 3 1 1 1 3 0 1 0 1 1 1 1 0 1 0 1 2 1 1 0 0 0 2 0 1 1 0 2 1 1 2 1 1 1 0 0 0 1 2 1 1 1 0 1 0 0 2 0 0 0 2 0 0 0 0 0 0 1 0 3 0 2 1 0 0 2 0 0 2 1 1 1 1 2 1 0 1 0 1 1 1 0 0 3 1 0 1 1 1 1 1 2 0 1 0 2 1 0 0 1 1 0 0 2 1 1 2 1 1 0 0 0 0 0 0 1 0 0 0 0 0 1 1 0 0 0 1 1 0 2 0 0 1 2 0 0 0 0 0 1 1 0 0 0 1 0 1 3 15
TGC_T 91 30 26 14 12 16 4 12 6 10 5 6 5 3 5 1 9 1 7 3 3 2 1 4 4 4 1 0 2 2 1 0 3 2 3 1 2 6 3 0 2 2 1 2 3 2 0 0 1 2 1 2 3 3 2 4 1 1 4 0 3 2 1 1 2 0 4 0 2 0 1 0 1 1 1 3 0 0 1 1 1 0 1 4 2 2 2 1 5 0 0 0 0 2 1 1 1 2 0 2 2 0 5 1 1 1 0 0 2 2 2 0 3 1 1 0 2 0 1 1 1 0 1 1 1 2 0 1 0 2 1 0 0 2 0 1 1 3 1 2 0 1 0 1 1 1 1 2 1 1 1 0 2 2 0 1 1 1 1 2 1 1 1 1 0 0 0 0 2 2 1 2 1 2 1 1 0 1 0 0 3 0 0 0 2 0 1 0 1 0 1 3 1 1 2 3 5 29
TGG_A 292 127 89 62 45 53 27 33 20 16 16 25 18 23 14 12 10 18 19 19 15 15 12 17 16 12 13 13 10 9 9 4 11 9 17 4 8 10 7 7 5 5 8 3 10 9 5 9 4 4 5 3 6 5 7 7 8 5 5 10 9 4 5 10 14 5 3 4 7 4 4 4 7 6 4 2 5 2 9 7 5 5 4 6 4 3 6 0 4 7 5 1 5 5 2 3 4 7 5 1 2 3 5 8 1 3 0 4 3 5 2 2 5 1 4 3 2 5 3 2 1 6 6 2 1 3 4 4 4 1 5 5 2 2 4 5 3 2 4 4 3 3 1 2 4 2 1 2 0 6 4 2 4 2 2 1 3 1 4 2 4 1 3 2 0 2 2 2 2 2 2 1 3 6 1 5 4 4 2 2 3 1 4 5 8 2 1 4 1 2 5 4 2 8 9 5 13 110
TGG_C 80 31 25 15 10 14 4 7 8 5 9 7 6 1 3 4 4 3 2 5 2 3 2 8 2 2 4 4 3 0 1 2 3 2 0 4 0 0 0 0 2 1 3 2 3 2 0 0 1 2 1 1 0 1 1 2 0 0 1 1 2 1 0 3 0 2 0 0 2 1 3 2 0 1 2 3 1 1 0 2 3 1 0 0 1 3 2 2 1 6 0 0 2 0 0 2 3 0 0 0 0 0 0 1 3 1 1 4 3 0 1 2 0 0 0 0 0 2 1 0 1 1 4 0 0 1 1 0 1 2 1 1 0 0 0 1 1 1 2 2 0 1 0 0 0 3 0 0 1 1 0 1 1 1 2 1 1 0 0 2 1 1 3 1 1 0 1 0 0 0 0 1 0 0 0 1 1 0 0 1 0 0 1 0 2 1 1 3 1 2 1 1 2 2 2 2 1 27
TGG_T 83 38 19 16 12 9 10 9 3 3 6 3 3 3 5 4 3 2 2 4 3 2 0 2 1 2 2 4 1 4 3 3 1 1 3 2 1 0 2 0 6 1 2 1 2 0 0 0 2 1 2 0 1 2 3 1 3 1 2 4 1 2 3 2 0 3 0 0 1 2 2 2 1 1 1 1 1 3 2 1 1 1 2 5 2 1 1 1 1 1 2 1 1 0 2 3 2 1 1 2 1 2 0 0 1 4 1 4 1 0 3 0 1 1 0 1 0 1 0 0 0 0 2 0 1 0 0 0 1 1 0 1 1 1 2 1 1 0 2 2 3 0 0 1 1 0 1 0 0 0 0 0 2 0 1 0 1 0 0 0 0 0 0 0 2 1 0 1 2 0 0 2 0 3 1 2 2 0 0 1 0 0 1 0 0 1 2 2 1 2 1 1 1 1 2 0 4 33
TGT_A 311 159 106 56 36 40 31 37 34 18 24 24 17 18 16 24 14 7 17 21 10 21 11 15 11 9 21 13 11 9 7 10 10 11 16 8 8 12 10 11 7 8 11 6 5 6 5 7 9 6 6 5 14 8 8 6 12 9 13 6 6 1 8 8 13 9 6 10 5 3 7 9 4 3 6 5 4 8 7 6 3 4 7 9 2 2 6 6 5 10 2 6 8 7 7 4 5 6 3 4 8 4 5 5 2 4 5 5 1 8 3 2 6 5 2 5 4 3 5 6 3 1 6 4 6 4 6 5 2 1 2 3 3 4 1 2 4 5 4 2 4 3 3 4 3 1 4 2 2 6 4 6 2 4 0 2 4 1 0 2 2 1 2 1 0 2 4 3 3 1 4 5 3 7 4 4 2 10 1 2 7 2 4 0 5 5 5 11 3 3 2 9 4 3 9 6 24 198
TGT_C 83 37 29 12 9 9 11 5 3 6 5 2 8 5 5 2 3 7 2 5 4 7 6 1 1 6 4 2 4 2 2 1 1 1 2 3 2 3 2 2 2 6 6 0 1 3 0 4 2 1 2 0 1 1 1 0 4 0 5 1 4 1 2 2 1 5 1 0 1 1 3 2 1 0 2 1 2 2 1 2 3 2 0 0 2 2 0 3 1 1 1 1 3 1 1 1 0 0 1 1 2 1 0 2 1 2 1 0 1 0 2 0 3 0 1 1 1 1 1 1 1 0 3 2 0 1 1 1 1 2 1 1 1 1 3 1 1 0 3 0 0 0 1 1 3 2 1 0 0 2 0 0 2 0 1 1 0 1 1 0 0 1 2 1 1 0 1 1 3 1 1 2 0 1 0 0 0 1 2 0 0 0 1 1 1 0 3 0 0 0 1 0 2 1 3 7 6 39
TGT_T 112 48 22 33 16 14 15 12 4 7 3 4 7 4 5 4 2 5 2 5 3 5 3 0 0 2 3 2 5 5 3 4 3 0 2 3 3 2 3 2 3 1 1 1 0 3 3 3 3 5 2 2 3 5 2 2 3 4 2 3 0 2 3 0 3 1 4 1 1 2 0 3 2 1 2 4 0 0 1 1 2 4 5 3 2 1 1 2 1 1 2 2 1 2 1 2 0 0 1 1 1 4 2 0 2 1 2 2 0 2 0 1 2 0 1 0 1 1 1 1 2 2 0 1 0 1 0 1 0 3 2 1 1 1 0 1 1 1 0 2 1 3 0 0 0 1 0 0 1 1 1 1 2 0 1 1 0 0 0 2 0 0 2 2 0 1 0 1 1 0 1 2 1 1 0 2 0 3 1 1 1 1 2 1 3 1 2 2 2 1 0 1 0 1 3 5 6 41
TTA_A 71 38 20 12 6 8 5 9 5 8 2 3 4 2 3 2 5 3 4 5 1 2 0 3 5 1 4 2 3 0 0 2 3 2 2 0 2 3 3 3 1 3 3 2 2 1 3 2 2 0 1 3 4 1 2 1 1 2 2 3 1 2 3 1 2 1 2 0 0 0 0 3 0 2 2 1 2 0 1 0 0 2 2 0 0 2 1 1 0 2 0 1 1 1 1 0 4 1 1 0 1 2 2 0 1 4 0 3 0 2 1 3 2 1 2 0 1 2 0 0 0 1 0 2 1 1 0 0 0 1 0 1 1 2 0 2 1 1 0 1 1 2 0 0 2 0 1 1 1 0 0 0 1 0 0 0 1 0 0 1 0 0 2 0 0 1 2 0 0 1 1 1 0 0 1 1 1 2 0 2 0 2 5 0 1 0 1 2 1 3 1 2 3 2 1 7 11 94
TTA_C 116 55 24 25 17 30 9 14 14 9 12 7 8 4 8 11 1 5 7 4 7 4 1 5 10 6 4 6 7 5 5 4 1 2 5 4 4 3 1 3 3 2 1 1 1 2 3 2 3 2 0 3 1 3 3 1 4 1 2 2 4 3 3 1 1 3 3 2 1 3 4 3 3 4 1 0 3 2 2 0 3 1 4 0 2 1 3 1 0 4 2 2 2 5 3 3 2 1 1 1 0 0 2 1 3 3 0 3 1 1 2 1 1 3 0 3 1 1 1 1 4 0 1 1 3 3 1 3 0 1 1 1 3 5 3 1 3 0 1 1 2 1 0 1 3 1 1 2 2 2 3 1 0 0 2 3 0 1 0 4 2 1 3 0 2 0 2 1 1 1 2 0 3 3 0 2 0 3 0 2 3 0 1 0 3 0 2 5 1 6 3 3 0 1 1 4 6 67
TTA_G 43 30 7 3 2 3 4 1 3 2 2 0 3 2 3 4 3 1 5 1 0 4 1 2 2 1 1 0 0 0 1 1 1 3 1 0 2 3 1 1 0 0 0 0 1 1 1 2 0 1 1 0 1 0 0 2 1 0 1 2 0 2 0 2 1 1 0 1 1 1 0 0 0 2 1 0 1 0 0 0 0 2 0 2 2 1 1 0 1 1 1 0 2 2 1 1 2 1 0 0 2 0 1 1 0 1 0 1 0 0 0 0 1 0 0 0 1 1 1 1 0 0 2 5 1 0 1 1 0 1 0 0 0 1 0 0 0 0 1 1 0 2 2 0 0 1 1 0 0 0 0 0 0 3 0 0 0 0 0 2 0 0 0 0 3 0 0 1 1 0 0 1 2 0 0 0 0 1 3 0 2 0 0 0 0 0 1 0 0 1 1 0 1 4 3 2 2 21
TTC_A 21 16 7 5 3 1 6 2 1 0 2 0 4 1 0 2 1 2 1 0 2 2 0 1 0 2 0 1 0 0 0 0 1 0 2 1 0 0 0 1 0 2 2 2 1 0 2 0 0 0 0 0 0 0 1 1 0 0 1 0 1 0 4 0 0 0 3 0 2 1 0 0 1 0 0 0 0 0 0 1 0 1 0 1 1 0 1 1 0 0 0 0 0 1 0 1 1 0 1 0 0 0 0 0 0 0 0 0 0 0 0 0 1 0 0 0 1 0 1 1 1 0 1 0 0 0 0 0 0 2 1 1 0 0 0 0 0 0 1 1 0 0 0 0 0 0 0 1 0 0 0 0 1 0 0 1 0 1 0 0 0 1 0 0 0 0 0 0 0 0 0 0 0 0 0 0 0 0 0 0 1 0 0 0 1 0 0 0 0 0 0 0 0 0 1 0 2 9
TTC_C 111 52 40 21 17 8 21 17 15 12 5 4 10 3 3 13 5 5 1 10 8 4 3 2 3 5 6 2 5 5 2 1 0 2 3 0 1 1 1 2 1 3 4 2 0 0 3 4 4 1 2 2 3 5 4 2 3 3 3 1 3 2 0 3 3 0 1 0 0 3 2 3 5 3 2 1 1 0 2 1 3 3 3 3 3 1 2 1 1 1 2 2 1 4 0 0 3 0 3 1 2 3 0 3 5 1 2 2 1 5 2 1 1 0 1 1 1 1 2 1 1 2 0 2 3 0 1 0 1 0 1 0 1 1 0 0 2 2 0 0 2 0 1 0 1 0 0 1 1 2 0 1 1 2 2 1 1 3 1 0 0 1 3 2 1 1 3 2 1 0 0 0 0 1 0 2 3 1 1 1 0 1 2 0 4 2 2 1 0 1 2 2 5 1 4 3 7 72
TTC_G 36 17 15 4 12 7 4 6 1 1 2 2 3 3 3 3 3 1 0 0 4 4 3 1 3 2 1 3 4 1 0 1 0 2 1 2 0 0 2 2 1 1 2 0 1 1 0 3 2 1 0 0 1 1 0 1 2 1 1 0 1 1 5 3 0 0 1 1 1 1 0 0 1 2 1 1 0 0 0 0 1 0 0 0 0 0 0 1 2 3 0 0 0 1 1 0 0 2 2 1 0 0 1 1 1 0 0 1 0 0 0 0 2 1 0 0 1 0 1 0 0 0 0 0 0 0 1 1 0 0 0 0 0 0 0 0 0 0 0 1 1 0 0 1 1 0 0 1 0 1 1 1 0 0 1 0 0 0 1 0 2 0 1 0 2 0 2 0 0 1 0 0 0 0 1 0 0 4 1 0 0 1 1 0 1 0 0 0 1 0 0 0 0 1 1 2 4 22
TTG_A 31 10 8 3 6 4 2 1 2 2 0 0 2 2 0 4 2 1 5 0 1 0 1 1 1 0 0 1 1 0 1 0 0 2 1 0 0 0 0 0 0 0 2 0 0 0 1 3 1 2 0 2 0 0 0 1 0 1 1 1 0 2 2 0 0 0 0 0 2 0 0 0 0 0 0 0 0 0 1 0 0 0 0 0 0 0 0 0 0 0 0 0 0 0 0 2 0 0 0 0 0 1 0 0 0 0 1 0 0 0 0 0 0 0 1 0 0 0 0 0 2 1 1 0 0 0 0 2 0 0 0 0 1 0 0 0 0 0 2 1 0 1 0 0 0 0 1 0 1 1 0 0 0 0 0 2 0 0 0 0 1 0 0 0 1 0 0 0 0 0 0 1 1 0 1 0 0 0 0 1 0 0 0 0 1 0 0 2 0 1 0 0 0 0 0 0 2 6
TTG_C 154 59 42 27 18 23 15 12 9 6 10 6 8 15 9 7 9 4 5 6 11 8 3 7 4 4 6 6 3 6 2 3 3 1 4 6 1 4 5 2 6 2 1 3 4 7 3 2 4 6 3 2 3 2 1 3 2 6 7 3 4 2 5 5 3 2 5 1 2 4 3 1 3 9 3 1 2 4 0 5 1 2 3 1 2 1 2 3 7 5 1 4 5 4 4 5 4 2 4 3 3 3 2 4 6 1 4 5 2 3 2 3 6 0 2 1 1 0 5 0 3 0 4 2 1 4 2 1 3 2 2 3 1 1 2 8 3 4 4 1 2 2 0 2 4 1 2 1 1 3 3 1 1 1 5 3 2 1 2 3 1 3 0 3 1 1 6 1 5 2 2 3 3 2 3 5 3 0 4 4 1 1 5 2 4 7 6 3 8 6 5 11 4 5 11 14 34 517
TTG_G 81 27 16 13 13 8 8 10 5 4 3 2 2 2 3 5 2 2 8 3 3 0 2 1 2 5 3 4 3 1 0 1 0 2 4 0 0 3 1 1 1 3 4 2 2 2 1 3 0 2 3 2 2 0 1 3 1 1 3 3 0 1 1 2 3 3 2 0 1 1 0 0 3 0 0 1 0 2 1 1 0 2 0 1 1 0 0 0 0 2 3 2 3 1 1 1 1 0 1 2 2 1 4 1 1 1 1 0 0 1 1 0 0 1 0 1 1 1 1 0 2 0 0 0 0 0 0 0 2 1 1 0 0 1 2 0 0 2 1 1 1 0 1 0 2 2 0 1 1 1 0 3 0 1 1 1 0 0 0 1 0 0 1 0 0 0 0 0 1 1 0 0 1 1 1 1 1 0 1 1 0 0 1 3 1 0 0 0 1 1 0 0 1 3 1 2 1 40
TTT_A 65 26 16 17 6 13 6 5 5 4 3 4 5 1 5 7 3 4 0 1 3 2 1 3 1 3 1 1 2 4 1 4 1 3 1 3 6 1 0 2 0 1 2 2 1 1 0 4 2 2 1 0 2 0 0 0 1 2 1 2 1 1 2 0 0 2 2 1 3 1 1 0 0 0 0 1 1 0 0 0 0 0 0 0 2 0 1 1 1 1 0 1 1 1 1 0 0 0 0 1 0 1 1 2 2 0 2 1 2 0 2 4 0 2 1 1 0 1 0 1 0 1 0 1 0 0 0 2 0 1 0 2 0 2 0 0 1 0 0 0 1 1 1 2 0 1 0 0 0 0 0 0 0 1 1 0 2 1 1 0 0 0 0 0 0 1 1 0 0 1 0 1 0 0 0 0 0 0 0 2 0 2 0 1 1 2 0 2 1 1 0 3 2 2 0 2 0 26
TTT_C 171 97 55 31 23 35 22 30 18 11 9 18 17 15 12 14 10 8 10 7 11 8 5 7 5 11 8 6 3 6 5 2 7 5 7 9 9 3 6 4 1 7 4 5 5 9 5 4 4 5 3 4 4 6 7 2 7 6 9 5 6 4 10 2 2 3 6 2 1 5 7 2 0 5 2 2 1 2 4 2 4 3 1 4 3 1 4 2 3 7 3 5 3 7 1 4 1 5 6 4 4 7 1 1 3 4 1 2 3 2 1 0 4 1 1 1 2 3 2 1 1 0 3 0 4 1 1 4 2 2 3 2 2 2 2 1 2 1 3 0 4 1 2 4 5 2 1 3 2 3 2 1 1 6 1 1 4 0 2 3 1 3 3 2 0 3 1 3 1 2 3 1 2 0 0 3 4 5 3 3 5 0 1 0 3 4 2 0 2 0 0 4 0 0 6 3 7 73
TTT_G 107 41 38 15 27 20 12 11 5 11 6 6 9 3 3 8 5 4 8 8 2 9 4 5 4 1 8 4 3 4 1 2 1 3 4 3 4 4 3 10 1 0 3 5 3 3 2 2 1 4 2 0 1 3 0 1 2 3 3 2 3 0 2 3 2 0 2 1 0 0 2 0 3 1 2 2 2 3 0 1 2 1 1 1 1 0 1 0 1 0 3 2 3 0 1 1 2 3 4 1 2 1 3 1 4 1 1 3 1 1 2 1 0 0 1 0 0 0 0 2 1 0 3 1 1 3 2 0 1 0 0 2 1 0 1 0 0 2 0 2 0 0 0 1 1 2 2 2 2 1 1 1 0 2 1 0 1 2 0 4 1 2 0 2 2 1 3 0 1 1 0 5 1 0 1 1 2 1 1 0 1 1 1 0 0 2 0 0 2 2 2 2 1 2 2 6 8 49
