Mut 1 2 3 4 5 6 7 8 9 10 11 12 13 14 15 16 17 18 19 20 21 22 23 24 25 26 27 28 29 30 31 32 33 34 35 36 37 38 39 40 41 42 43 44 45 46 47 48 49 50 51 52 53 54 55 56 57 58 59 60 61 62 63 64 65 66 67 68 69 70 71 72 73 74 75 76 77 78 79 80 81 82 83 84 85 86 87 88 89 90 91 92 93 94 95 96 97 98 99 100 101 102 103 104 105 106 107 108 109 110 111 112 113 114 115 116 117 118 119 120 121 122 123 124 125 126 127 128 129 130 131 132 133 134 135 136 137 138 139 140 141 142 143 144 145 146 147 148 149 150 151 152 153 154 155 156 157 158 159 160 161 162 163 164 165 166 167 168 169 170 171 172 173 174 175 176 177 178 179 180 181 182 183 184 185 186
AAA_C 104 56 28 27 11 12 10 7 12 6 12 8 5 4 8 6 10 4 4 5 4 5 8 6 4 3 3 6 1 4 4 3 2 6 0 2 2 5 3 1 2 2 1 2 3 3 2 1 3 6 2 0 5 3 1 2 2 2 1 1 0 3 1 2 3 2 3 2 1 1 4 3 0 2 0 2 1 0 1 2 0 3 2 4 1 2 2 3 4 0 2 3 3 0 3 1 0 1 1 3 3 1 1 4 1 1 3 0 1 1 3 2 1 2 2 3 0 2 1 1 3 2 1 1 3 2 0 0 0 0 0 0 1 2 3 3 2 1 0 0 1 0 2 1 2 3 1 2 2 0 0 3 2 3 3 3 1 0 0 0 2 0 2 2 0 4 1 2 1 3 0 0 2 1 0 0 0 3 3 3 4 4 2 3 3 59
AAA_G 148 100 57 34 18 19 22 9 14 12 16 12 8 14 7 7 9 4 8 4 9 6 8 6 10 11 6 12 7 6 2 5 8 8 3 7 3 8 6 7 4 5 5 5 3 3 6 3 2 5 3 3 6 6 2 0 2 3 4 2 2 5 6 2 2 1 4 1 8 4 2 1 3 3 3 6 5 4 3 0 5 3 3 5 5 1 1 6 3 3 4 5 1 0 4 1 3 8 1 4 3 3 1 2 3 0 5 0 1 0 3 2 4 3 5 1 2 2 4 3 1 2 2 4 3 6 0 0 0 3 2 5 1 1 2 2 3 2 2 2 1 3 2 3 3 1 4 8 2 2 2 0 3 1 2 1 3 1 2 4 1 0 4 5 0 0 3 1 2 1 1 9 1 3 2 3 5 1 4 2 3 1 4 7 12 92
AAA_T 55 29 10 10 4 5 7 1 8 8 6 3 5 5 3 3 2 5 0 1 5 2 3 3 5 5 1 4 1 1 4 3 2 2 2 1 6 3 1 0 2 4 2 2 3 0 0 0 1 2 2 1 2 2 0 1 1 0 0 0 0 1 1 1 1 2 0 1 0 3 4 1 0 1 0 2 0 4 1 1 2 4 1 2 0 1 1 0 1 2 2 2 1 0 1 1 1 0 0 0 2 0 0 0 0 0 5 2 1 0 0 0 0 2 3 1 0 1 1 0 0 0 0 0 1 1 1 0 1 2 1 0 2 0 0 1 0 1 0 0 1 0 1 0 1 0 2 2 2 1 1 1 0 1 1 1 1 0 0 0 0 0 2 0 0 1 1 0 2 1 3 1 0 0 3 2 0 3 0 0 1 3 1 3 2 37
AAC_C 44 20 4 5 9 5 4 4 3 3 6 2 2 2 0 0 2 2 3 1 1 1 1 0 0 1 0 0 1 1 2 1 0 3 1 0 0 1 0 0 1 1 1 0 1 0 0 0 1 0 1 1 2 3 2 0 1 0 1 1 2 0 0 1 1 0 0 2 1 0 1 2 0 1 0 1 1 1 1 2 0 0 0 0 1 2 0 0 0 0 0 1 1 1 2 0 3 0 0 0 2 0 1 0 0 0 1 0 0 1 0 0 0 3 0 1 0 1 0 0 1 0 0 0 0 0 0 0 0 0 2 1 1 0 0 0 0 0 0 0 0 0 0 0 2 2 1 0 0 0 1 1 0 0 0 0 0 0 0 0 0 2 0 2 0 0 2 1 0 2 0 1 0 0 0 1 1 1 1 0 0 1 3 2 4 25
AAC_G 92 63 37 25 13 13 10 11 11 11 15 9 10 9 5 4 12 1 3 2 4 5 8 4 3 7 7 8 2 7 2 3 5 3 6 5 5 3 4 3 3 3 1 5 0 1 0 6 2 3 3 4 4 3 4 4 2 2 1 0 2 1 0 4 3 2 1 2 2 2 0 2 2 6 1 3 1 1 2 0 0 3 3 3 1 3 1 1 3 2 3 0 2 3 2 1 0 5 2 1 5 1 2 2 0 5 1 3 1 3 2 5 0 1 4 1 3 1 1 2 2 0 1 1 1 3 1 1 0 1 3 2 2 0 2 0 0 0 2 1 1 0 5 4 2 2 0 5 2 4 3 5 0 2 1 2 5 2 3 4 3 1 2 2 2 1 1 1 0 0 2 2 1 4 2 1 1 3 1 1 5 7 4 5 7 73
AAC_T 20 13 6 13 2 1 6 2 2 1 1 4 0 1 3 1 2 0 1 4 1 2 0 1 2 2 0 3 0 1 1 0 1 3 1 0 0 1 1 1 0 1 1 0 0 0 0 0 1 0 0 1 0 0 0 1 1 0 1 1 0 0 0 0 1 0 0 1 0 1 0 0 1 0 2 1 0 1 4 0 0 1 0 0 1 0 1 2 1 1 0 0 1 0 1 0 0 1 0 0 1 0 0 0 2 1 0 2 1 0 1 0 1 1 0 1 1 1 0 0 0 0 0 0 0 0 0 1 0 1 0 1 0 0 0 0 0 0 1 0 0 0 2 0 0 0 0 0 0 0 1 0 0 0 0 2 0 0 0 0 0 1 1 2 0 1 0 1 0 0 1 1 0 0 0 0 0 0 0 0 0 0 2 1 5 12
AAG_C 44 22 10 10 6 7 3 6 4 1 5 5 3 3 0 0 0 4 1 1 5 1 2 3 1 2 0 2 0 3 0 1 0 2 4 1 2 1 3 2 0 3 1 2 1 0 1 0 0 0 0 1 1 2 0 2 1 0 0 0 1 0 2 0 1 0 0 0 2 1 0 0 0 0 1 0 1 3 2 0 1 1 1 1 1 0 1 0 0 0 1 0 1 4 0 0 2 2 0 0 1 1 0 0 0 1 1 2 2 0 1 1 0 0 0 1 0 1 0 0 1 0 0 0 1 0 0 0 2 0 1 0 0 1 0 1 0 0 0 0 0 0 1 1 1 1 0 1 2 0 0 1 1 0 0 0 0 0 1 0 0 0 0 0 0 0 0 0 1 0 1 0 0 0 1 0 1 1 0 1 1 2 1 0 1 20
AAG_G 108 64 36 21 11 8 10 10 15 10 6 9 9 9 10 5 6 9 2 7 5 6 4 8 4 11 8 5 2 4 4 3 3 4 2 4 2 5 2 7 2 4 3 4 1 4 1 3 1 3 2 8 2 2 4 2 1 3 3 3 2 0 1 4 3 3 1 3 3 1 4 6 2 2 2 1 2 4 3 4 2 3 0 2 1 2 1 3 6 2 0 3 2 1 1 6 3 7 5 0 5 0 1 5 4 0 5 1 1 2 2 4 2 1 1 1 2 1 0 1 1 0 1 0 0 3 3 2 1 4 2 1 3 1 3 1 0 2 1 2 2 0 2 0 5 1 4 5 1 2 1 4 3 0 2 1 2 3 1 0 2 0 3 3 1 2 4 1 2 1 1 4 4 2 3 1 3 3 2 1 5 4 3 3 8 112
AAG_T 16 17 8 8 1 8 1 1 1 3 0 1 3 3 1 2 0 1 1 0 0 1 0 0 0 1 1 0 1 1 1 2 1 0 0 1 0 2 2 1 2 1 2 0 1 2 2 3 0 1 1 0 0 1 0 0 1 1 1 2 1 0 0 0 2 1 0 0 1 2 1 0 0 0 0 0 0 0 1 0 1 1 0 1 0 0 0 2 0 0 0 0 0 0 2 2 0 0 0 0 3 0 1 1 0 0 0 2 0 1 0 0 0 0 0 1 0 0 0 1 1 0 0 0 3 1 0 1 0 0 0 0 0 0 0 0 1 0 0 1 0 0 2 1 0 0 0 0 0 1 1 1 0 1 0 0 0 0 1 0 0 0 0 0 0 1 0 0 1 0 0 0 0 0 1 0 0 0 0 0 0 0 0 1 2 18
AAT_C 31 22 10 5 12 5 5 4 3 1 2 3 2 3 1 2 1 2 0 2 4 1 1 1 0 2 4 1 1 1 2 0 2 0 1 2 1 1 1 1 0 2 1 0 0 1 1 1 1 0 0 0 2 0 2 1 1 0 1 0 0 0 2 0 0 0 1 1 3 0 0 1 3 0 0 0 2 1 2 1 1 0 0 0 1 1 2 0 1 0 2 2 1 2 0 0 0 2 0 0 0 0 0 0 0 1 1 2 0 0 1 0 1 1 1 1 1 0 2 1 1 2 1 1 0 1 0 1 1 0 0 0 0 0 0 0 0 1 1 0 0 1 0 0 2 1 0 0 0 0 0 1 2 1 0 0 1 0 1 1 0 0 0 1 2 1 1 0 0 0 0 0 1 0 4 2 0 1 2 0 0 1 1 0 3 27
AAT_G 242 121 73 60 30 36 22 18 23 24 25 24 11 10 24 11 18 16 15 10 13 16 14 14 8 19 4 5 10 7 16 6 11 7 5 6 4 5 7 7 9 5 9 4 3 4 6 6 3 8 7 3 3 10 5 7 7 6 4 8 5 4 4 3 3 8 4 5 9 6 3 3 3 3 4 6 2 6 9 5 5 9 2 4 3 6 2 6 2 5 6 5 3 5 9 2 5 9 6 1 4 6 7 7 4 4 5 3 6 5 4 1 3 3 7 4 5 3 2 6 4 5 2 2 1 5 3 1 2 3 0 6 2 1 4 0 0 2 5 2 2 4 1 1 6 6 3 3 0 5 3 2 5 2 1 4 4 4 7 4 4 3 4 8 5 3 6 2 3 2 5 2 10 1 5 5 5 3 3 4 5 6 5 10 10 130
AAT_T 44 24 10 13 4 4 4 3 0 1 3 3 3 3 4 2 3 2 3 3 4 4 3 5 1 2 2 2 2 3 0 4 1 4 3 0 2 2 1 1 1 2 0 0 0 1 3 0 1 0 2 0 2 1 0 1 1 1 0 0 0 1 0 0 0 2 0 2 1 3 0 0 1 2 0 0 0 1 0 0 1 1 0 1 1 1 0 2 1 3 0 1 0 0 2 1 1 3 1 1 0 2 0 2 1 0 0 1 0 0 0 0 1 1 1 0 2 0 1 0 0 0 0 0 0 0 0 0 0 0 0 1 1 0 0 0 0 0 0 0 0 0 0 0 0 0 0 1 0 0 0 0 1 1 0 0 0 1 0 2 2 1 0 1 0 0 0 0 0 1 2 0 0 1 1 0 4 1 1 0 1 1 0 4 7 42
ACA_A 91 55 27 14 8 8 9 10 8 5 5 11 5 4 3 2 6 6 5 5 1 2 6 0 3 4 1 2 0 2 1 3 0 2 5 3 0 2 2 3 4 2 3 1 0 2 2 4 1 2 2 2 6 2 4 0 0 0 2 0 1 2 2 2 1 3 0 2 0 0 2 4 2 3 2 3 1 0 3 0 1 1 0 4 1 1 1 1 0 1 2 2 2 1 1 0 3 0 1 3 4 0 1 2 0 2 3 1 3 0 0 2 0 0 3 1 1 2 0 1 0 0 1 1 4 0 0 1 0 1 0 1 0 0 1 0 1 1 0 0 0 0 0 0 2 3 5 0 1 1 0 1 2 2 1 2 3 2 0 1 0 0 3 4 0 0 2 1 1 0 0 1 0 2 4 1 2 2 1 4 0 1 0 3 5 56
ACA_G 54 42 21 19 7 8 9 9 2 4 10 8 2 5 6 6 6 3 3 1 4 5 1 1 3 4 2 3 4 4 4 0 3 3 3 3 1 1 3 1 3 5 4 0 3 1 1 1 1 4 1 3 2 3 4 4 1 2 1 4 2 1 1 3 0 1 3 3 0 0 0 1 2 2 3 3 3 1 1 1 1 1 2 1 3 0 0 1 1 0 0 2 2 1 1 0 1 0 0 1 0 3 1 0 1 0 1 2 1 3 2 0 1 4 3 1 2 2 0 1 0 1 0 2 1 3 0 1 1 1 1 0 0 3 1 2 1 1 0 2 2 0 2 1 0 0 1 0 2 1 1 0 3 1 0 1 0 2 1 2 0 0 1 1 0 2 1 1 0 2 0 1 0 0 0 2 3 1 2 2 2 1 0 3 4 57
ACA_T 257 162 85 63 42 40 39 28 20 11 31 26 12 14 15 9 8 11 15 10 13 8 12 12 5 9 8 19 1 8 7 7 17 9 14 13 6 6 9 10 9 6 7 6 8 4 6 5 3 2 3 3 8 7 11 7 6 6 6 4 2 1 7 9 3 7 6 2 7 6 0 5 4 3 6 4 2 5 5 5 7 6 6 2 4 3 6 5 3 2 7 2 5 3 1 3 10 4 3 2 4 10 5 6 3 7 7 4 3 5 3 3 6 6 4 7 3 0 3 2 1 4 4 2 1 5 3 1 4 5 1 3 0 3 5 5 1 2 3 1 0 1 3 5 3 4 5 5 5 5 4 1 6 4 1 5 3 2 4 3 3 1 5 2 2 6 8 5 3 4 3 3 8 3 9 8 4 4 5 3 3 10 5 11 19 249
ACC_A 108 67 32 24 16 11 14 9 9 5 13 9 5 5 7 6 5 3 2 7 3 3 9 1 2 1 3 11 3 2 6 6 4 3 3 5 5 5 3 1 5 2 4 5 2 2 1 2 1 4 1 4 2 5 4 2 0 3 2 3 3 1 1 2 2 1 2 0 3 6 2 3 0 3 0 0 1 3 4 0 3 3 0 2 1 1 0 0 3 1 0 1 2 2 0 2 1 1 0 1 0 2 0 1 0 0 2 1 2 2 1 1 3 1 4 0 1 1 2 1 3 3 2 1 1 0 3 1 2 1 1 2 1 1 1 1 1 0 2 1 0 1 0 4 2 0 0 2 1 2 5 0 3 1 2 1 0 2 1 2 0 3 2 2 2 1 0 0 1 0 0 0 2 3 0 2 1 0 1 2 2 4 2 5 12 51
ACC_G 49 30 15 13 11 7 6 3 5 4 4 4 5 5 2 2 5 2 3 3 1 4 2 3 1 3 3 4 3 1 0 2 1 6 1 1 1 2 1 0 5 1 0 0 0 3 1 1 1 2 0 0 0 2 1 3 1 1 1 0 2 0 1 0 1 1 0 1 1 2 3 1 0 0 1 1 0 0 0 2 2 2 2 1 0 2 0 3 1 1 2 1 2 2 1 2 2 2 3 0 0 2 0 1 2 0 2 1 0 0 0 2 0 1 0 0 1 2 1 0 0 0 2 0 0 0 0 0 0 2 1 2 0 0 2 0 0 1 1 0 1 2 1 2 1 1 1 2 2 2 1 1 1 0 1 1 0 2 0 0 2 2 3 0 0 0 1 0 2 1 2 2 1 1 3 0 0 0 2 1 0 3 2 5 4 35
ACC_T 189 125 51 41 29 22 14 20 25 13 16 15 8 7 16 6 11 5 15 6 4 7 13 3 10 9 5 16 9 7 5 15 5 11 5 3 3 9 2 2 8 4 6 5 3 3 3 2 2 4 6 1 5 5 5 5 1 3 2 5 2 5 7 3 9 4 3 2 4 1 3 1 2 3 5 2 3 4 1 4 3 4 2 4 3 3 1 4 6 1 1 2 4 2 5 2 4 2 1 2 3 3 2 6 4 6 5 2 4 1 3 3 1 2 3 5 0 2 0 0 0 2 3 5 2 2 4 2 2 2 1 1 4 4 2 3 4 4 0 1 0 4 2 2 1 3 0 4 0 5 1 7 4 3 1 2 3 7 3 3 3 3 4 2 4 2 1 2 0 1 4 3 3 4 3 2 3 7 1 3 2 4 4 6 7 92
ACG_A 26 13 11 6 4 3 6 4 8 2 2 2 3 0 0 3 2 1 2 1 1 2 1 0 1 4 2 2 0 2 1 1 1 2 1 2 0 0 1 0 2 1 1 0 1 0 1 0 1 1 1 1 1 0 0 0 0 1 1 0 0 0 0 0 0 0 0 1 1 2 0 0 0 0 0 0 0 0 1 0 0 1 0 0 1 1 1 0 0 0 0 1 2 0 1 1 1 4 1 1 3 1 0 1 1 0 1 0 1 2 0 0 0 1 0 1 1 0 0 1 2 0 0 0 0 2 2 0 0 0 2 0 0 0 0 0 0 1 1 1 0 1 0 0 0 0 0 0 3 0 0 1 1 1 0 2 0 0 2 0 0 0 0 0 0 0 0 1 1 3 0 0 0 1 2 1 0 0 0 0 0 0 0 0 1 15
ACG_G 19 16 7 6 5 7 3 3 1 1 5 3 4 2 0 0 2 1 2 2 1 4 1 0 0 1 2 0 0 2 0 0 1 2 2 1 2 0 1 0 1 1 1 0 0 0 1 1 3 0 0 1 2 2 0 2 0 0 1 0 0 1 1 1 0 1 2 1 0 0 0 0 1 0 0 0 0 0 0 1 0 0 1 0 1 0 0 2 0 0 0 0 2 0 0 0 1 0 0 2 0 0 1 0 1 0 2 1 2 0 0 0 1 1 1 0 1 0 1 0 0 1 0 0 1 1 1 0 1 1 0 0 0 0 0 0 0 0 0 2 0 0 1 0 0 0 1 0 1 0 2 1 0 0 0 0 0 1 0 2 0 0 0 1 0 0 0 0 0 0 0 1 0 0 0 1 0 0 1 0 1 0 0 0 5 27
ACG_T 787 386 197 150 100 81 59 43 58 40 53 43 47 39 38 26 29 25 26 28 25 22 19 25 31 19 18 22 21 26 14 12 24 19 22 26 23 21 18 14 20 17 11 21 12 9 17 17 11 17 12 9 15 13 14 15 11 12 15 7 11 5 14 5 8 14 10 13 13 15 8 22 9 7 12 13 6 9 10 7 17 15 7 5 4 10 12 15 11 5 10 12 9 11 6 9 13 12 4 8 14 9 6 4 9 10 8 15 7 8 5 8 8 6 10 6 10 7 7 5 13 8 4 6 11 12 8 5 12 10 3 11 6 6 6 8 4 5 6 11 6 3 5 5 14 4 8 5 9 6 4 7 9 6 10 6 7 7 4 7 5 6 13 9 10 9 9 5 6 5 12 5 11 12 7 8 11 4 8 8 3 12 17 27 26 360
ACT_A 38 20 10 8 5 4 1 2 3 2 8 2 0 3 3 3 1 1 2 2 1 2 2 3 1 0 2 0 1 1 0 1 0 5 3 1 1 3 0 3 0 0 0 0 1 0 1 1 1 2 1 1 1 0 1 2 0 1 0 0 0 0 2 1 0 0 2 0 0 0 1 2 0 1 0 0 1 0 3 1 0 1 0 0 0 0 0 1 0 0 0 0 0 0 0 2 0 1 1 1 1 1 0 2 1 0 0 1 0 1 0 1 0 2 2 1 1 0 1 0 2 0 0 0 1 0 0 1 0 1 1 0 0 0 0 0 0 0 1 1 1 0 0 0 1 1 0 0 1 0 1 1 1 0 0 0 0 0 1 0 0 1 0 0 0 0 0 0 1 1 1 0 1 1 1 0 0 1 0 0 0 4 1 1 3 17
ACT_G 55 38 15 15 14 13 5 5 6 4 7 5 5 9 5 3 5 2 3 4 3 2 2 2 1 4 4 6 1 0 1 3 3 3 2 4 2 4 2 3 2 2 2 3 1 2 1 3 0 4 1 1 4 1 2 0 2 1 0 1 2 1 0 4 3 2 0 1 2 2 1 1 0 1 2 1 2 0 1 0 4 5 2 0 2 0 1 0 2 0 1 0 2 1 2 3 2 0 0 2 1 0 1 1 1 0 1 1 1 1 1 0 2 1 1 1 0 2 0 2 0 0 3 0 0 3 0 0 0 3 3 0 2 1 1 1 1 0 0 2 0 0 1 0 2 1 0 0 0 0 0 2 1 0 0 1 0 0 1 0 0 2 0 1 0 3 2 0 4 0 1 0 0 3 0 0 0 0 0 2 1 1 3 2 3 37
ACT_T 132 112 60 36 27 21 18 20 19 8 16 19 9 9 8 11 14 8 4 5 3 11 8 9 7 8 3 7 6 3 8 9 6 7 4 10 7 10 5 5 2 4 7 4 6 3 5 0 2 5 3 3 4 3 10 4 0 2 3 6 2 8 3 5 5 4 3 6 5 2 6 1 3 3 3 2 6 3 6 3 2 3 2 4 3 4 1 5 1 5 5 5 6 6 4 4 1 3 1 5 5 0 2 3 4 2 5 1 8 4 4 0 3 4 7 1 1 1 2 2 4 4 0 2 5 1 0 3 2 1 1 2 3 2 2 2 1 1 3 2 1 0 6 1 0 1 2 4 4 3 3 2 2 3 0 1 1 2 1 2 4 1 7 3 1 2 4 3 2 1 2 0 2 5 4 2 4 2 2 2 3 7 2 9 8 165
AGA_A 182 103 51 29 22 15 15 19 15 12 17 19 11 10 8 9 10 12 9 9 10 7 7 5 6 7 7 4 7 5 5 8 4 4 7 6 2 2 5 8 10 5 5 6 5 3 4 3 2 8 2 4 5 6 7 2 4 0 6 4 5 4 1 2 5 3 2 5 7 5 4 4 6 3 3 6 4 1 4 2 4 1 3 3 1 7 2 2 2 5 3 4 1 4 3 2 0 2 3 4 3 3 2 0 2 2 1 4 6 3 3 1 3 3 3 4 0 3 2 4 0 3 0 3 2 3 0 0 2 3 2 4 0 1 3 4 1 3 0 2 0 3 2 1 6 3 1 6 4 3 0 2 4 4 0 7 0 1 1 2 0 2 6 0 0 2 2 3 1 3 1 2 0 3 1 1 2 2 3 1 2 5 6 8 10 81
AGA_C 103 64 34 18 19 13 10 10 11 6 21 10 8 3 7 3 3 7 4 4 7 5 5 8 7 5 5 3 2 4 1 6 5 7 1 3 1 5 2 4 8 5 5 0 3 4 2 2 2 3 2 3 4 2 4 1 0 2 7 3 3 2 0 5 1 4 2 2 2 5 2 1 3 7 1 4 3 2 2 5 1 3 2 3 0 1 2 1 1 1 5 0 0 2 2 1 0 3 0 3 4 2 1 2 0 0 3 1 1 1 0 1 1 3 4 1 1 3 0 0 2 1 1 3 1 0 2 1 1 3 1 0 1 2 2 4 0 4 1 2 0 1 1 0 3 3 0 3 3 1 0 1 2 1 0 4 4 1 2 0 2 2 1 0 0 2 2 1 1 0 0 1 1 2 0 3 1 3 2 1 4 4 4 4 2 63
AGA_T 67 33 18 15 14 9 10 6 4 1 3 4 3 1 3 4 2 2 3 3 1 5 1 1 2 7 5 2 3 2 0 1 4 3 2 2 3 3 2 1 5 2 1 2 2 1 1 0 0 1 1 1 2 0 2 2 3 1 2 1 1 1 1 1 2 1 0 1 1 1 2 1 1 1 1 2 3 1 2 4 2 2 0 1 1 1 0 0 3 2 1 1 0 0 2 1 2 0 1 1 1 2 1 2 3 0 1 2 2 2 0 2 3 1 1 0 0 1 2 0 1 0 0 1 0 0 0 2 2 0 2 0 2 1 0 1 0 0 0 1 1 1 2 1 0 0 0 1 2 1 0 0 0 0 1 1 0 0 1 2 1 1 1 1 0 0 2 1 1 0 1 0 1 2 1 0 1 1 0 0 1 1 1 2 3 35
AGC_A 177 109 86 32 30 27 22 21 17 13 18 21 17 10 10 8 13 13 15 14 8 9 13 9 7 13 8 7 5 5 3 11 9 6 8 10 5 12 5 4 9 2 7 3 3 5 3 2 1 7 3 6 6 5 6 3 3 5 0 4 4 4 4 2 3 5 2 5 3 9 1 4 3 4 1 4 5 2 4 3 3 3 5 2 7 2 1 3 3 4 3 3 1 4 3 4 8 0 1 1 4 6 4 1 5 1 3 3 2 2 3 1 4 3 2 3 2 3 2 5 2 3 0 4 3 4 1 0 3 3 2 5 1 0 1 1 2 1 3 3 1 6 2 2 3 2 5 1 5 4 3 2 2 1 3 1 3 3 4 2 2 4 2 1 2 2 6 3 2 0 2 2 1 4 4 2 3 0 2 2 2 5 0 7 15 98
AGC_C 57 33 16 6 7 7 7 5 8 4 7 10 4 4 3 3 5 2 2 3 3 4 2 0 2 5 4 3 1 1 1 2 2 0 1 3 3 1 2 2 7 0 1 1 2 0 1 2 1 1 1 2 0 3 1 1 1 2 3 2 1 0 0 4 3 0 2 1 0 0 2 1 0 1 2 0 2 0 2 1 0 3 0 0 0 2 2 4 2 1 2 0 0 2 1 1 0 1 0 1 1 0 1 2 1 0 1 0 1 3 0 1 1 0 2 1 0 0 2 5 0 0 1 0 0 1 0 0 1 1 0 0 0 1 0 1 1 0 0 2 1 0 0 1 0 0 0 2 1 0 0 3 0 0 0 0 0 1 0 0 0 1 2 0 0 0 1 0 1 1 2 0 0 3 0 4 0 0 1 1 1 1 1 1 3 29
AGC_T 35 30 10 13 7 3 6 6 1 6 4 5 5 2 2 2 4 3 3 1 5 0 3 2 2 3 2 0 0 0 2 0 2 3 2 2 3 0 1 2 1 0 1 0 0 1 0 0 3 2 3 0 0 1 2 1 0 0 1 1 0 1 0 2 1 1 0 2 0 2 0 0 2 2 1 0 1 1 3 0 2 0 0 0 2 0 1 5 0 0 0 1 0 2 0 0 1 1 1 0 0 0 1 0 1 1 0 1 1 1 1 0 1 1 1 2 1 1 0 0 0 0 1 1 1 1 1 0 0 0 0 3 2 0 2 2 0 0 0 0 0 0 0 0 1 0 0 1 0 0 1 1 2 0 1 0 0 2 1 0 3 0 1 0 0 1 0 1 0 0 1 1 1 1 0 0 2 0 0 0 2 4 0 3 3 38
AGG_A 236 146 89 61 37 53 37 29 23 26 19 30 12 21 15 16 24 18 10 20 8 7 21 18 11 9 20 15 7 14 5 17 14 14 9 10 3 12 12 6 5 8 6 10 12 10 6 5 2 15 3 6 5 14 8 7 4 3 9 4 6 2 6 7 7 5 8 5 8 9 5 6 6 3 6 7 2 4 6 5 13 6 5 5 4 8 4 2 3 4 9 3 6 3 9 5 2 3 10 5 6 2 6 3 3 0 5 6 2 3 5 2 5 2 5 4 4 2 2 0 2 2 1 4 4 4 3 1 3 1 2 2 1 8 3 2 1 2 2 3 1 4 5 2 2 4 4 4 2 1 4 3 4 2 5 0 6 6 1 10 7 3 5 8 5 3 1 3 3 1 5 8 7 5 4 8 3 1 1 7 6 5 6 12 12 137
AGG_C 87 66 39 20 9 12 7 7 15 2 7 14 5 5 3 4 8 2 5 4 5 6 5 3 4 4 3 5 5 2 5 0 4 0 3 3 3 4 4 2 1 0 2 2 1 3 1 3 4 3 1 1 1 2 3 0 2 1 3 2 1 2 3 2 2 5 3 3 3 5 5 2 3 1 2 3 1 2 0 1 2 1 2 0 1 3 1 1 4 2 2 3 1 1 2 0 2 1 0 2 0 2 2 2 1 0 3 1 2 1 2 1 0 2 2 1 0 1 0 0 2 0 0 0 0 0 0 0 0 0 2 2 0 0 2 2 1 0 2 2 0 1 1 2 1 1 1 2 3 2 1 1 3 0 2 2 3 1 2 1 0 1 3 2 3 2 1 1 0 3 2 0 0 3 1 0 1 1 3 1 2 1 3 4 4 40
AGG_T 68 35 13 16 9 4 6 6 5 5 3 5 3 0 2 3 5 3 4 6 2 3 1 1 0 2 1 1 1 2 2 2 0 2 1 2 0 0 2 0 0 0 0 2 3 1 0 1 1 0 1 1 1 0 1 0 2 0 0 1 1 0 0 1 0 2 1 0 1 1 0 1 1 1 0 1 1 4 0 2 0 1 2 0 2 1 1 1 1 1 1 2 1 1 1 0 1 1 0 0 0 1 2 2 0 1 0 1 1 0 1 1 1 0 0 0 2 2 0 0 0 0 0 0 0 0 0 0 0 1 1 2 0 1 1 3 0 1 0 0 1 2 0 0 2 0 0 1 0 0 1 3 1 1 0 0 0 0 0 1 0 0 0 0 0 2 0 1 1 0 0 1 1 4 0 1 0 1 1 3 0 0 2 2 0 26
AGT_A 172 97 61 44 22 17 18 17 18 10 8 18 13 7 5 10 11 8 12 9 2 5 8 12 10 2 4 2 4 7 6 6 4 9 6 8 6 7 3 5 6 4 4 3 2 5 3 7 3 3 4 5 2 6 4 2 4 0 7 7 1 3 2 4 1 3 5 4 6 7 4 4 4 2 1 3 1 2 3 1 3 4 1 4 7 2 1 1 3 2 9 2 3 4 6 4 1 5 0 0 4 2 2 1 4 0 2 3 3 3 3 4 2 4 1 3 1 1 0 4 2 2 0 3 0 4 4 2 1 3 3 1 4 0 2 2 1 0 0 2 2 0 2 2 4 1 1 5 3 2 3 3 1 3 2 1 2 3 2 2 3 3 2 6 1 3 3 2 2 3 5 4 4 7 2 2 1 2 6 4 3 9 4 13 10 212
AGT_C 55 42 24 13 4 6 5 7 8 7 6 8 2 4 5 0 4 1 3 3 1 3 4 4 0 2 4 3 3 1 4 4 0 4 2 2 3 3 3 3 2 5 2 1 0 1 2 1 2 1 1 1 1 2 3 3 1 1 1 2 1 1 0 1 0 2 2 2 1 1 2 2 1 1 2 3 4 1 0 0 2 1 1 0 1 1 1 2 2 0 1 1 1 2 1 0 0 0 3 1 0 0 2 1 2 0 0 3 1 2 0 0 0 1 0 0 1 2 1 1 2 0 0 1 1 1 0 3 0 1 0 1 1 1 2 0 1 0 0 2 0 1 1 1 0 0 2 0 1 1 3 1 1 0 2 0 0 1 0 2 0 0 0 0 1 0 1 2 2 3 1 0 0 2 0 1 1 3 2 0 0 2 5 2 4 35
AGT_T 46 26 14 5 6 3 5 3 4 2 3 2 3 2 1 1 1 3 0 2 0 2 5 2 1 3 1 1 1 0 0 1 3 4 2 2 1 0 1 1 2 0 0 2 0 1 0 1 0 2 1 3 1 1 0 2 0 0 0 2 0 0 2 1 0 1 2 1 1 0 1 0 1 2 2 1 0 1 2 0 1 1 0 3 0 1 1 2 0 0 0 1 1 0 1 1 0 1 1 2 1 1 0 0 2 0 3 0 0 1 1 1 1 1 0 1 0 1 0 0 0 0 0 0 0 1 0 1 1 0 1 0 0 0 0 1 0 3 0 1 0 0 1 1 0 0 0 0 3 1 0 1 2 0 1 0 0 3 0 0 2 2 2 0 0 4 1 0 2 0 3 0 1 2 3 0 0 1 2 2 0 3 3 1 6 20
ATA_A 39 18 15 9 2 6 5 5 3 2 2 2 3 1 3 1 2 0 0 2 1 3 1 0 1 3 2 2 1 0 1 0 1 1 1 1 1 1 0 0 2 1 1 1 0 1 0 0 0 0 1 0 0 1 2 1 0 1 1 0 0 0 0 2 0 1 0 1 2 2 0 1 1 0 0 1 1 0 0 1 0 0 1 0 0 1 1 1 1 1 3 1 2 0 0 2 0 0 1 0 1 0 0 1 0 0 1 0 2 0 2 0 2 1 0 0 0 1 1 1 0 0 0 0 0 0 0 0 2 1 1 3 0 2 0 1 1 0 3 0 0 1 1 0 0 1 0 1 0 1 1 0 2 1 0 0 0 2 2 1 1 0 0 1 0 0 1 1 1 2 1 0 1 3 1 1 2 6 2 0 0 3 1 2 3 28
ATA_C 250 153 70 44 36 35 36 16 26 15 22 28 21 16 13 10 16 16 8 14 10 14 5 6 10 17 10 12 2 8 8 6 13 21 6 10 6 13 4 15 15 4 3 6 3 2 1 3 4 7 2 14 3 4 10 9 5 8 7 5 3 2 3 5 7 3 7 6 8 6 3 2 3 1 1 3 8 9 3 4 9 5 3 9 6 9 4 4 4 2 4 8 3 3 2 4 5 4 6 6 6 2 7 5 4 5 5 4 1 5 1 2 2 7 4 2 2 5 3 3 5 5 0 4 3 4 5 3 5 2 3 2 4 7 5 4 2 3 3 0 0 2 2 2 2 5 1 6 4 4 2 4 8 7 3 2 4 5 1 1 3 5 4 3 3 5 3 2 2 0 6 3 4 6 4 1 5 7 6 4 6 5 10 7 6 172
ATA_G 20 18 6 6 3 1 4 0 1 2 2 3 5 1 2 2 1 0 1 0 2 1 2 0 3 0 3 1 0 1 1 1 0 1 0 1 1 0 0 0 2 0 1 1 0 0 1 0 0 5 0 0 0 0 0 1 0 2 1 1 1 0 0 0 1 0 0 0 1 2 0 0 0 0 1 1 0 2 0 1 0 1 0 1 0 0 0 0 1 0 1 0 0 0 0 0 0 1 1 2 0 1 0 0 0 1 1 1 0 0 2 0 1 0 0 1 0 1 0 1 0 3 2 0 0 0 2 1 0 0 0 0 0 0 0 3 0 1 2 0 0 0 0 0 1 0 0 0 1 0 1 0 1 2 0 0 0 1 2 0 2 0 1 0 0 1 1 0 1 0 0 0 0 0 0 0 2 1 0 0 0 2 3 2 3 21
ATC_A 38 32 15 12 6 4 9 6 5 7 1 3 0 2 4 2 4 3 1 3 2 0 3 1 1 1 0 0 3 3 1 4 2 1 3 1 0 3 1 1 2 1 1 1 0 1 1 0 0 0 0 0 1 2 4 0 1 2 0 0 1 2 0 0 0 2 1 1 0 2 1 1 1 1 0 2 0 3 1 0 2 3 4 1 1 1 0 1 0 0 1 2 0 2 0 0 0 1 1 0 0 0 0 0 0 1 0 2 1 2 1 0 0 1 1 0 0 0 1 0 0 1 0 1 1 0 1 1 3 0 1 0 1 1 2 0 0 0 0 0 0 1 2 2 0 0 0 1 3 2 0 1 0 0 0 1 0 1 2 1 0 0 0 0 0 0 0 0 1 0 1 2 0 0 1 1 0 0 0 0 1 1 1 1 0 19
ATC_C 94 60 27 18 11 11 8 4 6 5 11 9 8 11 4 6 2 7 6 8 7 3 3 5 6 2 2 6 5 4 1 4 2 4 3 5 1 6 2 4 1 1 7 4 0 5 2 2 4 6 3 1 2 5 1 3 1 1 4 1 1 2 2 2 3 3 0 2 4 2 2 3 4 3 4 4 1 3 1 6 0 3 2 1 2 2 1 0 1 1 2 4 2 6 3 1 2 5 4 3 3 2 1 3 1 1 2 1 4 4 1 4 3 4 2 2 1 1 1 1 2 1 2 1 2 1 3 1 1 1 1 0 1 0 0 1 1 2 2 2 0 4 0 1 3 0 3 2 1 1 2 1 2 3 2 3 3 1 2 1 1 0 2 1 1 1 4 0 2 1 0 1 2 4 1 1 3 4 4 2 1 5 1 3 6 107
ATC_G 15 12 9 5 2 4 3 4 2 1 0 3 0 2 1 2 1 0 1 1 0 0 1 1 0 0 1 1 0 0 0 0 1 2 1 2 1 3 4 0 0 1 0 0 0 1 2 0 0 0 1 1 0 0 1 0 1 1 0 0 0 1 1 0 1 1 1 1 0 1 1 0 1 1 0 0 1 1 0 0 1 2 0 1 0 1 0 0 1 0 1 2 1 0 0 0 2 0 1 0 0 0 0 0 0 1 1 1 0 1 1 0 0 0 0 1 0 0 0 0 0 1 0 0 0 0 0 0 0 1 0 0 0 0 0 0 1 1 0 0 1 0 1 0 1 0 0 0 0 0 0 0 0 0 0 0 0 1 0 1 0 0 0 0 1 0 0 0 0 0 0 0 1 0 0 0 0 1 1 0 1 0 1 1 2 15
ATG_A 56 31 14 14 9 5 6 3 3 2 1 3 5 3 5 3 2 6 6 2 4 2 4 0 3 1 6 3 0 1 1 1 3 2 2 1 5 1 7 3 3 4 3 1 0 0 0 2 1 1 2 1 1 0 4 2 1 1 0 2 2 0 0 1 3 2 2 2 0 1 0 1 0 0 1 1 2 2 1 1 1 0 1 1 0 0 0 2 0 1 1 1 0 2 2 1 2 1 2 1 0 1 1 1 0 2 0 1 0 1 0 2 1 1 0 0 0 1 1 1 1 0 2 1 1 0 1 0 1 0 0 1 1 3 1 1 1 0 0 0 0 1 0 1 2 0 2 2 1 3 1 0 2 0 1 0 1 1 1 2 0 1 3 0 1 1 0 1 1 1 0 1 1 0 0 1 4 1 1 0 0 0 2 2 0 26
ATG_C 260 194 108 82 39 31 40 30 22 26 32 26 30 13 15 13 8 15 15 11 13 12 18 10 15 7 16 12 14 15 8 10 13 16 17 12 10 11 10 11 12 15 15 2 3 7 9 6 5 12 12 4 6 5 10 14 6 6 5 9 6 6 3 6 10 8 10 7 7 8 9 9 7 9 8 4 8 9 11 5 9 6 6 9 7 7 4 9 6 3 8 8 2 8 9 10 9 7 7 13 10 6 5 5 6 3 8 3 5 8 3 6 6 8 10 4 9 4 7 2 7 3 5 5 8 6 8 9 2 8 1 3 5 2 12 5 3 5 7 5 2 4 3 2 11 4 9 14 2 12 8 11 7 10 6 9 7 7 4 8 5 9 10 11 6 9 5 9 7 5 5 7 7 8 12 9 12 14 12 8 11 21 18 54 82 1444
ATG_G 44 26 20 15 10 6 4 4 5 3 2 1 1 1 5 3 4 1 1 4 0 1 0 2 1 2 2 2 0 1 0 0 1 2 3 1 4 0 0 3 3 4 1 3 2 2 0 0 2 5 1 0 1 2 3 1 1 0 1 1 1 0 3 2 4 2 0 1 0 1 1 0 2 0 0 0 0 0 1 1 3 2 0 0 2 0 1 2 1 2 3 3 1 1 0 3 0 0 1 1 1 1 0 0 0 2 0 0 1 0 0 1 0 1 1 2 1 1 0 1 0 0 0 1 0 0 2 0 0 0 0 0 0 0 1 1 0 1 0 0 0 2 1 1 0 0 1 0 1 2 0 2 0 1 0 1 1 0 1 1 1 0 1 1 0 0 1 1 1 2 1 2 0 1 0 0 1 0 0 1 2 2 1 3 0 36
ATT_A 43 12 15 7 5 3 8 6 4 2 1 4 6 1 3 2 2 2 2 2 1 2 3 1 0 5 4 0 0 1 0 3 5 2 3 0 3 3 2 1 1 2 0 2 2 1 1 2 3 1 1 0 1 1 1 3 4 2 0 4 2 0 0 1 0 0 0 1 0 0 2 0 0 2 2 1 1 1 2 0 1 1 0 0 0 0 2 2 2 1 0 0 0 4 1 0 0 0 0 0 1 2 0 1 0 0 1 0 2 1 0 1 0 1 1 0 1 1 0 0 2 0 2 1 0 1 1 0 0 1 0 1 2 0 1 0 0 0 1 1 0 1 0 0 2 1 0 0 0 1 1 0 0 2 0 1 1 0 0 0 1 0 1 3 0 1 0 1 0 0 3 1 0 4 0 0 0 1 1 0 1 1 3 2 4 44
ATT_C 188 131 92 59 36 35 25 24 26 11 23 24 7 6 17 10 15 17 14 19 7 5 16 8 12 16 7 5 4 12 9 11 7 18 10 4 8 9 8 11 15 5 5 8 4 7 2 4 2 8 4 4 6 4 4 8 8 4 6 6 0 5 7 5 4 8 4 2 9 5 4 2 3 1 5 3 3 1 3 4 6 10 1 5 4 4 5 2 8 5 5 3 4 9 5 1 6 4 6 4 2 2 1 5 1 4 2 1 2 3 4 4 2 2 2 1 3 0 3 2 4 1 3 4 1 3 2 2 0 4 4 5 2 1 1 6 0 3 2 4 0 7 4 2 6 8 3 4 0 5 4 3 2 1 2 1 2 0 3 2 4 2 6 5 5 5 2 3 1 5 5 4 3 8 2 3 8 1 2 2 3 7 7 9 13 139
ATT_G 30 24 10 4 3 2 5 1 4 1 3 3 2 2 2 2 1 2 2 1 1 4 4 0 1 1 1 3 0 5 0 1 0 1 1 2 2 4 1 2 1 1 2 2 0 0 1 1 2 2 0 0 0 0 0 1 0 0 0 3 0 1 1 1 0 0 0 0 1 1 1 0 1 1 1 0 1 0 1 0 0 0 2 0 1 0 0 0 1 1 0 0 0 0 1 1 0 0 0 1 0 0 2 0 0 0 0 0 0 0 0 1 0 1 1 1 0 0 1 1 1 0 0 2 0 0 1 1 0 0 0 2 1 0 2 0 2 0 0 1 0 0 0 0 0 1 0 2 0 1 0 1 0 0 0 0 1 1 1 0 1 0 1 2 0 0 0 0 1 0 1 0 0 0 0 1 1 0 0 2 0 0 1 1 1 28
CAA_C 39 17 18 15 6 11 6 4 6 2 6 2 3 1 0 1 3 1 3 4 5 5 6 2 3 2 0 1 2 3 2 2 4 1 5 1 2 4 1 4 3 0 2 1 2 0 0 2 0 1 2 1 4 2 4 2 1 0 3 3 2 1 2 2 4 1 2 2 0 2 3 0 2 3 1 0 0 1 1 1 2 3 0 1 2 1 1 0 1 0 3 1 1 0 1 1 1 1 0 0 2 1 0 3 1 1 0 1 1 2 1 0 0 0 0 1 0 1 0 1 0 0 1 0 1 1 1 0 0 2 0 1 1 1 0 0 0 0 0 0 0 3 0 0 0 1 0 1 0 2 3 0 1 1 0 0 0 2 0 1 1 3 2 2 0 1 2 0 1 0 3 3 0 0 1 0 1 0 1 2 0 4 1 2 4 40
CAA_G 97 72 40 33 21 12 13 10 6 10 8 7 14 4 7 5 5 8 4 6 7 5 11 8 4 3 4 9 3 3 1 2 7 6 5 7 5 5 5 2 5 3 5 3 3 4 1 4 2 5 5 1 6 4 3 3 4 3 4 3 4 1 3 4 1 0 3 2 2 3 3 1 0 3 2 4 0 2 10 1 3 1 2 6 1 2 3 4 3 5 3 3 3 2 1 2 2 3 3 1 2 1 1 3 0 2 2 1 1 5 4 2 2 4 1 4 4 2 2 2 2 0 4 3 0 3 4 1 1 2 3 2 2 1 4 4 3 2 2 1 1 2 5 1 3 6 5 1 3 3 3 3 3 3 2 1 1 2 5 4 3 4 5 3 1 6 4 2 3 3 8 3 9 7 3 2 6 4 5 5 6 8 8 20 33 587
CAA_T 18 15 7 6 4 2 2 0 5 3 1 3 3 0 0 2 4 0 1 1 1 0 0 0 0 3 0 0 1 0 1 2 0 1 0 2 1 0 1 1 1 3 1 0 0 1 0 0 0 4 0 0 1 1 0 1 0 1 1 1 1 0 0 1 0 0 0 0 0 1 0 0 0 0 0 0 1 0 0 1 5 1 0 0 1 0 0 0 0 0 0 1 0 0 0 0 0 0 0 0 0 0 1 0 0 0 0 0 0 1 0 1 0 0 2 0 0 0 0 0 0 3 0 1 0 0 0 0 0 0 0 1 0 1 0 1 0 0 0 1 1 0 0 0 0 0 0 1 1 0 0 0 0 1 0 0 0 0 0 0 0 0 0 0 0 1 0 0 0 0 0 0 0 1 2 0 0 0 0 0 0 0 0 1 2 7
CAC_C 85 39 22 8 5 7 5 4 6 6 5 5 5 4 5 3 5 1 2 0 0 5 1 2 3 2 6 3 0 3 2 2 2 4 3 1 2 0 1 1 1 2 0 1 1 2 1 1 2 0 2 2 2 2 1 2 1 2 2 2 0 1 2 3 5 2 1 1 2 2 1 0 1 3 0 0 3 2 3 0 1 1 2 1 3 0 1 1 1 1 1 1 3 1 1 1 0 1 0 1 0 1 0 0 1 1 2 1 3 2 1 2 0 1 1 0 2 2 1 0 0 0 1 0 2 3 0 1 1 1 1 0 0 2 0 6 0 0 1 1 0 0 1 1 1 2 2 2 1 0 0 1 0 1 0 2 0 2 1 1 1 0 0 0 1 1 0 0 0 0 3 2 0 1 2 0 0 2 0 0 1 1 2 5 4 42
CAC_G 133 106 42 39 29 20 17 15 21 15 19 16 13 21 19 14 10 9 9 9 6 10 7 5 6 7 8 11 7 6 3 4 9 8 9 7 5 8 5 9 7 3 5 3 6 8 3 7 2 7 7 5 4 0 3 6 1 5 5 4 5 4 6 4 7 2 5 3 6 3 4 11 5 7 4 4 6 8 5 7 6 3 3 7 7 5 3 3 3 6 3 4 5 4 2 3 5 9 5 2 3 8 7 2 2 5 6 8 1 2 4 2 4 7 4 1 2 4 3 3 2 1 1 1 4 6 5 4 0 6 5 5 3 7 2 2 5 2 2 1 1 2 3 5 6 3 1 3 8 4 4 7 5 4 11 3 5 3 5 7 2 1 10 6 6 5 7 2 0 5 4 5 5 4 7 8 11 8 12 10 7 26 16 42 53 1023
CAC_T 37 27 11 6 8 7 0 5 0 5 2 2 4 2 0 1 1 2 2 1 0 3 0 2 2 0 2 2 0 0 2 0 3 1 3 1 2 1 2 4 1 4 2 3 0 2 1 0 2 0 1 0 1 1 1 0 1 0 0 0 2 2 1 0 1 1 2 0 1 0 0 1 0 0 1 0 2 1 1 1 1 1 1 1 0 0 0 3 0 1 1 1 1 0 1 1 0 0 0 0 1 2 0 1 2 1 0 1 0 0 0 1 1 0 1 2 0 0 0 0 1 1 0 0 1 0 0 0 0 0 0 0 1 0 1 1 1 0 0 0 0 1 2 0 0 0 0 0 0 1 0 1 1 0 0 0 0 1 0 1 1 1 0 1 0 1 1 0 1 1 1 1 1 0 1 1 1 0 0 2 0 0 0 3 1 20
CAG_C 62 39 22 16 10 9 3 9 7 2 4 4 3 2 0 5 6 3 1 4 0 7 3 2 0 3 0 1 3 1 1 1 3 4 3 1 1 1 5 3 3 2 3 2 2 0 1 0 0 3 2 3 2 2 0 0 2 1 2 3 3 1 1 1 3 0 1 1 1 1 1 1 0 1 1 2 2 2 1 0 2 1 1 3 1 0 1 0 3 1 0 1 2 3 0 0 1 0 0 0 2 0 1 0 2 1 1 2 1 0 3 1 1 1 1 0 0 0 1 0 0 1 0 0 1 1 3 1 0 1 0 1 0 0 0 2 0 1 0 0 1 0 0 0 2 0 1 1 1 1 0 1 0 2 1 2 0 1 0 2 2 2 2 0 0 0 0 1 2 0 0 1 0 0 1 1 0 1 2 0 1 1 1 1 2 28
CAG_G 211 157 72 48 33 25 21 20 25 15 28 28 11 10 9 8 14 6 10 14 7 7 12 11 13 9 8 11 12 9 6 12 9 8 12 10 10 3 10 10 10 6 6 2 9 4 9 3 5 7 6 6 6 7 6 8 7 8 4 3 7 6 7 1 7 4 4 5 3 6 9 9 9 3 6 8 8 6 6 11 9 8 6 5 6 4 8 6 5 7 10 8 3 7 2 5 2 5 1 7 10 3 7 5 1 7 7 8 3 3 6 14 3 12 6 12 4 5 9 4 5 7 4 5 5 6 8 7 8 5 6 3 5 6 1 1 3 2 5 5 9 6 7 4 2 6 4 7 4 4 3 4 6 7 4 4 6 4 5 7 5 7 7 7 4 7 4 7 4 7 10 8 10 12 13 10 13 6 9 10 11 26 27 54 80 1342
CAG_T 39 31 13 15 6 6 2 1 6 4 4 4 4 1 4 3 2 4 2 2 2 0 2 1 1 3 0 1 3 2 3 4 1 1 4 2 0 3 0 3 2 2 0 1 1 2 0 2 0 1 1 1 0 2 2 2 3 0 1 1 0 0 0 1 0 1 0 0 3 2 0 1 0 0 0 0 3 0 0 0 0 0 1 3 2 1 1 0 0 1 0 1 0 0 1 1 1 0 1 1 1 1 1 0 1 1 1 0 1 1 1 2 1 0 1 1 0 0 0 0 0 0 0 1 0 0 1 0 0 3 0 2 0 0 1 0 0 0 1 0 0 0 1 0 0 1 0 0 0 1 1 0 0 0 0 1 0 3 1 0 0 1 0 0 0 2 0 0 0 0 0 1 2 0 1 1 1 1 0 1 2 2 0 2 3 21
CAT_C 59 25 23 11 8 9 7 6 2 6 1 1 0 3 4 0 2 1 0 3 2 1 3 3 2 2 1 2 1 0 3 0 3 1 3 3 2 3 1 4 2 0 0 1 1 2 0 0 1 1 2 1 2 0 3 5 0 2 4 0 2 2 1 0 3 0 1 1 4 0 1 2 0 2 1 2 0 2 1 1 1 2 2 4 0 1 1 2 1 2 0 2 0 1 1 2 2 1 0 1 2 0 0 0 1 1 0 0 2 0 0 0 2 1 1 0 2 0 0 2 0 1 1 2 0 1 1 1 0 2 0 2 0 0 0 0 0 0 1 0 1 1 0 2 3 1 4 1 1 1 0 1 0 1 1 0 2 2 0 1 1 1 1 0 0 0 0 1 1 0 2 1 1 2 2 1 2 0 1 1 1 1 0 1 2 22
CAT_G 270 195 84 64 42 46 45 33 32 25 25 29 25 18 25 18 19 14 19 13 14 12 19 7 19 8 11 13 9 11 11 11 13 10 11 5 15 11 13 6 10 7 10 11 8 5 6 6 3 12 5 6 11 7 10 7 7 11 8 7 5 10 10 4 4 14 7 7 8 8 9 6 7 7 5 8 7 7 9 7 4 5 7 6 6 8 4 8 9 11 7 5 7 9 8 4 11 10 6 5 6 4 3 8 6 4 8 6 5 8 9 7 6 7 9 3 6 10 8 9 6 4 7 10 4 4 7 3 3 8 2 7 5 3 4 5 5 8 3 6 6 6 7 3 10 11 7 10 6 8 7 6 7 11 2 9 9 7 5 14 6 10 11 3 4 6 1 7 7 3 11 12 7 14 17 10 13 9 12 12 13 11 29 63 87 1470
CAT_T 47 38 15 16 4 4 10 5 10 3 3 7 2 1 3 3 3 1 3 1 2 2 5 2 1 4 2 3 5 2 2 1 1 4 0 3 0 1 2 2 4 1 2 0 0 2 2 0 2 3 0 0 2 2 2 1 1 1 1 2 2 3 1 3 2 2 0 1 2 2 1 1 1 1 1 1 2 2 1 2 1 1 0 2 0 1 0 1 2 0 0 0 0 1 2 0 0 2 1 2 0 2 2 0 1 0 0 2 1 0 0 1 0 0 0 1 0 2 0 1 0 0 0 0 0 1 2 0 1 2 1 2 1 0 0 2 0 1 1 0 0 1 1 0 0 1 1 1 1 3 0 1 1 0 2 0 1 1 1 0 1 0 1 1 1 0 2 0 1 0 3 0 2 0 2 1 2 4 0 0 2 2 3 0 3 24
CCA_A 63 44 16 7 7 10 13 5 6 5 2 1 2 4 2 5 7 3 1 1 2 3 4 1 2 2 1 3 1 2 5 0 1 4 5 2 1 3 4 3 2 2 3 1 3 1 0 2 0 3 0 1 1 4 0 0 3 1 2 0 0 0 0 1 0 1 0 1 4 2 0 3 1 0 0 1 1 0 3 1 0 0 1 2 1 0 2 1 0 1 1 0 0 1 1 0 0 0 2 2 0 2 0 0 0 0 1 1 0 0 0 2 2 1 1 0 1 0 0 0 1 0 1 0 0 0 0 0 0 0 0 1 1 0 2 0 0 4 0 1 1 0 1 1 0 2 1 1 0 0 1 2 0 0 3 0 1 0 0 1 0 1 1 0 1 2 1 0 1 1 0 0 1 0 0 0 2 0 1 0 0 2 2 3 3 38
CCA_G 56 30 16 12 12 5 7 5 3 2 4 6 3 2 1 3 2 1 2 1 4 0 1 1 2 3 2 2 7 3 0 2 3 4 0 4 0 1 1 2 3 2 1 0 1 3 3 4 2 3 3 2 1 1 3 2 2 2 0 4 1 1 2 1 0 2 3 0 5 0 1 0 1 1 4 0 0 1 1 0 2 1 0 0 2 3 2 2 2 1 1 2 2 2 1 0 0 2 0 0 0 2 0 3 1 0 0 0 1 1 0 2 0 3 3 0 1 0 1 0 0 1 0 1 0 0 0 2 0 0 0 2 1 0 0 0 1 0 1 2 3 0 0 0 2 0 1 0 1 0 0 2 1 0 2 0 2 3 1 4 1 0 0 0 1 2 1 0 0 2 1 0 1 1 4 0 1 2 1 2 1 1 0 2 1 40
CCA_T 244 161 67 68 33 32 29 22 23 17 21 25 21 12 12 6 14 14 13 13 8 9 16 9 11 13 11 5 13 9 7 5 9 3 5 3 6 7 5 11 9 4 7 8 7 8 8 3 4 6 6 3 6 6 8 7 8 3 3 7 7 6 10 8 6 8 3 4 6 9 4 3 6 7 4 3 4 1 4 5 6 4 8 7 3 1 4 7 9 5 2 2 0 3 1 4 4 7 1 3 2 3 2 7 5 5 4 2 2 4 3 0 3 2 3 4 2 2 4 3 4 2 2 2 3 3 3 2 3 7 3 0 5 4 3 3 4 1 1 1 1 0 4 5 4 1 2 3 3 4 2 0 4 6 1 1 3 4 4 1 2 1 3 3 0 1 3 2 4 5 5 4 2 6 5 1 3 0 4 6 5 5 5 8 12 107
CCC_A 76 56 20 12 6 10 6 7 7 9 2 9 3 7 7 4 4 6 7 4 3 3 2 3 4 5 3 2 6 3 8 3 4 3 6 2 4 4 4 2 2 2 2 0 0 0 1 2 2 5 1 0 0 1 1 1 4 2 2 2 2 7 0 0 4 2 1 2 0 0 2 3 2 2 0 2 0 3 0 0 1 0 4 0 0 0 3 1 1 1 2 2 1 2 3 1 1 3 1 1 1 2 1 0 1 0 1 0 1 1 3 3 3 3 1 0 3 1 0 1 1 2 0 1 0 2 1 0 0 0 3 2 0 1 1 1 1 1 1 2 2 1 1 2 3 1 0 0 2 1 0 4 1 1 1 0 3 2 1 0 0 0 1 1 0 0 0 2 2 0 1 1 0 2 0 1 1 1 1 3 0 1 1 4 2 31
CCC_G 121 65 28 15 10 11 15 8 11 6 6 7 11 5 4 3 4 4 5 2 2 7 2 2 2 3 3 4 6 1 3 1 6 4 4 1 3 0 0 1 3 0 1 1 2 3 2 0 2 2 2 2 4 1 3 3 1 3 5 1 0 3 2 1 3 1 1 1 3 2 3 1 4 2 2 3 1 2 5 2 4 4 0 1 1 0 0 4 0 1 0 0 1 0 1 1 3 2 1 1 2 3 1 0 0 2 0 4 0 3 1 2 4 2 2 1 3 3 4 1 1 3 0 3 4 1 1 1 0 2 1 1 2 0 1 2 0 2 3 0 0 2 2 2 1 1 0 2 2 0 1 0 0 2 1 0 0 1 1 1 2 2 3 1 0 2 2 0 1 1 1 2 1 0 2 0 1 3 1 2 1 1 1 2 2 47
CCC_T 253 157 77 57 34 26 29 29 30 24 20 20 17 15 24 14 15 8 11 8 14 9 13 10 10 10 9 7 7 5 8 12 8 8 9 9 6 5 10 5 9 4 5 9 7 6 7 7 4 6 7 3 7 7 11 6 7 8 6 5 10 4 4 4 12 1 2 7 5 5 4 10 2 4 9 5 4 4 6 8 8 6 2 5 7 5 2 4 6 6 6 6 4 5 4 2 2 5 8 3 3 2 4 11 4 2 3 3 4 6 3 3 5 3 4 5 4 3 3 2 5 1 5 3 4 3 3 0 0 1 5 3 2 3 1 4 0 4 2 5 3 4 4 4 8 3 5 3 1 2 3 6 9 7 2 5 4 4 2 6 2 2 1 7 2 4 3 2 1 3 0 3 1 9 3 2 3 3 6 4 3 5 9 10 8 129
CCG_A 26 18 10 7 2 1 9 2 2 1 4 9 1 2 1 1 4 3 4 2 1 2 1 0 1 0 0 1 0 3 1 0 1 0 0 0 0 2 2 0 0 0 2 2 0 0 0 1 1 1 2 0 0 0 1 2 0 1 0 2 1 2 1 0 2 1 0 0 0 2 1 1 1 1 0 0 0 2 1 1 1 0 1 1 0 0 0 1 0 0 1 0 2 2 1 0 2 0 1 1 0 0 0 0 0 0 1 1 0 1 1 0 1 1 0 1 0 1 2 2 1 0 0 0 1 0 0 0 1 0 0 1 1 0 0 0 2 0 0 0 0 1 0 0 0 0 0 2 0 0 0 0 0 2 2 0 0 0 0 0 2 0 1 0 0 1 1 0 0 1 1 1 0 0 0 0 0 1 0 0 0 0 0 3 2 21
CCG_G 31 17 10 14 5 4 4 1 8 7 0 1 6 2 2 2 3 1 1 3 2 1 0 0 0 1 1 0 2 3 1 3 0 3 1 2 0 3 1 0 3 3 1 1 0 1 1 2 1 2 0 1 1 0 3 0 1 2 1 2 1 1 1 1 1 0 1 1 2 2 1 2 0 2 0 2 1 1 1 1 1 1 1 1 0 3 1 2 0 2 1 2 0 1 1 2 0 0 0 0 2 0 0 1 1 0 0 2 0 1 1 1 1 0 2 0 1 0 1 2 0 2 0 1 0 1 1 0 1 1 0 0 0 1 1 0 0 3 0 1 1 0 1 0 0 0 1 0 0 0 2 0 2 1 0 0 0 2 0 1 0 0 1 0 1 0 0 1 3 0 1 0 0 0 3 0 2 2 2 0 1 0 0 2 3 16
CCG_T 877 469 212 185 125 112 83 61 75 59 58 58 60 37 45 40 58 27 31 46 31 30 43 23 30 19 21 30 18 34 18 12 36 24 21 19 18 27 19 9 28 19 29 12 10 14 24 9 12 25 10 7 14 23 12 17 14 18 13 22 10 16 15 16 15 9 10 16 22 9 23 10 15 11 19 9 15 13 19 8 17 9 4 9 12 9 9 10 7 8 11 7 15 7 12 7 14 8 10 10 14 12 7 9 11 14 6 14 13 12 8 13 19 10 11 8 5 6 5 5 8 1 9 9 10 12 9 7 4 8 5 7 8 7 7 11 8 5 4 6 5 6 9 5 9 9 8 13 10 6 5 12 11 8 8 6 6 9 13 8 8 5 22 12 4 10 5 13 10 12 11 10 11 13 11 11 9 8 9 9 14 28 18 19 20 370
CCT_A 38 23 9 10 5 6 7 3 3 7 1 5 4 5 1 1 3 2 4 1 3 5 1 1 2 0 1 1 0 2 2 2 2 1 3 2 2 4 0 3 1 1 1 1 2 0 2 1 0 3 0 0 1 0 1 1 0 1 1 2 1 1 0 1 0 2 0 1 1 1 0 1 0 0 1 1 2 0 3 0 3 1 2 1 2 2 3 1 0 1 0 0 4 3 2 0 0 0 2 1 1 2 0 0 0 0 2 2 1 0 0 1 0 0 0 0 0 1 1 0 0 0 1 0 0 0 0 0 0 2 2 0 2 1 0 0 1 0 1 0 0 1 0 0 1 2 0 3 0 1 3 0 0 0 0 0 1 1 0 1 0 3 1 2 0 0 0 0 0 0 1 0 0 2 4 0 1 1 0 0 0 3 1 3 5 29
CCT_G 77 53 22 20 15 9 14 11 8 9 7 6 5 4 2 8 7 5 5 5 4 3 6 1 1 4 4 3 0 1 1 3 2 3 3 3 5 4 3 2 4 0 2 3 1 2 2 3 0 4 2 2 4 3 2 1 4 0 2 0 1 4 1 0 0 2 2 2 4 4 4 0 0 3 0 2 4 3 1 2 4 0 1 2 0 1 0 1 2 0 2 2 3 3 2 1 0 0 0 0 2 0 1 2 3 1 0 1 1 0 0 0 1 0 1 1 1 1 3 3 1 0 2 1 0 2 1 1 0 2 2 0 1 0 0 1 0 0 3 1 0 2 1 2 1 0 2 1 2 1 1 1 1 0 0 3 0 2 1 1 1 1 2 2 1 1 1 0 2 1 1 1 2 0 1 0 1 0 2 2 1 2 1 2 5 50
CCT_T 240 156 91 59 48 25 26 19 25 20 29 23 21 22 15 16 15 9 14 12 12 12 15 15 26 12 6 14 11 14 15 9 19 8 6 9 10 11 11 6 10 14 6 8 7 8 4 6 13 6 6 5 3 8 6 4 5 8 5 6 9 6 2 4 7 5 2 10 5 7 8 8 11 5 6 4 5 6 3 7 3 4 4 2 6 6 6 8 9 3 2 1 12 3 7 5 4 4 7 4 3 10 3 9 5 3 3 5 5 3 1 4 7 3 2 4 2 3 1 5 3 4 5 0 3 6 5 3 3 6 2 5 1 4 4 3 0 4 1 5 1 1 2 1 3 1 6 4 3 5 6 4 2 4 2 9 5 3 3 2 4 2 5 3 4 4 3 3 1 3 5 6 4 8 3 3 5 5 8 3 8 8 4 15 12 129
CGA_A 520 275 114 77 55 41 46 37 30 24 30 31 32 25 32 20 21 25 22 12 12 17 23 16 20 16 16 10 9 12 10 19 16 15 9 12 9 15 20 9 14 8 12 9 8 9 13 5 11 15 9 9 4 13 11 8 7 9 13 10 8 8 6 7 8 8 7 6 13 5 3 7 9 8 3 5 11 9 7 8 4 9 8 9 6 9 5 8 4 4 5 4 6 8 13 3 7 6 6 6 5 5 4 7 8 4 8 5 6 6 5 5 5 10 4 10 10 5 4 0 5 3 3 6 1 5 3 5 4 6 2 1 4 3 0 6 3 2 2 4 3 2 2 8 2 4 5 9 8 6 5 7 6 6 5 4 4 3 4 8 5 8 4 3 3 7 3 5 6 3 5 3 7 8 7 4 9 5 5 3 5 11 10 12 12 179
CGA_C 29 22 8 4 6 3 3 2 5 0 1 3 2 1 1 0 2 2 2 3 0 3 0 2 3 1 3 0 0 0 0 0 1 2 0 1 1 0 2 0 0 1 1 0 1 0 1 2 0 2 1 2 0 1 0 0 1 0 1 2 0 1 3 1 3 0 0 1 0 1 2 1 0 0 1 3 0 2 0 1 1 1 3 0 0 1 0 2 0 0 0 0 1 0 0 0 0 0 0 0 0 0 0 0 1 0 0 0 0 1 0 1 1 2 1 1 0 1 2 0 1 0 1 0 1 0 0 0 0 0 0 0 0 0 0 0 0 0 2 1 0 0 0 0 0 0 0 1 0 0 0 1 0 0 0 0 0 0 1 1 0 0 1 2 1 0 0 0 2 0 1 0 1 0 2 1 0 3 2 0 0 0 1 0 1 29
CGA_T 21 7 3 5 7 2 4 1 1 2 1 3 4 2 1 1 2 0 0 1 3 3 1 4 0 1 1 1 0 0 2 1 0 3 1 0 0 1 1 0 1 0 0 2 1 0 0 1 1 0 0 1 0 0 1 1 0 1 0 1 0 0 1 1 0 1 0 0 1 0 0 0 0 0 0 1 1 1 3 1 1 0 0 2 0 0 0 0 1 0 0 0 3 1 0 1 0 0 0 0 1 0 0 0 1 0 1 1 1 0 0 0 1 0 0 0 1 1 0 0 0 0 1 0 1 0 0 0 0 1 0 1 0 1 0 1 1 0 0 0 0 0 0 0 0 0 0 2 0 1 1 0 1 0 0 0 0 0 1 0 0 0 0 0 1 0 0 0 1 0 1 1 0 1 1 0 0 1 1 0 0 2 0 2 1 13
CGC_A 701 333 207 140 75 84 68 52 58 50 49 46 34 29 21 34 42 29 28 22 23 25 19 18 23 22 15 23 11 19 12 16 24 19 21 14 16 21 11 12 18 14 19 13 9 14 12 14 13 20 11 19 13 16 13 13 13 13 16 10 7 10 15 11 9 6 8 9 10 18 17 12 9 9 12 11 11 7 13 8 11 9 5 9 6 11 15 11 8 10 9 10 12 6 12 9 12 15 6 10 8 17 9 11 5 7 9 12 11 15 6 10 9 8 7 11 14 9 4 3 8 5 5 12 7 10 8 6 3 9 5 11 8 2 6 5 5 5 2 7 2 3 4 8 6 5 8 15 5 5 8 12 7 13 3 7 7 6 8 4 13 4 20 3 10 4 10 6 3 6 1 6 10 11 6 4 8 8 6 3 6 11 16 19 19 253
CGC_C 25 12 7 6 0 4 2 0 2 1 4 1 2 3 2 1 3 0 0 1 1 1 0 1 4 1 1 2 4 0 0 1 1 4 2 1 0 0 4 0 0 2 1 3 0 0 0 0 2 0 1 1 1 0 1 0 1 1 2 2 1 0 3 0 1 1 0 0 0 1 2 2 2 0 0 1 0 1 1 0 0 0 0 0 1 0 1 0 0 0 0 1 0 0 0 1 1 1 0 0 0 1 0 0 0 0 0 0 2 0 2 0 0 0 0 1 0 0 0 0 0 0 1 0 0 0 0 0 0 0 0 0 0 0 0 0 1 0 0 0 0 0 0 0 1 0 1 1 0 0 1 0 0 0 1 0 0 0 0 0 0 1 1 0 0 0 0 0 0 1 2 0 0 0 2 0 1 0 0 1 1 1 1 1 2 17
CGC_T 38 27 17 13 6 5 3 3 7 5 4 0 4 3 1 5 3 3 3 3 3 0 2 1 0 2 0 0 0 5 1 3 3 2 1 0 2 2 2 0 0 1 2 2 1 0 2 1 0 0 2 0 1 1 1 0 0 2 0 0 0 0 0 3 0 0 0 1 0 3 1 1 1 0 0 3 0 1 0 0 1 1 2 0 0 0 0 0 0 0 2 1 0 0 0 1 1 1 1 1 0 0 0 1 0 2 0 2 2 1 3 0 0 0 1 1 0 0 0 1 0 2 0 0 1 1 0 0 0 0 1 0 1 1 0 1 1 0 1 0 1 1 0 1 1 0 1 1 1 1 0 2 1 1 0 1 1 3 1 0 1 0 0 0 1 2 1 1 1 0 0 0 0 1 1 0 0 0 1 0 0 1 1 4 3 23
CGG_A 933 513 234 177 104 94 94 67 78 51 67 45 61 37 30 38 41 40 47 38 28 34 36 25 23 43 23 35 23 31 23 26 27 24 24 19 11 26 16 11 25 27 16 10 11 15 20 11 19 29 18 13 11 24 14 19 13 21 11 14 7 12 10 17 17 17 7 11 16 15 9 6 15 11 10 18 9 20 13 8 11 16 6 13 5 8 12 14 3 9 12 11 12 18 9 11 12 11 8 12 8 16 8 14 13 5 8 10 8 14 19 9 15 5 20 15 8 8 7 6 12 19 9 8 4 8 11 2 2 7 3 7 17 9 12 10 5 6 4 12 5 7 6 5 10 5 6 3 6 7 7 6 9 19 5 9 3 14 6 7 15 7 18 11 5 7 8 9 5 8 4 9 7 11 13 5 18 6 18 12 10 24 16 21 30 338
CGG_C 27 24 8 11 8 7 7 6 2 7 7 3 4 1 2 1 2 2 4 0 1 3 2 2 1 1 1 2 1 2 1 1 2 2 0 0 1 2 0 2 1 0 1 1 1 0 3 2 1 0 3 1 1 0 1 3 0 1 0 0 2 0 1 1 1 2 0 0 0 0 1 0 0 2 0 0 1 0 0 1 1 0 3 1 0 0 0 0 1 3 1 0 0 0 3 0 2 3 0 0 1 0 0 1 0 1 0 0 2 0 0 0 1 1 1 2 0 0 0 1 0 1 1 0 1 1 1 0 1 1 0 1 0 0 0 0 2 1 0 0 2 0 1 0 0 0 1 0 0 0 1 1 2 0 2 0 0 0 1 1 1 1 1 0 0 2 0 1 0 1 0 0 2 0 0 0 1 1 1 2 3 3 2 1 1 23
CGG_T 25 14 7 8 11 3 2 0 3 2 3 4 3 1 2 1 3 2 2 4 2 1 3 2 0 1 1 2 3 2 2 1 1 1 1 0 1 0 0 0 0 1 3 2 1 0 1 1 1 0 2 0 1 1 0 0 1 1 0 1 0 0 0 0 0 1 0 0 1 0 1 1 0 0 0 0 1 2 1 1 1 0 1 1 0 1 0 1 0 1 1 1 2 0 0 0 1 0 0 0 2 0 1 0 0 1 0 0 0 0 0 0 1 1 2 0 1 0 0 2 1 2 0 0 1 1 0 0 0 0 0 0 1 0 1 0 1 0 0 0 0 0 0 0 0 0 1 0 0 0 0 0 0 0 0 3 0 0 1 0 1 0 1 1 0 1 1 0 1 0 0 1 1 1 0 1 0 0 0 1 0 1 0 4 2 21
CGT_A 777 371 195 154 101 71 82 55 55 49 51 43 37 37 36 32 34 31 35 28 13 31 27 27 24 21 22 32 11 21 23 16 36 18 16 17 21 14 19 14 22 15 17 16 10 13 14 17 18 18 13 15 16 15 11 12 10 12 8 10 9 8 12 11 12 15 11 12 8 13 15 14 16 3 14 4 9 12 7 15 10 8 8 5 6 11 9 14 12 9 10 15 11 16 9 8 10 6 9 12 7 7 4 11 9 5 13 16 9 14 12 3 10 7 13 12 5 11 7 14 8 5 12 1 4 6 5 7 1 7 5 6 6 6 8 8 4 5 4 2 3 6 11 8 6 3 4 3 6 11 9 11 9 7 4 10 10 7 8 6 6 7 7 7 9 8 7 2 6 9 10 6 8 12 8 4 7 8 13 9 12 21 14 28 27 363
CGT_C 27 23 8 5 2 4 1 3 5 2 4 4 3 0 2 1 1 1 1 1 0 1 1 2 0 1 1 0 1 1 2 1 2 4 0 1 0 1 1 2 0 0 2 0 0 0 0 2 0 1 1 0 0 0 0 0 0 1 0 1 1 1 1 0 1 1 0 0 1 1 0 1 0 0 1 3 0 0 1 1 0 0 0 0 1 1 0 0 0 0 0 0 0 2 1 1 0 0 0 0 0 0 0 1 1 0 0 1 1 0 0 0 0 0 0 1 1 0 0 0 0 1 4 0 0 1 0 2 1 0 0 1 0 0 0 1 0 0 0 0 1 0 1 1 0 0 0 0 0 0 0 1 0 0 1 0 2 0 0 0 0 0 0 0 2 1 2 0 1 0 0 0 0 0 1 1 0 2 2 0 1 0 2 0 1 33
CGT_T 15 14 10 8 2 3 6 6 1 2 1 2 2 3 1 2 0 1 0 1 1 0 3 1 0 2 1 2 2 2 1 1 2 0 0 1 2 2 0 0 1 2 2 0 0 3 1 0 2 0 0 0 1 0 0 0 4 1 0 0 2 0 0 1 1 1 0 0 1 0 0 0 1 1 0 0 0 3 1 1 1 0 1 0 3 1 0 2 1 1 0 2 0 1 0 2 1 0 0 1 0 1 0 0 0 0 2 0 0 1 0 0 1 0 3 2 0 0 1 1 1 0 0 1 0 0 0 1 0 1 0 0 1 0 0 1 2 0 0 0 0 0 0 0 0 0 0 0 2 1 1 0 0 0 0 1 0 0 1 0 0 0 0 0 0 0 1 0 1 0 0 0 0 2 0 0 0 0 1 0 1 0 1 0 0 19
CTA_A 17 11 4 0 2 0 2 2 2 1 1 0 2 0 3 0 1 0 0 3 0 0 1 0 0 0 0 0 0 0 0 0 0 1 1 1 1 0 0 0 0 0 1 1 0 0 1 0 0 0 1 1 0 0 0 1 1 1 0 0 0 0 0 0 0 0 0 0 0 1 2 0 0 0 0 0 0 0 1 0 0 1 0 0 0 0 0 2 1 0 0 0 1 0 0 0 1 0 0 0 0 0 1 1 1 0 0 0 1 0 0 0 0 0 1 0 0 0 0 0 0 1 1 0 1 0 0 0 0 0 0 0 0 0 0 0 0 0 0 0 0 1 1 1 0 0 0 0 0 1 0 1 0 0 0 0 0 0 0 0 0 0 0 0 0 0 1 1 0 1 0 0 0 1 0 0 0 0 0 0 0 0 0 2 1 12
CTA_C 90 43 36 16 16 11 9 6 6 7 8 8 9 8 9 6 5 6 10 3 4 2 4 0 5 2 4 8 4 6 5 3 2 4 0 3 1 6 2 3 6 3 2 3 4 1 1 0 3 3 1 5 5 3 2 3 1 3 0 4 1 2 1 1 5 1 0 1 3 3 0 0 1 2 4 2 1 6 1 3 1 3 3 4 3 2 1 3 2 1 2 1 1 4 0 2 2 3 1 2 3 0 2 2 0 1 4 2 1 1 4 2 2 0 0 3 1 0 1 1 0 2 1 0 1 2 1 0 3 3 1 0 2 1 1 1 0 2 1 0 0 1 2 2 2 1 3 1 2 1 1 3 4 0 1 1 2 0 0 0 1 2 2 0 2 1 2 1 3 0 0 1 1 1 4 2 2 1 3 3 2 6 5 4 3 88
CTA_G 17 8 9 8 5 3 0 2 1 2 2 0 0 1 0 0 2 0 1 1 0 0 2 0 1 2 0 0 1 1 1 1 1 0 1 0 1 0 1 1 0 1 1 1 0 0 0 0 0 3 0 0 1 0 1 0 0 0 0 1 0 0 0 1 0 0 1 0 0 0 1 0 0 3 0 0 1 0 0 1 0 1 0 0 0 1 0 1 1 0 0 1 0 1 0 0 1 1 0 0 1 1 2 1 0 0 0 1 0 0 2 0 1 1 0 1 0 1 0 0 0 0 0 0 1 0 2 0 0 0 0 2 1 0 2 0 0 0 0 1 0 0 1 1 0 0 2 0 1 0 0 0 0 0 0 0 0 0 0 0 0 0 0 1 0 1 0 0 0 0 0 0 0 0 0 0 0 0 1 0 0 1 0 1 3 15
CTC_A 29 22 12 5 3 5 1 2 4 2 4 4 3 0 2 4 2 2 1 3 1 1 0 0 2 1 0 0 3 2 1 0 0 0 1 1 0 1 1 0 0 1 1 1 1 3 2 0 2 1 1 2 1 2 0 0 0 0 0 2 0 0 0 1 0 2 0 1 0 0 0 2 0 0 2 1 0 2 1 1 1 1 0 0 1 1 1 2 0 0 0 0 0 0 0 1 0 1 0 0 1 1 0 2 0 0 1 0 0 0 1 0 1 0 0 0 0 0 1 1 0 0 1 0 1 0 0 1 1 1 0 0 0 1 0 1 0 0 0 0 1 0 3 0 0 0 0 0 1 2 1 1 0 1 0 0 1 0 1 2 1 2 1 0 0 2 0 1 3 0 0 1 0 1 1 0 0 0 3 0 1 0 0 2 1 15
CTC_C 98 52 38 26 15 13 13 9 6 13 10 6 9 8 4 6 6 4 5 3 1 2 5 6 2 4 5 1 0 6 3 3 2 1 3 9 2 2 1 4 4 3 0 5 3 1 0 2 2 2 3 2 1 3 2 2 3 1 3 2 0 1 1 1 2 2 4 1 9 2 2 2 3 2 4 1 4 1 3 2 4 3 1 2 2 1 1 2 2 3 3 1 2 1 0 1 0 3 3 1 1 0 2 3 4 2 0 4 0 3 1 3 2 5 4 0 2 1 1 2 2 1 0 4 2 2 2 2 1 3 2 4 2 0 1 1 3 2 1 3 3 1 2 0 2 1 1 2 3 0 2 1 2 3 0 1 4 2 0 2 0 0 6 1 0 1 2 3 3 0 2 4 2 2 3 3 5 2 1 2 2 6 3 4 9 102
CTC_G 32 26 22 14 7 6 7 8 7 4 4 3 3 3 0 4 0 1 2 1 1 3 1 2 0 2 3 1 2 1 2 1 1 2 2 1 2 1 0 3 2 2 1 1 0 2 0 2 4 1 1 0 0 1 1 1 0 2 0 1 0 2 1 1 2 2 0 0 0 1 0 1 2 0 1 2 0 1 1 1 0 0 2 1 1 0 0 1 1 0 0 0 0 0 1 0 0 3 0 0 1 0 3 0 1 0 0 0 0 3 1 0 2 1 1 2 1 0 0 3 1 0 1 0 0 1 0 0 0 0 2 0 0 1 0 0 0 1 0 0 0 0 1 1 0 0 2 1 0 1 1 0 1 1 0 0 2 0 1 0 2 0 2 1 2 0 0 1 1 1 0 0 0 2 0 0 1 0 1 0 2 1 1 2 3 26
CTG_A 42 26 16 11 9 5 3 5 4 2 4 4 3 5 2 4 1 0 1 0 1 0 4 0 1 1 1 3 1 1 0 2 1 1 1 0 2 1 3 1 2 1 1 1 0 0 3 1 0 1 0 2 0 0 0 0 0 1 1 2 0 1 0 2 1 0 3 2 1 1 1 2 0 0 2 0 2 0 2 0 1 2 0 1 1 1 0 0 0 1 0 0 1 0 2 0 1 1 1 0 0 1 0 1 1 1 0 0 1 0 0 0 0 1 0 1 2 2 1 2 0 0 1 0 2 0 1 0 0 0 1 2 0 1 0 0 1 0 0 1 1 0 1 0 0 2 0 0 0 1 0 0 0 0 1 0 0 2 0 0 0 2 0 4 0 1 0 0 0 0 2 0 1 3 0 0 0 0 0 0 2 0 1 2 1 26
CTG_C 199 145 73 35 40 36 31 19 26 13 17 16 17 11 11 19 8 22 14 10 8 7 18 12 5 8 9 10 7 13 9 12 13 10 5 7 3 10 7 16 13 5 12 11 6 10 3 8 13 8 5 5 7 7 7 10 2 2 6 9 3 7 2 6 7 5 7 3 7 5 9 5 6 8 6 6 3 9 4 5 5 6 2 6 6 5 5 6 5 11 8 7 9 2 17 8 4 8 5 7 5 6 5 7 5 10 6 6 3 9 4 5 6 5 9 3 4 4 4 6 9 3 6 2 5 9 3 6 2 5 5 6 5 4 7 8 3 8 5 5 6 6 4 8 5 7 6 5 5 6 7 8 7 9 4 7 6 7 9 6 5 2 13 7 4 11 5 5 8 8 7 3 7 11 8 9 14 10 9 13 17 20 22 38 73 1329
CTG_G 52 44 17 17 10 7 7 9 7 2 5 8 4 4 2 4 2 6 1 7 1 2 2 2 3 1 2 0 4 2 3 1 2 3 2 3 3 0 1 3 2 2 3 3 2 0 0 1 1 1 1 2 3 0 1 1 3 0 2 0 1 2 3 1 1 0 1 0 1 2 0 0 0 3 2 2 2 1 0 2 2 0 1 4 0 1 1 0 3 1 1 0 0 2 0 1 2 0 2 0 0 1 1 1 0 3 1 0 1 1 0 3 1 0 1 0 1 1 0 0 0 1 2 0 1 1 2 0 2 2 3 1 0 0 0 0 2 0 1 0 0 1 2 1 0 1 0 1 0 1 1 1 3 1 0 2 0 1 1 1 1 0 1 0 0 0 0 1 1 0 0 2 1 1 1 0 1 0 2 1 0 2 3 1 2 30
CTT_A 21 14 8 9 3 2 1 1 5 3 3 2 4 1 0 2 0 0 1 0 4 1 1 3 2 0 1 2 0 0 1 1 0 1 1 0 1 1 1 0 0 1 0 1 0 1 1 0 0 3 0 2 0 2 0 0 0 0 1 1 0 0 1 0 1 2 0 1 2 1 0 0 3 0 1 0 2 1 2 2 0 0 0 0 0 0 0 0 0 0 0 0 1 1 0 0 0 0 0 0 0 0 0 0 1 0 0 0 1 0 0 0 1 0 0 0 1 0 0 0 1 0 0 1 0 2 0 0 1 1 0 0 1 0 0 0 1 0 0 1 1 1 0 0 0 2 0 0 1 1 0 2 0 1 2 1 0 0 0 0 1 1 0 0 0 1 0 0 0 0 1 1 1 0 1 0 0 0 0 0 0 0 0 1 3 12
CTT_C 92 67 43 24 25 10 8 11 8 8 9 14 5 11 8 4 11 6 5 8 7 5 5 6 7 6 3 6 5 3 5 3 10 8 1 9 4 4 5 4 3 3 1 6 6 2 3 2 2 2 5 0 1 2 5 3 4 4 2 4 4 0 0 4 4 3 1 2 2 3 4 0 2 3 0 4 2 2 3 1 7 2 4 2 5 2 0 1 2 6 2 4 0 3 2 3 3 5 3 2 3 2 4 1 4 2 0 4 2 3 2 3 0 0 1 4 1 2 3 2 2 2 1 5 0 3 1 2 3 0 3 3 0 1 0 4 1 1 1 3 1 1 2 3 1 2 0 1 1 0 1 0 2 1 3 1 3 2 3 1 2 1 6 2 1 1 1 3 1 1 1 2 1 4 1 0 4 3 2 1 2 2 0 4 7 106
CTT_G 31 27 9 7 7 7 5 5 4 7 9 4 3 2 1 2 6 1 1 4 0 1 1 1 5 1 3 1 0 5 0 2 2 0 1 0 4 2 2 1 2 2 2 1 1 2 0 1 1 1 0 1 1 1 1 0 0 1 0 0 2 0 1 0 0 1 0 2 1 0 1 4 0 1 1 0 1 1 1 0 2 0 0 0 2 1 0 0 0 0 2 1 2 0 0 0 0 0 1 0 0 0 0 1 0 0 2 0 1 1 1 1 2 1 2 0 0 1 0 4 1 0 2 0 0 0 0 0 0 2 2 0 1 1 1 1 0 0 0 0 1 1 0 0 0 1 0 0 0 1 0 0 0 2 1 0 0 1 0 0 0 0 1 0 0 0 0 0 0 2 1 0 1 1 5 0 3 1 2 2 0 1 0 1 1 18
GAA_C 33 20 8 11 7 4 4 1 2 3 1 4 1 0 2 2 6 3 0 0 0 1 4 2 3 3 1 4 1 1 1 1 2 3 1 0 1 2 2 1 0 0 3 2 0 0 0 2 1 0 0 2 2 3 2 2 1 3 1 2 0 2 0 1 0 0 2 0 0 0 0 0 0 1 1 2 1 0 0 1 0 2 0 2 1 0 1 0 0 0 2 0 0 2 2 1 1 2 0 4 1 1 0 0 2 0 0 2 1 0 0 0 2 0 0 1 0 1 0 1 1 0 1 0 0 0 0 0 1 0 0 1 1 0 1 0 0 0 0 0 1 0 1 1 1 1 0 0 0 3 1 0 1 0 0 1 1 1 1 2 1 0 0 1 1 1 0 1 1 0 1 1 1 1 1 0 0 0 0 1 1 2 0 2 2 27
GAA_G 75 48 26 20 14 4 10 5 3 3 10 7 6 7 5 4 4 4 5 4 6 3 6 5 4 1 3 8 1 3 5 4 3 4 2 4 1 1 3 0 3 5 6 1 0 0 2 4 0 5 1 0 1 1 2 0 3 3 2 3 1 1 5 0 1 1 1 2 2 1 2 0 1 3 1 0 3 2 7 5 3 3 2 2 2 3 0 2 1 2 1 2 4 3 2 1 1 1 2 0 2 1 2 1 1 0 2 3 0 1 2 1 1 2 2 3 1 1 1 6 2 1 2 4 1 3 3 2 0 2 2 2 3 0 1 1 0 3 0 3 1 1 1 0 4 2 1 2 1 1 2 1 1 2 2 0 1 1 1 2 2 3 4 0 1 2 1 2 2 2 3 3 1 4 8 0 0 1 2 0 0 2 2 1 1 74
GAA_T 11 20 13 4 2 2 3 1 4 2 3 0 2 3 0 1 4 1 2 1 0 1 2 1 0 0 2 0 0 1 0 1 1 1 3 0 0 0 0 1 0 0 1 1 0 0 0 2 0 1 0 1 2 0 0 0 0 0 0 0 0 0 0 0 0 1 0 0 0 0 1 0 0 0 0 0 0 0 1 0 0 1 0 0 0 2 2 1 1 0 1 0 0 1 1 0 0 1 1 0 0 1 0 0 1 0 0 1 0 1 0 1 0 0 0 0 0 0 0 1 0 0 0 0 1 0 0 0 1 0 0 0 0 0 1 0 0 0 0 0 0 0 0 0 0 2 1 0 0 0 0 1 0 1 0 1 1 1 1 0 0 0 0 2 1 1 0 2 0 0 0 0 0 0 1 1 0 0 0 0 0 2 0 0 1 9
GAC_C 26 10 5 4 4 2 0 2 2 3 1 1 1 0 0 0 1 1 2 0 0 2 1 1 0 2 0 1 0 1 2 2 0 0 0 1 0 0 0 0 1 0 0 0 0 0 0 0 2 2 1 0 0 0 2 0 0 1 0 0 1 1 0 1 0 2 0 0 0 1 0 0 0 2 0 0 0 0 1 0 1 0 1 0 0 1 0 0 0 0 0 0 0 0 0 0 1 1 2 0 0 0 0 0 0 0 0 0 0 1 0 0 0 1 0 0 0 0 0 0 0 1 0 0 0 0 1 0 0 0 0 0 0 0 0 0 1 1 0 1 0 0 0 0 1 0 1 1 1 0 0 0 2 0 0 0 0 1 0 0 0 0 0 0 0 0 1 0 0 0 1 1 0 0 0 0 2 0 0 0 0 0 0 0 1 17
GAC_G 64 42 19 16 7 12 10 8 5 6 10 7 5 7 3 4 3 1 6 3 4 2 5 5 1 2 2 2 2 1 4 6 3 2 1 5 2 3 2 5 5 4 3 0 4 3 0 0 3 1 2 3 1 1 1 3 2 2 1 1 2 0 4 1 0 2 4 1 2 4 3 2 1 2 2 2 2 0 0 0 5 2 2 2 1 2 1 0 2 0 3 1 4 1 1 2 0 1 1 0 0 1 0 1 1 1 1 1 1 3 3 0 1 1 1 3 1 0 0 4 0 1 2 3 0 1 2 0 1 1 1 1 1 1 2 1 3 2 0 3 0 1 2 1 0 1 1 3 1 1 2 3 1 2 1 1 2 3 2 2 1 2 1 4 0 0 2 3 0 1 1 1 1 2 2 1 3 1 0 0 1 3 6 3 7 80
GAC_T 29 13 9 11 4 3 3 3 2 2 4 1 2 2 0 5 1 1 3 1 1 1 0 1 2 2 2 2 1 0 2 2 0 1 0 0 0 1 1 1 0 0 0 1 0 0 0 1 1 0 1 0 0 1 1 1 2 2 0 0 0 1 0 0 3 3 1 0 0 0 1 1 0 3 0 0 0 0 0 0 2 1 0 1 2 0 0 0 0 0 0 0 0 1 0 0 0 0 0 1 0 0 0 0 0 1 1 1 0 1 0 1 1 0 0 0 0 0 0 1 0 0 0 0 1 0 1 0 0 0 0 1 0 0 0 1 0 0 0 0 0 0 0 0 0 0 0 2 0 0 1 1 0 0 0 0 1 1 0 0 0 0 0 1 0 0 0 0 0 0 1 0 0 0 0 1 0 1 0 2 1 1 1 2 2 7
GAG_C 39 32 9 10 3 4 7 3 4 5 3 2 4 2 3 3 0 3 5 5 0 3 3 0 3 2 2 2 2 1 1 0 3 4 1 1 2 3 1 2 3 1 2 4 0 0 0 1 0 1 1 1 2 1 0 1 1 0 0 2 0 0 1 0 2 2 1 0 2 3 0 2 0 0 0 0 1 1 0 0 1 0 1 1 0 2 0 2 1 0 3 1 0 0 1 1 1 1 0 0 2 0 1 0 1 1 0 0 0 0 2 2 4 0 0 0 0 1 0 0 1 0 0 0 0 0 0 2 1 0 0 2 2 1 0 0 1 0 0 2 0 1 0 1 2 0 1 0 1 0 0 1 2 0 0 0 1 0 1 0 0 1 1 0 0 2 1 1 0 1 1 0 0 0 0 0 0 1 1 0 2 2 0 2 3 28
GAG_G 100 57 33 20 16 12 9 12 7 7 5 10 8 7 3 5 8 6 4 2 3 1 7 1 4 6 4 2 2 2 5 5 5 4 4 4 1 5 3 3 4 2 3 4 3 6 3 2 3 2 2 2 3 2 2 3 3 2 5 0 4 2 0 4 3 1 1 2 0 4 4 3 3 4 2 3 0 3 3 1 8 2 3 4 3 3 2 5 3 2 2 4 2 1 2 1 4 4 2 1 3 5 0 4 1 5 4 3 2 0 3 3 4 3 4 3 0 3 0 1 3 3 1 2 1 0 1 0 0 1 0 2 2 2 4 2 2 0 1 3 1 2 2 2 2 1 3 2 2 5 0 2 3 0 3 3 2 3 0 0 3 0 0 0 1 2 2 2 2 0 4 1 1 4 2 1 2 3 1 4 2 3 5 7 10 104
GAG_T 35 23 5 12 7 4 3 3 3 2 4 2 2 1 2 7 2 1 1 1 3 3 2 0 0 1 0 2 1 1 2 0 1 2 3 2 1 1 0 0 0 1 1 1 2 3 1 0 0 2 1 0 0 0 0 2 1 0 1 0 0 0 3 0 1 0 0 1 0 0 0 0 0 1 1 1 1 0 0 0 0 0 0 0 0 0 0 1 0 0 1 1 0 1 1 2 0 1 2 1 1 0 0 1 1 0 0 0 0 0 0 0 1 1 0 1 2 0 1 1 0 1 0 0 0 1 0 0 1 1 0 1 0 1 0 1 1 0 0 1 0 0 0 0 0 0 0 2 1 3 0 1 0 0 0 0 0 0 0 0 0 1 2 0 0 0 0 2 0 0 1 0 0 3 0 0 0 1 0 0 0 1 0 2 0 18
GAT_C 22 7 3 2 4 3 2 2 1 2 1 2 0 1 2 0 1 0 0 1 1 0 0 0 1 1 1 0 1 0 1 0 2 0 0 2 2 1 0 1 0 0 0 1 0 2 0 1 0 0 0 0 1 0 0 0 0 1 0 1 1 0 0 0 0 1 0 0 1 0 0 0 0 0 0 1 0 1 1 0 0 0 0 0 0 1 0 0 0 0 1 0 2 1 0 0 0 0 1 0 1 0 1 1 0 0 0 0 1 0 0 1 2 1 0 0 1 0 1 0 0 0 0 0 0 1 0 1 0 0 0 0 1 1 0 0 0 0 0 1 2 0 0 0 2 0 0 0 2 0 0 0 0 1 0 0 0 0 0 0 0 0 0 1 1 0 0 0 0 0 0 0 0 0 0 0 0 0 0 0 0 1 1 2 0 9
GAT_G 108 58 24 25 8 6 13 14 8 5 5 11 9 12 3 5 10 7 5 2 2 4 5 4 2 4 4 5 4 2 2 5 1 3 2 4 6 2 5 5 1 1 3 4 3 5 3 0 3 1 3 2 2 2 1 5 3 1 2 3 2 2 0 2 2 2 4 0 2 3 0 3 3 4 2 1 3 3 1 2 2 4 3 3 5 1 1 2 1 4 1 3 2 3 2 1 3 2 0 1 0 0 1 3 0 0 0 2 0 2 0 1 1 1 1 1 3 0 0 1 2 2 2 2 0 2 0 2 1 2 2 0 2 0 1 2 0 1 1 6 0 1 2 1 2 2 2 2 1 2 1 5 1 3 2 2 0 0 1 1 3 1 2 2 0 0 1 1 0 2 4 3 2 1 3 2 3 4 2 2 3 1 1 5 11 84
GAT_T 46 28 17 7 6 4 6 9 5 5 4 6 4 4 0 2 1 3 0 0 1 1 0 0 2 0 2 2 2 4 1 0 1 1 1 1 0 1 2 0 0 2 3 0 1 1 1 0 1 3 1 0 1 0 0 1 0 1 1 0 0 1 2 0 1 3 0 0 2 1 1 2 1 0 0 0 0 1 0 0 0 2 1 0 0 0 0 2 2 0 1 0 0 0 1 2 0 0 0 0 1 1 1 1 1 1 2 1 1 0 0 2 2 1 1 2 0 1 0 0 0 0 0 1 0 2 0 0 1 0 1 0 0 0 1 2 0 0 1 0 0 0 0 0 2 3 0 0 0 1 2 0 1 1 0 1 0 0 0 2 0 0 1 2 0 1 0 0 1 0 0 1 0 4 0 0 0 0 0 2 0 1 0 3 0 26
GCA_A 75 51 17 17 9 7 10 3 6 1 7 2 4 4 3 6 3 3 2 6 1 7 1 1 1 6 0 7 2 0 1 1 3 1 4 2 3 1 1 2 3 5 3 1 2 3 2 0 0 3 1 1 0 1 1 3 1 1 1 3 1 0 2 2 1 1 1 3 0 1 1 1 1 1 3 0 2 0 0 2 3 1 3 0 2 1 3 2 2 0 2 1 0 0 3 1 1 1 1 2 0 1 2 0 1 2 1 1 0 1 1 0 1 0 0 1 1 1 2 0 0 1 1 2 0 0 0 0 0 0 1 0 3 1 1 0 0 0 1 0 0 0 0 0 1 0 0 2 1 3 0 3 1 0 0 2 0 0 1 0 0 1 1 0 0 2 2 1 0 0 1 2 0 3 0 0 0 2 1 2 1 3 0 5 6 32
GCA_G 37 21 14 11 3 3 5 4 3 4 5 3 3 2 4 1 4 5 2 2 2 4 0 2 2 5 1 2 1 1 2 0 0 0 1 3 1 1 2 0 0 2 2 0 0 0 1 0 0 1 0 1 1 1 3 0 2 2 1 2 2 0 1 2 1 0 0 1 0 0 1 1 3 0 1 0 0 0 1 1 0 0 1 0 1 1 1 0 0 0 0 0 1 1 1 2 3 2 0 3 0 0 0 0 0 1 0 1 0 0 0 0 1 0 3 0 1 0 0 0 0 1 0 0 0 0 0 0 2 0 2 1 1 1 1 0 0 1 0 0 0 0 1 0 2 0 1 1 0 0 0 1 1 1 0 0 0 1 1 0 1 0 1 0 0 2 0 0 0 0 1 1 0 1 0 0 0 0 0 1 0 3 0 4 1 19
GCA_T 152 116 69 40 18 28 23 19 15 12 13 18 13 7 12 4 12 8 9 9 5 8 12 10 4 3 6 7 4 6 8 6 6 11 2 6 6 7 10 10 6 5 6 5 4 8 7 5 3 5 4 2 2 3 8 2 2 2 4 3 8 1 2 2 5 2 4 4 0 4 5 5 1 1 5 2 5 2 4 5 3 6 5 2 3 5 6 3 0 2 3 4 3 5 1 2 3 5 2 2 2 2 4 2 2 2 6 2 4 3 3 2 1 1 5 2 4 1 1 1 0 1 2 1 0 1 3 0 0 2 3 5 2 1 2 0 3 1 5 1 1 0 0 0 1 2 2 0 4 5 4 3 2 4 2 1 2 3 2 2 3 2 2 1 2 4 4 1 0 2 3 2 3 5 6 1 2 0 1 2 3 5 4 5 6 86
GCC_A 91 46 29 10 13 16 15 4 8 8 9 8 7 1 5 6 3 6 5 7 1 6 2 1 1 2 2 2 1 6 4 1 2 1 3 4 3 3 1 5 1 2 1 3 2 4 3 0 4 3 2 2 1 5 2 3 1 1 2 2 2 0 1 3 1 0 2 1 2 2 1 0 3 0 2 1 4 2 2 0 3 2 2 1 3 1 1 2 2 0 0 1 0 4 0 0 2 0 2 0 0 1 0 0 2 1 1 1 2 1 0 1 0 2 0 3 0 1 1 0 1 1 0 0 1 1 1 1 0 0 0 2 1 2 0 2 0 0 1 1 1 0 1 0 0 0 0 0 0 3 1 0 1 1 0 1 2 3 0 2 1 1 2 1 3 2 3 0 0 0 2 1 2 0 0 0 3 1 2 0 3 2 2 2 2 33
GCC_G 52 34 26 15 12 10 6 4 3 4 8 3 6 3 4 5 1 1 2 4 1 2 3 0 0 0 0 3 1 3 2 0 3 1 3 1 1 4 2 5 2 0 1 1 2 2 2 0 0 1 2 0 0 1 2 1 3 0 1 3 3 1 2 2 0 2 0 1 1 2 1 2 1 2 1 1 2 0 1 2 1 1 1 0 0 0 0 1 1 2 1 0 1 0 2 1 0 3 1 0 1 0 0 1 0 2 0 0 1 2 0 0 1 0 2 2 1 1 0 0 3 2 0 0 0 0 2 1 5 1 0 2 1 0 0 0 1 0 1 1 1 1 3 0 0 0 0 2 0 2 0 3 2 0 0 1 0 0 2 0 0 0 0 2 2 0 0 2 1 0 1 0 0 0 0 1 1 0 1 1 1 1 0 1 4 16
GCC_T 230 147 73 43 38 27 23 20 19 22 14 16 13 15 17 9 14 15 13 7 15 7 13 12 10 7 8 11 5 9 10 4 4 6 6 6 5 8 6 6 10 1 5 5 3 7 5 6 5 2 3 6 2 8 7 7 8 2 6 5 3 8 6 3 4 4 2 0 6 8 9 2 2 4 3 3 6 6 2 2 9 1 3 0 1 4 4 4 6 4 5 2 2 3 7 3 4 1 0 1 0 5 2 3 2 4 4 1 3 6 2 4 3 6 6 6 1 5 3 1 5 4 1 3 1 2 1 1 5 2 1 2 2 1 3 2 4 1 2 2 3 1 2 4 4 4 2 5 1 5 1 3 5 6 5 1 4 3 2 3 2 2 4 3 0 2 4 6 2 3 1 4 6 5 2 1 2 2 4 2 7 9 9 10 5 106
GCG_A 55 24 15 7 6 7 6 4 5 4 4 9 3 2 2 3 4 5 4 2 2 4 4 1 1 0 1 2 1 1 1 0 0 1 2 0 1 0 1 3 2 0 1 2 1 0 2 1 2 0 0 1 0 2 2 2 1 1 2 0 1 0 1 1 1 0 1 0 0 0 1 2 1 2 0 2 1 0 0 0 1 0 1 1 1 2 1 0 2 0 1 1 0 1 1 0 1 0 4 0 0 1 1 1 1 0 2 1 1 0 0 0 0 2 2 0 0 0 0 0 0 0 0 0 0 1 0 1 0 0 0 1 2 0 0 0 1 0 1 2 0 0 0 2 0 0 1 0 0 1 0 1 1 0 0 0 0 1 0 1 0 0 0 0 0 1 0 0 1 2 2 0 1 0 0 0 0 1 1 1 1 2 0 3 2 27
GCG_G 26 17 6 4 5 1 3 3 3 2 2 0 3 3 3 1 0 0 1 2 1 0 1 1 3 2 1 0 1 2 0 1 1 2 1 0 0 0 0 1 3 0 0 0 1 1 0 0 1 1 0 1 1 0 2 0 2 0 0 0 1 1 0 1 0 1 0 0 0 1 1 0 2 1 1 1 0 0 0 1 0 0 0 1 0 0 0 1 1 0 0 0 0 1 0 1 0 1 1 1 0 0 2 0 1 1 1 0 1 1 1 1 0 0 0 2 0 1 1 2 1 1 0 2 0 2 0 0 0 1 0 0 0 0 0 0 0 0 0 1 0 0 0 0 0 1 1 0 1 0 1 0 0 0 0 0 0 1 1 1 0 0 1 0 0 1 1 1 0 0 1 1 0 0 0 0 1 0 0 0 0 3 3 0 2 16
GCG_T 751 367 187 131 100 69 58 44 49 47 48 43 35 28 34 24 37 26 38 35 28 20 27 22 23 26 11 24 21 15 17 15 28 21 32 25 16 22 11 7 13 12 17 10 6 14 17 14 11 15 5 9 13 7 13 15 6 13 11 10 7 5 15 13 8 13 9 9 8 13 11 10 8 5 7 15 12 9 13 10 13 8 14 8 10 14 9 9 9 14 6 12 13 12 9 9 9 8 5 10 5 9 8 12 11 10 6 6 11 9 11 10 12 7 11 8 4 9 7 9 6 13 11 5 7 5 3 5 4 7 5 7 4 5 6 8 5 4 8 7 5 10 6 4 5 7 7 6 8 10 7 12 9 16 7 13 10 12 4 6 9 4 14 3 6 9 6 7 6 10 11 7 7 12 7 10 16 9 7 13 7 12 6 21 16 267
GCT_A 38 25 16 18 4 3 8 6 5 2 2 3 6 4 3 3 2 3 5 2 1 4 3 0 1 3 3 2 2 1 1 4 2 2 2 0 3 2 2 1 1 1 3 1 0 1 0 1 0 1 0 0 0 3 2 0 2 1 1 0 1 1 2 0 0 0 0 0 1 3 0 1 1 3 0 3 1 0 0 0 1 1 2 1 1 2 0 1 1 1 1 0 0 1 0 1 0 0 0 0 2 2 1 1 0 1 0 0 0 0 0 1 0 1 0 0 2 0 0 0 0 0 0 1 1 0 0 0 0 0 0 0 2 1 0 0 1 0 1 0 0 1 0 0 0 0 1 0 0 0 2 0 1 0 1 0 1 0 2 0 0 1 0 0 0 0 0 0 0 1 2 0 0 2 0 0 1 0 0 1 2 0 0 1 1 18
GCT_G 59 38 14 15 10 6 9 4 4 2 9 6 2 5 4 4 3 2 1 2 2 2 0 3 6 1 0 0 1 2 3 4 2 3 2 3 1 1 1 0 2 0 4 1 3 0 2 3 1 1 1 1 3 2 2 4 1 0 2 1 1 2 2 3 3 2 2 2 5 1 0 0 2 0 0 2 0 0 1 3 3 0 0 2 0 0 0 0 1 0 0 2 0 4 0 0 2 2 1 0 0 0 0 2 0 0 0 0 0 1 0 0 0 0 0 3 0 0 0 0 0 1 0 1 0 2 1 0 0 2 0 0 0 0 0 0 0 1 1 1 1 0 0 0 2 1 1 0 0 0 2 0 3 2 0 0 1 1 0 1 2 1 1 0 0 0 1 1 0 1 1 1 1 1 3 0 1 0 0 0 0 1 1 4 4 37
GCT_T 182 125 40 43 23 25 24 15 13 18 13 17 11 7 11 9 8 8 4 7 9 8 11 5 11 9 9 6 8 5 6 3 7 9 4 9 3 7 8 10 4 10 6 5 2 5 5 4 6 6 8 3 4 3 4 9 2 1 5 3 0 7 6 7 5 3 3 3 3 2 3 0 3 5 9 1 0 0 4 1 2 2 4 2 5 6 4 5 0 2 2 1 2 3 6 4 7 1 3 1 3 3 1 5 3 2 4 5 2 1 5 0 1 1 1 4 2 2 0 1 6 1 2 0 4 1 1 0 1 5 0 3 2 2 2 2 1 3 3 2 1 2 2 0 3 2 3 0 3 1 3 2 4 2 2 2 4 6 1 2 2 1 4 4 1 2 1 2 2 4 1 2 4 0 2 2 2 2 2 1 4 5 9 6 10 103
GGA_A 227 115 56 43 27 25 13 13 18 16 24 17 11 7 14 13 18 12 7 5 9 3 13 8 9 8 8 8 14 10 5 7 9 11 4 9 2 8 10 5 4 5 3 2 10 3 3 3 3 7 2 1 3 5 12 9 3 3 8 3 6 1 2 4 7 6 4 3 5 4 5 3 1 7 5 1 3 4 3 1 7 3 4 3 3 2 2 5 4 4 0 5 4 1 4 1 1 1 5 7 3 1 2 2 1 1 5 4 3 1 2 3 7 0 1 3 2 4 1 3 5 2 1 3 2 6 1 1 2 1 3 1 4 3 4 5 0 1 5 1 2 4 1 3 3 3 3 1 1 5 3 3 2 7 4 2 3 4 2 4 2 1 2 1 0 1 3 1 1 2 5 1 3 2 3 1 3 1 3 0 3 7 1 7 11 95
GGA_C 58 38 29 21 11 11 10 3 5 8 6 5 8 5 2 3 3 4 4 2 3 3 7 3 4 4 2 3 3 3 1 3 5 2 1 4 3 1 3 0 1 4 2 1 1 3 2 0 2 3 2 1 2 0 3 2 1 1 0 3 0 3 2 4 1 1 2 0 3 0 2 3 2 1 0 1 0 2 0 2 1 2 2 0 1 1 0 1 1 0 3 0 2 2 0 0 1 0 1 2 0 1 0 2 1 1 4 1 1 3 1 1 2 0 3 2 0 2 0 0 1 2 1 0 0 0 0 4 0 0 2 2 2 2 0 0 2 1 1 1 2 1 2 0 2 0 1 1 1 3 0 2 2 4 1 1 3 3 0 0 0 1 6 2 0 1 1 2 0 0 1 2 1 0 1 0 0 3 1 0 0 0 2 3 4 24
GGA_T 61 48 25 13 7 9 8 3 8 3 5 5 2 3 2 3 4 3 2 1 4 1 3 0 0 2 2 3 1 4 1 3 4 5 3 1 0 1 1 1 3 2 4 0 1 3 2 2 0 3 2 1 1 4 1 1 1 1 1 1 2 0 0 1 2 1 1 2 1 0 3 1 1 1 2 2 1 1 0 0 0 2 2 1 1 0 0 0 2 0 0 0 2 0 0 1 1 0 0 2 1 1 0 1 0 0 0 1 1 1 1 2 1 0 1 1 1 2 1 0 1 2 2 1 0 2 1 0 4 1 4 0 1 0 0 1 0 1 0 0 0 2 2 1 0 1 2 1 1 1 1 2 1 0 1 1 0 1 1 0 1 0 1 1 0 1 0 0 0 0 1 0 0 2 2 0 1 0 1 0 0 1 3 1 3 32
GGC_A 233 159 62 55 24 25 25 21 20 16 14 17 19 12 14 11 19 8 5 3 7 6 13 7 5 9 10 10 8 8 4 13 8 10 6 13 8 11 7 7 4 9 2 6 9 6 3 4 7 5 8 0 3 2 4 3 4 1 5 4 1 4 4 9 5 4 4 3 4 7 3 4 4 4 10 7 5 3 1 5 7 5 3 3 3 0 2 2 3 1 4 4 8 2 2 3 2 7 1 6 4 4 3 2 5 4 2 5 2 3 9 3 7 3 5 5 4 2 2 1 2 3 0 5 1 3 1 4 3 0 3 2 1 4 0 2 1 3 5 2 2 3 4 4 2 5 1 5 4 4 3 4 3 4 2 3 1 3 2 6 2 5 5 3 3 2 2 3 3 6 5 3 1 5 3 0 8 3 1 5 1 7 7 10 6 101
GGC_C 66 44 18 14 10 7 4 4 4 8 2 4 6 2 2 5 3 1 4 3 3 3 1 1 1 3 3 1 0 4 3 1 0 4 4 3 2 2 0 3 3 2 1 4 1 0 1 2 1 2 1 2 2 1 2 1 2 2 1 1 0 2 1 1 0 2 1 4 2 1 0 3 1 0 4 0 0 1 2 1 2 0 1 0 0 2 3 1 1 2 1 2 1 1 1 2 1 1 2 0 0 1 0 1 3 1 1 0 1 1 0 0 3 2 1 0 0 0 1 1 0 1 1 1 0 1 1 2 3 2 1 0 0 0 1 0 0 0 0 1 0 0 1 0 1 0 2 2 0 1 1 0 5 1 0 0 1 0 0 0 2 0 2 0 1 1 0 2 1 1 1 1 1 4 2 0 4 1 1 0 2 1 3 1 6 31
GGC_T 91 62 30 24 13 8 6 11 10 3 2 0 4 4 5 3 3 8 9 2 2 2 6 5 2 2 2 2 3 1 3 2 1 3 2 8 1 2 6 1 4 1 3 3 1 1 1 3 1 3 2 1 2 3 1 2 1 0 2 2 0 3 3 2 0 1 2 2 2 1 4 1 0 2 3 0 1 1 3 1 1 2 0 2 1 1 3 2 2 4 3 2 1 0 3 3 1 1 0 1 4 1 1 1 0 0 4 0 1 2 1 2 2 1 1 1 0 3 1 0 0 2 0 0 0 0 0 0 1 1 2 2 2 1 0 2 2 0 0 0 2 0 1 2 1 1 0 1 0 0 1 0 3 1 1 0 1 1 0 1 1 1 0 1 3 1 0 0 0 2 1 0 1 2 1 1 2 2 0 1 1 2 0 7 3 24
GGG_A 247 160 73 61 36 39 32 20 24 25 30 23 20 26 16 14 19 15 17 14 11 7 7 9 15 15 5 11 9 10 6 8 8 14 5 3 11 13 6 12 5 8 9 8 6 6 7 6 5 12 6 5 3 8 4 9 1 3 3 2 4 4 5 4 3 6 3 10 3 7 7 7 3 4 12 5 1 6 6 3 4 2 6 6 4 6 2 3 5 4 3 2 6 4 8 5 7 6 0 3 7 6 4 3 4 4 2 5 7 3 3 2 6 4 3 6 3 4 2 6 1 6 7 3 1 1 1 1 3 7 2 1 2 4 6 3 4 1 3 4 3 3 1 1 7 6 2 2 4 5 2 0 3 3 3 3 3 5 1 3 1 2 5 6 2 2 1 4 4 1 3 3 6 3 3 4 5 3 3 2 6 7 4 6 14 125
GGG_C 80 71 36 24 13 9 9 3 6 7 7 8 8 4 2 3 4 8 10 7 3 3 3 2 5 3 2 4 3 4 3 5 5 6 3 0 1 0 5 3 5 1 1 1 2 4 4 2 3 4 1 2 2 0 4 3 1 1 2 1 0 1 1 4 3 1 3 4 1 2 4 1 4 1 2 0 0 1 3 0 2 1 4 3 0 1 0 2 2 1 2 1 0 1 2 0 1 0 0 2 1 3 3 0 2 1 1 1 1 1 3 2 3 0 1 3 0 1 0 0 0 1 1 0 2 2 1 1 0 0 0 0 0 2 1 2 0 2 0 3 2 0 1 1 4 0 1 3 1 2 1 0 4 0 2 0 1 0 3 1 1 2 2 1 0 4 2 1 0 3 2 2 0 2 1 1 1 2 0 3 1 2 6 2 2 49
GGG_T 100 59 26 17 15 10 8 12 12 6 4 6 12 5 8 3 8 5 7 3 4 7 1 5 5 3 4 5 1 1 5 2 7 3 3 1 3 1 2 0 4 1 2 2 7 1 3 2 1 1 3 0 2 5 3 2 1 1 0 3 1 1 3 2 0 3 4 0 5 1 2 0 2 1 5 2 2 3 2 0 0 2 1 2 1 0 1 3 1 3 0 0 1 1 2 2 0 1 1 2 1 1 0 2 1 2 0 2 0 3 0 2 0 2 2 0 2 2 0 1 2 1 0 1 2 2 2 1 1 1 1 1 0 0 3 3 1 1 0 1 1 0 1 1 1 0 1 0 0 0 0 0 1 1 3 1 0 0 1 0 0 0 2 1 0 0 1 0 0 1 1 1 1 0 3 1 0 0 2 0 2 3 2 5 1 35
GGT_A 194 121 65 55 35 23 27 10 15 10 17 24 15 10 8 14 9 7 10 11 6 11 8 7 7 8 9 11 5 7 8 7 6 9 14 8 5 7 7 2 10 9 6 5 7 9 5 8 2 9 3 4 4 2 7 5 3 6 1 4 0 2 3 4 4 2 4 8 5 6 8 2 4 3 3 1 4 5 4 1 4 1 4 7 3 3 5 3 2 3 1 5 3 3 1 4 2 1 5 2 5 4 1 5 2 4 5 1 2 5 4 1 7 2 3 5 0 1 3 3 1 5 3 3 2 2 1 3 0 1 0 0 2 3 1 2 6 2 2 5 1 2 3 1 3 2 3 2 3 4 1 4 4 2 0 5 2 3 3 4 3 3 3 7 2 3 2 3 2 1 4 1 4 2 6 5 3 1 3 2 4 10 1 8 3 115
GGT_C 53 33 24 10 10 7 6 1 5 7 4 6 6 2 5 2 4 3 3 4 5 2 2 1 1 7 2 2 2 2 2 2 1 7 1 2 1 1 3 2 2 2 0 2 1 2 1 0 1 0 2 1 2 0 2 0 1 3 0 0 1 1 1 1 3 2 1 2 1 0 1 2 0 1 0 0 1 0 1 1 0 2 0 0 2 2 3 0 3 0 2 2 1 1 0 1 1 1 1 0 2 1 1 1 1 0 1 1 1 1 2 1 1 1 1 0 0 1 0 2 0 0 0 0 0 0 1 0 0 1 0 0 0 0 0 2 0 1 3 3 0 1 0 1 0 0 1 2 0 2 1 1 1 0 0 0 0 1 2 0 0 0 1 1 1 0 0 0 1 0 2 4 0 3 0 1 2 0 0 1 1 2 0 0 2 41
GGT_T 90 75 30 22 19 9 12 7 12 3 7 10 5 8 6 3 4 3 7 6 2 3 10 4 2 2 4 4 6 4 2 4 3 7 7 0 2 5 1 3 3 3 3 1 4 0 0 4 4 0 8 2 1 1 1 4 1 1 2 3 2 2 1 4 1 3 2 1 1 3 0 1 1 2 1 1 3 0 1 3 2 2 0 1 2 1 1 2 2 1 5 2 1 2 1 5 2 1 0 1 1 1 1 2 3 2 4 4 0 1 1 0 0 1 3 1 2 1 1 1 2 2 1 0 1 3 0 0 1 3 0 4 0 1 1 0 1 1 1 1 1 1 3 0 1 3 0 2 1 1 3 0 1 2 0 2 0 1 1 1 0 2 3 3 1 0 3 0 2 3 0 1 1 1 1 2 1 2 2 2 2 5 2 4 5 59
GTA_A 14 7 6 4 0 1 4 0 0 2 0 0 1 0 3 1 2 0 1 2 1 1 0 1 2 0 0 1 0 1 0 0 1 0 0 0 0 0 1 0 2 3 0 0 2 0 0 1 0 1 0 0 0 1 1 0 1 0 0 0 0 1 0 0 0 0 1 0 0 0 0 0 0 1 0 0 2 0 1 0 0 0 0 0 0 0 0 0 0 0 0 0 0 0 0 1 0 0 1 1 1 0 0 1 0 0 0 0 0 0 0 0 0 1 0 0 0 0 1 0 0 0 0 0 0 0 0 0 0 0 0 0 0 0 0 0 0 0 0 0 1 0 1 0 1 0 1 0 0 0 0 1 1 0 1 0 0 1 0 0 0 0 1 0 0 0 1 0 0 0 0 0 0 0 0 0 0 0 0 0 0 0 0 0 1 5
GTA_C 66 49 25 21 15 15 14 4 11 6 9 10 9 2 8 4 3 5 6 4 2 4 4 5 5 1 3 1 3 4 1 5 4 4 5 1 5 1 2 4 1 3 2 4 4 1 2 0 2 5 0 2 5 2 3 0 1 0 2 2 0 1 0 0 6 1 1 1 5 0 0 1 1 4 3 3 1 0 6 2 1 1 3 1 3 0 0 4 2 0 5 3 1 0 3 1 3 4 2 1 4 1 1 1 3 0 1 5 1 3 3 2 5 6 3 0 1 1 0 0 1 0 2 1 0 1 1 0 0 3 1 2 0 1 0 1 0 0 0 1 1 1 0 0 0 1 1 0 1 4 1 4 1 0 1 1 3 1 0 0 0 0 1 1 0 1 3 2 0 1 1 1 0 1 3 1 4 3 0 0 3 7 3 3 3 86
GTA_G 14 10 7 6 3 3 2 0 2 2 0 3 0 1 2 0 1 1 0 0 0 0 1 2 0 0 2 0 0 1 0 0 1 0 0 1 1 0 1 1 0 0 0 0 0 0 0 1 1 0 0 0 0 0 0 1 0 0 0 0 0 0 2 0 0 0 1 0 0 0 0 0 0 0 0 1 0 0 1 0 0 2 1 0 1 0 0 0 0 0 1 0 0 0 0 0 1 2 0 0 1 0 0 0 0 0 0 1 0 0 1 0 0 0 0 1 1 1 2 0 1 0 1 0 0 0 0 1 0 0 0 0 0 1 0 1 0 0 0 0 0 0 0 0 0 0 1 1 0 0 0 0 0 0 0 0 0 0 1 0 1 0 0 0 1 0 1 0 0 0 0 1 0 3 0 0 0 0 1 1 0 1 2 2 1 4
GTC_A 32 20 14 7 6 1 3 1 3 3 2 3 0 1 1 1 2 1 1 4 1 0 2 0 0 1 1 0 0 1 1 1 1 0 0 2 0 1 0 0 0 3 0 0 1 1 1 2 0 1 0 0 0 1 1 0 2 0 1 1 1 1 0 0 0 0 0 0 2 0 0 2 0 2 0 0 0 0 1 0 0 1 1 0 1 0 0 0 2 0 1 0 0 0 0 0 0 1 0 0 0 1 2 0 0 1 0 0 0 1 1 0 0 1 0 0 0 0 0 1 0 0 0 0 1 0 0 0 0 0 0 0 0 0 0 0 0 0 0 0 0 0 0 0 1 1 0 0 0 0 0 0 0 0 0 0 0 0 0 1 0 1 0 0 1 0 0 0 1 0 0 0 2 0 0 1 0 0 0 0 0 1 0 0 1 15
GTC_C 74 40 17 13 9 13 9 9 7 4 8 9 3 1 9 6 2 3 2 2 5 4 6 3 3 5 3 4 2 4 5 4 6 2 1 1 1 4 2 0 6 4 2 1 3 0 1 1 2 5 1 1 1 2 4 1 2 2 1 2 1 2 2 2 2 1 1 1 1 2 0 2 3 4 1 1 1 5 1 1 1 2 2 1 3 2 1 1 2 2 1 0 2 2 1 2 0 3 1 2 0 0 2 3 2 1 4 1 1 2 2 1 1 0 1 3 0 1 2 2 2 0 1 1 0 2 0 2 3 0 1 0 0 2 1 3 1 1 0 2 0 1 1 1 3 1 0 2 2 2 1 3 0 0 2 0 0 3 1 1 1 4 1 1 3 2 0 1 3 0 2 1 0 5 2 2 3 0 4 0 1 3 2 1 7 78
GTC_G 23 9 7 6 2 1 1 3 2 2 0 0 1 0 1 0 2 1 1 0 1 1 2 0 0 0 0 1 2 0 0 0 2 0 0 0 1 0 1 1 0 1 0 0 1 0 1 1 0 0 1 0 0 1 0 0 2 0 0 3 0 0 0 0 1 2 3 0 0 0 2 0 1 1 0 0 0 1 1 0 0 0 1 0 1 0 0 0 1 1 1 0 0 0 1 0 1 1 1 0 0 1 0 1 1 1 2 0 1 1 1 0 1 0 0 0 1 0 0 0 2 0 0 0 0 0 0 0 0 0 0 0 1 0 0 0 0 0 0 0 0 0 2 0 0 0 0 0 0 1 2 0 0 0 1 0 0 0 0 1 0 0 1 0 0 0 0 0 0 0 1 4 0 1 0 0 1 1 0 0 1 0 1 0 1 13
GTG_A 35 28 19 13 3 6 0 4 3 3 4 2 2 2 1 8 1 3 0 1 2 0 2 2 4 3 1 0 1 2 1 3 2 3 2 1 1 0 2 1 0 1 2 0 0 1 1 0 1 1 0 0 3 1 0 1 0 3 2 0 1 0 3 1 3 2 0 1 1 2 2 1 0 0 0 0 0 0 1 0 1 1 1 0 1 3 2 0 3 0 1 1 0 0 0 0 1 0 0 1 0 0 0 0 1 0 0 0 3 1 0 0 3 0 0 1 1 1 0 2 0 1 1 0 2 0 1 0 0 2 0 1 0 0 0 0 0 0 0 0 3 0 0 0 1 0 1 1 2 0 0 1 1 1 1 0 1 0 1 1 0 1 2 2 0 2 0 1 1 1 1 0 1 2 1 1 1 0 0 1 0 0 1 0 1 14
GTG_C 138 90 56 36 27 29 13 16 19 12 26 15 8 9 13 6 15 10 5 11 11 4 11 4 7 5 8 7 6 5 7 10 12 12 7 5 4 4 4 7 8 10 6 5 2 8 3 3 3 8 7 4 2 5 4 10 4 8 3 3 3 1 8 8 1 8 0 8 4 5 5 6 7 7 4 4 4 5 11 2 2 7 2 6 3 6 0 3 4 7 2 4 14 1 4 2 4 4 4 2 2 4 7 4 2 8 4 5 2 1 4 3 8 3 4 2 4 3 6 7 2 0 2 3 5 1 5 4 3 4 1 2 3 6 4 3 3 1 4 2 4 2 4 1 1 1 3 1 4 3 4 2 5 4 1 3 3 2 6 7 5 2 4 6 8 1 3 3 4 2 5 8 4 6 5 4 7 9 6 4 7 14 22 34 85 988
GTG_G 93 51 16 12 5 12 8 5 5 3 7 8 4 4 3 0 4 4 0 1 2 4 4 0 1 2 1 2 1 1 0 2 3 4 3 2 2 2 2 5 3 2 2 4 2 0 1 1 2 2 2 2 2 4 0 1 0 3 4 0 2 1 2 2 1 1 0 0 4 2 1 2 4 0 0 0 2 2 2 0 2 5 1 0 0 2 2 0 4 0 0 1 1 0 0 1 1 0 2 1 0 1 0 2 0 0 0 1 1 0 2 2 2 0 1 2 0 0 0 0 2 1 0 1 0 0 0 0 0 0 1 1 0 0 1 1 0 1 1 1 0 1 0 0 0 1 1 0 1 1 0 0 1 1 0 1 2 0 1 0 0 0 2 1 1 1 0 0 1 0 1 2 0 1 2 0 1 0 1 0 3 0 1 3 4 24
GTT_A 20 18 9 5 3 6 4 1 0 2 2 1 0 2 3 1 2 0 2 2 0 4 0 3 0 1 1 1 3 1 0 1 2 0 1 2 1 1 1 1 0 0 1 0 2 0 1 1 1 1 1 1 1 0 0 0 1 1 0 0 0 0 0 0 0 1 1 1 1 0 2 0 0 0 0 0 0 0 0 0 0 0 0 0 0 0 0 0 0 0 0 0 0 1 0 0 0 0 0 0 0 0 0 0 0 1 1 1 0 0 0 1 0 0 0 0 1 0 0 0 0 0 1 0 0 0 0 0 0 0 0 1 1 0 0 0 0 0 0 0 0 0 0 0 1 0 0 0 1 1 0 0 0 0 0 1 0 2 0 0 0 1 0 1 0 0 0 0 1 0 0 1 0 0 1 0 0 0 0 0 0 2 0 3 2 17
GTT_C 103 49 32 27 12 14 16 7 8 7 14 7 5 7 8 3 6 7 3 2 3 3 4 4 6 3 2 3 1 8 2 3 6 3 3 3 0 1 4 2 4 2 5 7 2 1 6 5 1 1 2 2 4 1 6 2 0 2 1 2 0 1 2 2 4 0 5 2 1 4 1 7 3 2 0 0 1 0 3 2 2 1 2 2 0 1 2 2 3 1 2 1 2 1 1 3 2 5 0 0 2 1 2 2 2 2 2 2 1 1 2 0 1 0 2 1 2 0 4 3 0 2 0 2 2 0 0 1 2 2 0 1 3 1 0 1 0 0 0 1 0 2 1 2 3 2 3 1 0 3 2 0 1 3 1 3 1 3 1 5 1 0 2 3 0 4 7 1 0 1 2 1 2 2 1 2 4 0 5 1 3 2 3 6 6 85
GTT_G 35 21 7 3 1 5 4 3 4 1 2 4 2 3 1 2 2 0 1 5 1 5 0 0 3 2 1 4 1 0 0 3 1 1 1 1 0 0 0 0 1 0 1 1 1 0 0 0 0 0 0 0 0 0 1 1 0 1 1 0 0 0 0 0 1 0 2 0 0 1 0 1 0 0 1 0 1 2 1 0 1 0 0 0 1 0 2 1 1 0 0 0 0 0 1 1 2 2 0 1 1 0 1 0 1 2 0 0 1 1 1 0 0 0 0 0 0 2 0 0 0 0 2 0 0 0 0 1 1 0 0 0 1 0 0 1 0 1 0 1 0 0 0 0 0 0 1 0 0 0 1 0 0 0 0 0 1 1 1 1 1 0 0 0 0 1 1 0 1 1 1 2 3 0 0 0 0 2 0 0 0 0 0 1 2 28
TAA_C 23 14 7 9 2 1 4 3 4 0 1 5 1 2 0 2 1 0 3 4 1 1 2 0 4 0 0 0 1 2 1 1 0 4 0 1 1 1 1 2 1 1 1 1 1 0 1 0 2 0 0 0 0 0 0 0 0 0 3 3 0 0 0 0 0 1 0 1 2 1 0 1 1 0 1 1 1 1 4 0 3 2 1 2 0 0 2 0 0 0 1 0 0 1 0 0 1 1 1 0 1 1 1 1 1 2 0 0 0 0 0 2 1 0 0 1 1 0 0 0 0 0 0 0 0 0 0 1 0 0 1 0 2 0 0 0 0 1 0 1 0 0 0 0 2 1 0 2 1 0 1 1 1 4 2 0 0 0 0 0 0 1 1 0 0 0 1 1 1 1 1 1 1 0 0 0 0 1 0 1 0 2 0 1 0 25
TAA_G 82 68 31 20 12 13 13 7 9 7 4 7 7 7 5 6 7 3 3 3 4 4 5 4 6 4 3 4 4 4 1 3 3 2 3 1 3 4 5 2 2 1 1 0 3 0 3 3 1 5 6 2 5 1 2 5 2 2 1 2 2 0 4 0 2 1 2 4 2 4 0 2 1 1 1 2 1 2 2 0 2 1 3 0 2 4 3 2 0 1 1 0 3 1 2 1 3 2 1 3 0 1 1 2 3 0 1 2 1 4 1 3 2 3 2 0 1 2 2 2 3 4 0 0 0 0 1 1 0 1 2 0 2 1 0 3 0 1 2 0 0 3 0 0 1 2 0 1 1 1 1 0 2 2 1 0 1 1 3 4 2 0 4 0 2 2 1 2 0 0 5 2 2 3 1 1 2 2 4 3 0 5 0 1 5 74
TAA_T 55 32 19 12 6 8 7 6 3 2 5 7 3 2 3 1 1 1 0 4 2 2 3 1 1 4 1 2 0 4 3 3 2 1 1 0 1 1 1 1 2 0 1 1 1 3 1 0 0 3 1 0 1 0 1 1 2 1 1 1 1 0 0 2 1 1 0 1 1 1 0 3 0 1 0 1 1 2 1 0 0 0 0 1 0 0 1 0 2 0 1 2 2 0 0 3 1 2 0 1 2 0 2 0 1 2 1 0 2 0 1 0 0 0 1 1 1 2 0 0 1 0 0 1 0 2 0 1 1 0 0 2 1 0 1 0 0 2 0 0 1 0 0 2 2 1 3 5 0 0 1 0 0 0 0 0 1 0 2 2 2 2 2 4 2 1 0 1 1 0 1 2 2 2 1 0 0 2 2 2 4 1 4 4 5 90
TAC_C 17 15 4 4 3 3 3 0 0 1 1 1 0 2 0 0 0 2 1 2 0 2 1 0 1 1 0 1 0 0 0 0 0 0 1 0 1 2 0 1 0 0 0 1 0 0 1 0 0 1 1 0 0 2 0 0 0 0 0 0 0 0 0 0 0 1 1 1 0 0 0 0 0 0 0 0 0 0 1 0 0 1 0 0 0 0 0 1 0 1 0 0 0 0 0 0 0 0 0 0 1 0 0 0 0 1 3 1 0 0 0 0 0 1 0 0 0 0 0 0 1 0 0 0 0 0 0 0 0 0 0 0 1 0 0 0 0 0 0 1 0 0 0 0 0 0 1 0 0 2 0 0 0 0 1 0 0 0 0 0 1 0 1 0 0 1 0 0 0 0 0 0 0 0 0 1 0 0 0 0 0 1 1 1 2 9
TAC_G 93 50 26 25 13 11 8 6 8 9 7 8 2 5 8 4 9 2 4 3 6 5 0 1 3 3 2 6 3 1 1 0 2 4 4 7 1 2 2 1 3 4 2 2 0 2 1 2 4 2 1 3 0 4 1 1 0 2 1 4 3 1 3 2 3 0 1 1 1 3 2 2 1 2 1 4 1 2 3 1 3 1 0 2 1 1 2 2 0 0 1 2 0 1 2 1 0 3 0 1 3 2 2 2 1 0 2 1 2 3 0 2 4 4 6 3 2 0 0 4 2 2 0 0 1 1 2 0 2 1 1 1 1 0 0 3 1 1 1 2 0 0 1 1 1 4 1 4 1 3 0 3 0 2 1 2 1 2 1 1 2 0 3 1 1 0 1 0 2 0 1 1 0 2 0 1 1 4 0 0 1 2 4 6 5 78
TAC_T 15 16 5 4 2 1 0 1 0 1 0 2 0 0 0 1 2 1 0 0 2 1 0 0 1 0 0 1 0 1 1 1 1 0 0 1 1 0 0 0 0 0 0 0 0 1 1 0 0 0 0 0 0 1 2 0 0 0 0 1 0 1 0 0 0 0 0 2 0 0 0 0 0 0 0 0 0 1 0 0 0 0 0 0 0 0 0 0 0 0 0 0 0 1 0 0 0 1 0 0 0 1 0 0 0 0 0 0 0 1 0 0 2 1 1 0 1 0 0 0 1 0 0 1 0 0 0 0 0 0 0 0 0 0 1 0 0 1 0 0 0 1 0 0 1 0 1 0 1 0 0 0 0 1 0 1 0 0 0 0 0 0 0 0 0 0 0 0 0 0 0 0 0 0 1 0 0 0 0 2 0 0 0 0 1 7
TAG_C 14 9 6 2 4 3 1 1 1 2 2 4 1 1 1 2 0 0 0 0 1 1 1 1 0 0 0 3 1 2 0 2 0 0 1 0 0 1 0 1 0 2 0 0 0 0 0 0 0 0 2 0 0 0 1 0 0 1 0 0 0 0 0 0 0 0 1 0 0 1 0 2 0 0 1 2 1 0 0 0 3 0 0 1 1 0 0 0 1 0 0 0 0 1 1 0 0 0 1 0 1 0 0 0 0 0 0 0 1 1 0 0 0 0 0 1 0 0 0 0 0 0 0 0 0 0 1 0 0 0 2 0 0 0 2 0 0 0 1 0 0 0 0 1 0 0 1 0 0 0 2 0 0 0 1 0 1 0 0 0 0 0 0 0 1 0 1 0 0 0 1 0 0 0 0 0 0 0 0 1 0 0 1 1 1 11
TAG_G 93 39 19 22 16 11 4 9 1 4 8 7 8 3 4 7 1 8 2 1 4 4 2 4 3 1 2 6 1 4 2 4 3 3 3 2 0 1 5 3 2 4 5 0 2 2 6 3 1 3 2 5 1 5 2 2 0 0 2 2 0 4 0 1 2 4 1 1 2 2 3 3 0 1 3 1 1 1 2 2 4 2 1 1 2 4 0 3 0 2 0 1 1 5 4 3 1 3 1 1 2 3 1 0 3 0 1 3 1 1 2 3 1 0 2 0 2 2 0 1 1 3 1 2 2 1 0 2 0 3 1 2 2 1 5 1 3 0 0 2 3 1 2 1 2 0 1 3 1 2 4 5 0 1 1 1 2 1 0 2 0 1 2 0 0 3 0 2 4 0 3 2 2 1 2 1 2 4 3 3 3 1 6 3 7 111
TAG_T 17 8 7 4 2 2 2 3 2 0 6 2 1 0 0 0 1 0 0 0 0 2 1 0 1 2 0 1 1 0 2 1 0 0 0 0 0 0 1 0 2 1 0 1 1 1 0 0 0 1 0 1 0 2 1 0 0 0 0 0 0 0 0 0 0 1 0 0 0 0 2 0 0 0 1 0 0 0 0 0 0 0 1 1 0 0 0 1 0 1 0 1 0 0 0 0 1 0 1 1 0 0 0 1 0 0 0 0 0 0 2 0 0 0 1 0 0 0 0 0 0 0 2 0 0 0 1 0 0 0 1 0 0 0 0 0 0 0 0 0 0 0 1 0 0 0 0 0 0 1 0 0 0 1 2 0 0 0 0 0 1 0 0 2 0 3 0 0 0 0 0 0 1 0 0 0 1 0 0 0 0 0 0 0 2 6
TAT_C 23 22 11 8 1 1 4 3 0 2 4 2 5 4 4 2 1 1 2 2 1 1 3 1 0 3 2 1 0 0 2 1 2 1 1 1 0 2 1 2 0 5 0 2 0 0 0 1 1 3 0 3 1 1 1 1 1 0 1 1 2 2 0 0 0 0 0 0 0 1 3 0 0 1 0 1 0 2 0 0 0 0 0 0 0 1 2 0 2 0 0 0 2 0 2 1 3 1 0 0 0 0 0 0 0 0 0 0 0 1 0 0 1 1 0 1 0 0 0 1 0 0 0 0 0 0 1 0 1 0 1 0 0 0 0 2 1 2 1 2 0 1 0 1 0 0 0 0 2 1 0 1 1 1 1 1 1 0 0 0 1 0 0 0 0 0 1 0 1 0 0 0 1 0 0 0 0 0 0 0 1 1 2 1 0 21
TAT_G 215 128 64 55 39 24 30 18 18 14 10 25 16 11 16 8 12 10 10 9 11 10 15 13 8 13 12 8 10 12 1 9 10 14 6 9 12 8 10 5 5 8 3 7 4 4 5 2 4 5 4 8 5 4 9 5 6 6 5 4 8 1 7 5 5 6 3 6 6 12 1 4 3 4 8 6 5 6 1 2 11 5 7 9 5 1 6 11 6 1 5 7 8 2 5 3 5 8 4 7 5 7 3 6 5 4 6 1 8 2 2 1 5 6 3 6 7 4 3 1 2 5 2 0 5 4 5 2 5 1 3 2 6 2 1 4 3 2 4 1 4 3 4 1 5 6 2 8 3 4 3 3 2 7 2 2 8 5 3 7 1 1 6 6 0 8 0 2 0 3 4 7 4 5 5 8 4 4 7 4 7 10 4 7 13 201
TAT_T 53 20 14 5 9 6 2 3 8 5 4 2 3 2 2 5 4 2 1 0 2 3 3 2 1 1 5 2 3 0 1 2 4 2 2 2 3 1 1 3 3 1 1 1 0 1 2 1 0 1 1 1 1 1 0 2 1 0 1 1 1 2 2 2 1 3 0 0 1 2 0 0 0 0 3 0 2 1 0 0 0 2 1 1 1 1 0 0 1 1 2 0 1 0 1 0 2 0 0 2 1 1 1 0 1 0 0 0 1 0 0 0 2 1 1 1 0 2 0 0 0 0 1 0 2 2 0 0 0 3 0 1 3 1 0 1 0 1 0 1 0 1 0 0 0 0 0 1 2 2 1 0 0 0 0 2 0 0 1 1 0 1 1 0 1 0 0 2 2 0 1 1 1 1 0 0 0 0 1 1 2 1 4 2 7 31
TCA_A 41 26 17 15 6 5 9 3 3 5 3 5 1 1 3 3 3 3 1 1 3 3 2 0 2 2 1 1 2 4 1 4 3 2 1 3 1 2 1 3 1 1 0 2 0 1 0 1 2 1 0 0 3 2 1 2 0 1 0 1 0 0 1 0 1 1 0 1 0 1 0 1 0 2 0 2 1 2 0 2 1 1 2 0 1 1 0 1 0 0 1 0 0 0 0 1 1 1 0 0 1 0 0 1 1 0 0 0 1 1 0 0 0 0 0 0 1 1 0 0 0 0 0 0 1 0 0 0 0 1 0 0 0 0 1 1 0 1 2 0 1 0 0 0 1 1 1 0 1 1 1 0 0 1 0 1 1 0 0 0 1 0 0 1 0 1 0 1 1 1 1 0 1 1 1 1 0 2 0 0 1 2 1 2 2 18
TCA_G 55 30 22 14 8 5 8 4 4 5 5 10 5 8 1 6 3 3 3 1 4 5 2 2 6 3 2 0 1 4 1 2 1 0 2 2 0 6 3 1 2 1 0 1 2 1 0 2 1 0 2 1 3 1 3 3 0 3 0 4 0 1 1 2 1 3 1 1 1 1 1 3 2 0 0 4 0 2 1 3 3 1 1 2 0 0 1 1 1 2 0 1 3 2 2 1 1 0 1 1 2 0 2 0 2 0 2 0 1 1 2 2 0 0 1 1 0 1 1 1 3 1 0 2 0 0 1 3 0 1 0 1 2 2 0 2 1 1 1 0 1 1 1 2 0 1 1 0 1 1 3 0 1 2 0 0 0 1 0 0 0 1 2 0 1 0 0 2 4 1 0 0 0 1 0 0 2 0 1 1 1 1 2 2 0 39
TCA_T 150 110 58 34 25 16 23 6 15 10 14 11 8 14 10 3 5 5 9 12 2 10 10 4 6 2 4 2 4 3 7 12 10 8 2 6 4 9 3 6 6 4 2 5 0 6 3 3 0 8 5 5 3 4 3 8 1 5 4 3 2 0 6 3 5 5 2 1 1 3 5 1 4 3 1 3 2 4 2 3 7 2 3 2 3 3 3 7 1 2 3 5 2 1 3 2 3 0 3 1 1 1 0 3 4 0 3 1 3 1 2 0 1 2 2 3 3 2 1 0 0 3 1 1 2 1 2 3 1 4 1 0 0 2 2 2 0 0 1 1 1 3 0 3 2 2 0 2 2 3 1 2 3 5 5 2 0 4 1 4 2 2 1 6 0 0 1 1 2 0 3 1 2 4 4 1 4 0 0 0 0 6 1 4 4 86
TCC_A 60 32 20 17 7 6 7 4 5 5 2 3 1 3 2 5 3 1 2 6 2 1 1 2 0 3 1 3 4 4 2 4 1 2 0 2 3 2 2 2 1 3 1 2 1 0 0 1 2 3 2 0 0 1 0 2 5 1 0 1 1 1 0 2 2 2 1 0 4 1 0 0 2 3 1 1 0 0 0 2 2 1 1 1 1 0 1 2 1 0 2 2 0 2 1 1 1 3 0 1 1 1 0 0 0 0 1 2 0 0 2 0 0 0 4 1 1 0 2 0 1 1 2 0 0 1 0 0 2 1 0 0 1 1 0 0 0 0 2 1 0 0 1 0 1 3 2 2 1 3 2 2 1 1 0 2 1 1 0 0 2 3 0 1 0 1 0 0 2 0 0 2 1 1 0 0 3 0 1 0 3 2 0 4 0 28
TCC_G 59 44 21 27 12 9 11 6 8 4 7 6 2 7 2 2 4 8 3 5 1 2 2 3 3 2 2 3 1 0 2 3 2 1 1 3 3 6 1 2 2 3 1 3 0 2 2 3 4 4 3 3 0 4 3 3 1 6 2 1 4 1 2 0 4 1 3 2 3 1 0 2 0 1 3 1 2 2 2 2 1 0 0 1 0 0 1 1 0 1 2 1 0 0 1 0 4 0 1 0 0 3 1 3 1 0 2 2 0 1 1 0 1 0 0 1 1 0 1 0 2 0 1 0 0 0 1 0 1 1 1 0 2 0 1 1 0 2 0 1 0 2 0 0 0 2 0 0 2 0 3 0 0 0 2 1 1 0 0 2 1 2 1 1 1 1 0 3 0 1 3 1 1 1 1 2 2 1 1 0 1 5 1 5 3 31
TCC_T 198 116 65 46 28 26 21 18 9 14 15 24 8 8 18 9 10 12 5 7 1 10 9 9 11 11 9 9 3 6 9 8 6 7 5 6 7 9 7 6 9 6 3 1 2 8 3 6 1 9 4 10 5 4 8 4 1 3 5 6 3 1 4 1 3 4 2 4 5 5 3 6 3 4 3 6 4 6 1 3 3 1 2 3 6 1 4 5 4 5 3 2 4 4 1 3 2 1 3 5 4 0 2 3 11 2 4 6 6 2 3 5 3 2 4 6 3 1 1 3 3 2 5 3 2 5 2 1 0 7 0 5 2 1 1 5 2 2 4 5 1 5 2 2 6 2 3 1 3 1 2 3 3 5 3 1 2 4 2 0 5 2 1 5 2 3 3 2 1 4 3 0 3 3 0 2 4 6 5 4 1 4 6 11 12 93
TCG_A 15 16 7 3 0 0 1 0 0 1 3 0 2 2 1 0 1 1 0 1 0 0 0 1 1 2 0 0 1 1 0 2 0 1 0 2 1 0 1 1 1 1 0 1 0 0 0 0 1 0 0 1 1 1 0 1 2 0 1 0 0 2 1 0 1 0 1 0 0 1 0 0 2 0 1 0 0 1 1 0 0 0 1 0 0 0 0 0 3 0 0 0 0 1 0 1 0 3 0 0 0 0 0 1 0 0 0 1 1 0 0 1 0 0 0 0 0 0 0 1 0 0 1 0 0 0 0 2 2 1 0 0 0 0 0 0 0 0 0 0 0 0 0 0 0 0 0 1 0 0 0 0 3 0 0 0 0 0 0 0 0 1 0 0 0 0 0 1 0 0 0 0 0 0 1 1 0 0 0 0 1 1 2 2 3 24
TCG_G 23 11 8 4 1 3 4 3 1 0 1 2 1 2 1 1 2 0 3 0 0 1 0 2 1 4 0 0 0 0 0 2 1 1 2 3 0 1 1 1 2 1 1 1 1 0 0 0 4 0 0 0 0 0 1 0 1 1 0 1 1 0 2 0 0 1 1 0 0 1 0 1 0 0 0 1 1 0 0 2 0 0 0 0 1 1 0 0 0 2 1 0 0 0 0 1 1 1 0 0 0 1 0 2 1 0 0 0 0 1 0 0 1 1 0 0 0 0 1 1 0 0 0 1 0 1 1 0 0 2 1 1 0 0 0 1 0 0 1 0 0 0 1 0 0 0 3 0 2 1 0 0 0 0 0 2 0 0 0 0 2 0 1 0 0 1 0 0 1 1 0 1 0 0 0 1 1 0 1 0 1 1 1 0 1 15
TCG_T 470 237 133 76 53 47 46 32 28 39 32 29 28 23 26 21 21 20 12 17 17 11 16 9 23 19 14 13 13 13 13 16 13 20 8 11 16 14 10 6 22 13 11 8 5 10 8 8 6 17 9 6 8 16 10 5 10 5 3 9 3 4 7 9 7 5 9 10 6 13 9 6 5 10 6 5 9 10 8 3 15 5 5 7 3 6 7 8 7 5 5 3 2 10 6 3 8 13 8 3 4 7 5 5 5 2 12 9 5 5 4 5 9 6 6 8 4 5 2 6 3 3 0 3 6 6 5 2 2 3 4 13 8 2 5 5 4 1 6 1 2 1 3 1 4 1 2 1 3 3 3 9 8 7 4 3 3 7 3 3 8 4 6 4 5 3 3 4 2 3 6 4 5 4 8 7 6 6 1 2 3 6 8 13 10 186
TCT_A 61 38 22 8 5 7 5 5 6 5 4 11 4 3 4 1 0 3 3 6 4 5 3 5 0 2 2 2 4 5 2 2 3 2 3 7 0 2 1 3 2 4 4 2 0 1 1 2 0 2 2 1 1 2 1 1 1 2 0 2 1 0 1 1 2 0 1 1 0 0 0 1 0 0 2 0 1 1 0 1 3 1 1 0 1 1 0 0 1 0 1 0 0 1 1 1 2 3 2 2 1 0 3 2 2 0 2 2 0 0 1 0 0 1 0 1 1 1 0 0 0 0 0 2 1 0 1 0 0 0 2 1 0 0 2 0 0 0 0 0 0 1 2 1 0 0 0 1 2 1 1 0 0 2 0 1 0 0 0 2 0 1 1 1 0 0 4 0 0 1 0 2 3 0 2 1 2 0 2 1 2 3 1 1 3 36
TCT_G 107 62 37 19 14 13 9 11 13 7 12 15 5 3 6 6 8 3 4 6 3 7 7 4 4 7 4 10 6 3 4 1 3 7 5 3 2 3 4 8 5 1 3 2 1 5 3 4 3 5 4 0 1 3 3 9 3 2 1 4 2 1 1 2 2 0 3 1 0 6 2 3 2 1 1 5 3 1 2 0 4 2 5 2 3 1 3 1 0 2 2 3 3 1 2 0 3 1 3 2 3 3 3 2 4 1 2 1 4 4 2 3 1 0 0 2 1 3 1 1 1 1 2 1 1 1 0 2 2 1 2 1 3 2 3 2 0 1 0 4 1 0 1 0 1 2 2 0 0 0 0 4 1 3 0 3 0 2 2 1 1 2 1 1 3 1 3 0 1 2 2 2 2 0 4 2 6 3 1 1 3 1 3 6 7 67
TCT_T 163 107 57 41 15 19 19 11 11 13 14 18 12 8 10 7 9 6 8 12 9 6 2 8 10 11 5 5 9 5 5 4 6 7 5 5 2 9 3 3 6 5 6 8 2 6 1 2 4 4 3 7 3 4 4 7 4 6 3 4 1 1 6 1 3 6 8 2 3 1 2 5 3 3 0 1 2 5 4 3 4 2 4 4 6 0 2 0 3 2 2 2 0 2 3 3 2 5 3 1 3 3 4 2 3 3 3 7 3 2 6 4 3 6 4 3 4 2 2 0 0 1 3 4 0 4 1 1 2 5 2 4 0 3 1 3 2 2 1 2 0 3 2 4 5 1 3 2 2 4 1 1 4 2 1 4 0 4 1 2 1 1 3 6 1 2 0 4 1 1 1 2 4 3 1 0 5 4 1 2 4 3 6 4 11 101
TGA_A 152 104 48 24 29 22 17 12 19 13 15 14 10 13 10 5 13 6 10 7 4 7 5 3 3 3 4 5 4 9 4 7 9 8 5 5 1 3 9 8 3 5 4 2 5 3 1 3 4 5 2 3 5 3 8 4 4 4 4 4 3 4 6 3 2 1 3 1 4 4 2 5 0 2 4 4 3 4 2 3 6 3 2 1 3 3 5 6 2 0 1 4 3 3 6 5 3 3 5 3 4 1 4 4 0 2 5 2 0 3 0 6 3 4 0 1 3 4 4 3 2 0 3 0 2 2 0 0 2 3 1 3 0 0 0 1 2 3 1 2 1 1 4 0 4 2 3 2 2 2 4 3 0 7 3 3 2 4 1 3 2 0 2 2 1 3 0 2 3 2 1 4 6 6 4 1 5 2 2 1 2 6 2 3 8 99
TGA_C 50 37 16 15 11 7 4 3 6 4 6 5 2 3 0 3 3 5 2 1 2 3 2 2 2 5 1 0 2 1 1 2 3 2 0 3 1 0 1 1 3 2 4 1 2 0 2 1 0 1 3 0 2 1 2 0 1 1 1 1 1 2 0 1 0 4 2 0 2 0 2 0 3 1 1 1 1 2 4 3 0 2 4 2 0 0 2 1 3 3 0 2 2 2 0 2 0 0 1 2 1 3 1 0 1 0 0 1 0 1 2 0 0 0 1 1 0 0 1 2 0 0 1 0 1 1 1 2 0 0 1 0 1 0 0 1 0 0 1 0 0 0 0 0 1 2 4 0 2 1 1 2 1 1 2 2 0 0 0 1 1 0 1 3 0 1 0 1 1 1 0 0 0 1 0 0 1 0 0 1 0 2 1 1 3 29
TGA_T 45 26 15 10 4 6 7 6 4 2 3 5 5 2 3 2 1 1 2 1 2 2 0 1 2 0 2 2 0 2 2 3 3 1 2 3 2 1 1 0 1 0 0 0 0 0 0 2 1 0 1 3 0 1 2 0 0 0 0 1 0 1 1 1 2 0 2 1 0 1 1 0 0 2 0 0 0 0 0 0 1 2 1 1 0 2 0 0 0 0 0 1 0 1 0 0 0 2 0 0 0 0 1 2 0 0 0 0 0 0 2 1 1 1 0 0 1 0 0 0 2 1 1 0 1 0 0 0 0 0 0 0 1 0 1 0 0 0 0 0 0 0 1 1 0 0 2 2 1 1 1 0 0 0 0 0 1 1 0 0 0 0 0 0 2 0 0 2 0 0 1 0 1 1 0 0 2 0 0 1 2 0 0 2 1 14
TGC_A 159 120 53 26 25 24 24 14 13 23 13 12 8 7 14 6 10 6 2 5 6 12 5 8 2 7 7 9 10 5 5 14 11 5 5 4 4 7 3 4 3 5 2 3 2 5 3 2 5 4 3 7 3 5 3 5 3 6 11 6 0 2 0 5 5 3 7 5 1 5 5 1 4 5 6 2 3 4 3 2 2 3 5 2 2 3 5 5 5 3 3 2 5 1 1 2 4 3 1 1 4 2 3 5 4 1 3 3 3 4 3 2 1 3 2 4 3 2 0 4 2 5 3 1 1 3 1 0 1 5 3 1 4 2 2 2 1 1 1 0 1 1 1 1 2 1 1 2 4 1 1 5 1 3 2 1 2 4 1 1 3 0 1 3 1 0 2 4 0 0 8 4 4 3 2 3 3 1 0 1 3 7 5 9 9 90
TGC_C 41 23 8 6 9 4 8 5 2 6 2 9 1 4 2 3 2 2 2 2 2 0 1 0 1 3 2 3 2 0 1 0 1 3 2 2 2 2 0 2 0 0 1 0 1 1 2 3 1 0 0 2 1 0 0 1 0 0 2 2 0 1 0 2 3 0 1 1 2 0 1 0 0 0 2 0 2 2 1 1 1 1 1 2 0 0 2 1 0 0 0 1 2 2 0 1 3 0 2 2 0 0 2 1 1 1 0 1 1 0 0 1 2 2 3 0 1 1 1 1 0 1 0 0 0 1 3 0 0 0 1 0 0 1 1 0 1 1 0 3 0 0 0 0 0 1 1 2 3 1 1 0 0 0 1 2 0 0 0 2 0 0 0 1 0 0 0 0 0 1 1 1 0 0 1 0 1 2 0 0 0 0 2 2 0 18
TGC_T 43 38 22 13 11 11 8 6 5 7 3 7 10 5 3 3 6 4 1 1 1 2 0 1 1 4 2 2 2 2 1 1 2 2 4 3 3 4 0 1 1 4 1 0 0 1 0 1 2 3 2 0 0 4 2 0 0 3 0 2 3 0 1 5 1 2 0 0 1 4 2 0 0 2 0 1 1 1 0 2 0 1 1 0 1 0 1 1 2 0 1 1 2 0 2 1 0 0 0 1 1 2 0 1 0 3 1 3 2 1 0 3 1 1 0 1 0 1 1 0 1 1 0 1 1 0 1 2 0 2 1 2 1 0 1 1 1 1 0 0 1 0 0 0 1 0 3 0 1 2 0 3 0 5 0 0 1 2 0 1 0 0 4 1 2 3 0 2 2 2 1 1 2 2 1 0 1 1 0 1 2 2 3 4 3 41
TGG_A 230 145 68 57 34 33 27 29 21 17 14 12 17 14 11 7 12 5 13 8 5 9 22 10 14 13 13 9 11 13 10 15 6 8 12 11 8 10 4 6 5 4 3 3 5 4 5 5 0 11 1 4 6 7 6 8 6 5 7 9 4 5 6 4 5 5 0 5 9 5 2 5 4 4 8 2 5 3 10 4 6 3 10 7 3 2 2 3 3 3 2 4 8 6 2 3 7 3 2 5 8 8 5 3 0 0 4 3 1 5 7 3 7 1 5 4 5 4 2 5 1 0 2 3 1 5 4 3 1 1 2 0 2 2 5 2 0 3 3 4 5 3 4 3 2 0 1 3 4 5 5 4 1 3 4 2 3 2 3 4 1 2 3 0 2 7 4 1 1 5 2 3 3 5 3 1 7 7 5 2 5 6 7 7 13 140
TGG_C 55 37 22 11 6 10 6 4 6 9 4 4 7 5 1 3 1 1 4 6 2 5 6 1 1 3 4 4 2 2 1 1 2 1 2 3 1 2 2 3 5 5 1 2 2 0 2 1 1 1 1 4 1 0 0 2 0 0 5 2 1 1 0 2 1 2 2 2 0 0 1 1 0 2 0 0 2 1 3 1 1 2 3 0 2 0 0 1 2 0 1 1 0 0 1 1 0 2 2 0 1 0 2 1 2 0 1 2 1 1 2 1 1 0 0 2 1 0 1 1 1 0 0 2 1 1 0 1 2 0 0 2 1 0 0 2 1 1 0 0 1 0 0 1 1 1 0 1 0 1 0 1 0 0 0 1 2 0 1 2 0 1 0 2 0 2 0 0 0 1 1 2 1 0 1 1 2 0 3 1 0 4 1 1 2 37
TGG_T 55 36 10 16 6 6 6 6 8 1 4 3 2 6 3 3 4 1 1 4 1 3 3 0 3 0 4 2 3 1 3 3 1 5 3 2 4 0 5 3 2 4 7 4 1 0 3 1 0 2 4 1 0 1 2 3 1 1 0 1 1 1 1 2 2 1 3 0 1 2 1 2 1 0 1 0 1 1 3 0 4 2 1 2 0 1 2 3 1 2 2 0 2 3 3 1 2 2 0 2 1 2 1 1 0 0 0 0 1 2 2 0 2 1 1 1 0 1 0 0 0 0 0 0 0 2 3 0 1 0 0 0 0 0 3 1 0 0 2 0 2 2 1 1 1 0 0 1 0 1 1 0 0 1 1 1 0 0 1 0 1 0 0 1 1 0 1 0 1 1 0 0 1 1 1 1 1 0 0 1 0 3 3 4 1 40
TGT_A 267 145 90 59 33 37 33 32 26 18 18 23 16 11 14 12 18 10 11 12 10 9 14 10 16 17 7 8 11 3 8 10 12 12 10 14 14 12 3 10 15 5 9 9 14 9 6 4 3 6 7 7 8 5 13 8 7 6 8 7 7 8 4 4 7 5 4 9 6 3 7 7 5 4 10 3 6 5 2 7 4 7 8 9 3 3 4 9 4 3 5 10 6 7 6 3 8 2 4 3 5 3 4 4 3 3 4 2 6 3 6 0 4 6 3 3 4 6 6 2 2 5 3 2 3 4 3 3 3 4 4 8 3 3 2 1 3 1 3 5 1 3 2 2 2 0 2 5 8 3 2 5 4 5 2 6 7 4 4 2 4 2 6 11 0 5 1 2 0 2 4 2 4 5 6 4 7 7 6 1 2 13 9 14 13 224
TGT_C 65 50 9 16 10 7 9 6 9 8 3 2 8 3 3 6 6 1 7 4 2 2 3 0 6 0 2 2 1 3 2 2 5 1 3 0 2 2 4 2 1 2 2 4 1 3 1 3 0 1 1 0 3 3 0 1 2 1 3 4 1 3 3 3 1 1 0 1 4 3 2 3 1 3 1 1 0 4 2 0 0 0 1 0 0 1 2 3 1 0 1 1 2 3 1 1 1 0 0 1 1 0 3 1 0 0 0 0 1 2 1 1 3 0 1 4 4 1 0 0 0 0 3 1 0 2 1 0 2 0 2 1 1 0 1 0 0 1 1 1 1 1 1 2 1 1 1 2 1 0 0 1 0 0 0 0 0 2 1 1 1 2 0 0 0 3 0 1 1 0 1 1 1 0 1 4 2 1 1 2 1 1 1 3 3 50
TGT_T 87 41 19 14 8 7 11 9 5 6 2 4 4 3 3 6 3 4 1 3 2 2 5 3 3 3 1 4 2 3 0 1 2 2 3 4 3 3 2 2 3 2 0 1 2 4 0 2 3 0 3 1 2 2 0 3 2 1 0 1 2 3 3 3 2 3 1 1 1 1 2 0 2 2 0 3 3 0 2 2 2 1 0 4 3 3 1 0 2 2 2 2 3 0 2 1 3 0 0 3 1 3 2 1 2 1 0 1 4 1 0 0 0 2 3 2 0 0 1 1 2 1 1 1 1 2 0 3 4 0 1 0 2 1 1 1 1 2 1 2 1 0 0 1 1 2 0 2 1 2 0 1 3 0 0 1 2 1 2 0 0 1 2 0 1 1 0 1 3 2 2 2 1 1 1 2 1 0 1 2 0 3 2 5 5 46
TTA_A 66 25 18 9 6 9 1 4 4 3 6 5 4 1 5 2 3 3 1 0 2 3 1 5 3 2 3 3 3 2 0 4 5 7 1 3 3 3 2 0 1 2 2 0 1 3 2 2 0 3 1 0 2 0 4 3 1 0 0 2 2 0 0 1 1 0 2 0 1 2 2 2 0 1 1 1 0 2 0 2 1 2 1 2 1 0 0 2 2 0 2 1 3 0 2 0 1 0 1 2 0 1 0 3 3 0 1 2 1 0 0 1 2 0 1 0 2 1 1 0 0 1 0 2 2 1 2 1 1 1 2 0 1 0 2 1 1 0 1 0 0 1 1 0 2 1 0 0 0 0 2 0 4 1 0 3 0 0 0 1 1 0 0 2 1 3 0 1 2 1 1 1 3 0 0 0 1 2 1 3 1 1 3 5 11 99
TTA_C 92 47 31 19 15 12 11 13 7 10 6 7 8 3 4 6 6 7 3 5 3 3 2 8 4 3 7 4 3 5 6 1 5 4 2 3 8 4 3 6 3 2 3 2 0 2 0 1 3 4 2 2 1 3 3 1 3 2 2 3 4 1 0 1 4 3 0 2 1 2 0 3 1 4 0 2 0 1 2 3 3 4 1 2 1 4 1 3 1 1 2 1 3 2 3 2 3 6 0 1 2 0 0 0 3 0 1 1 3 2 2 2 2 5 1 3 0 0 1 5 0 3 2 0 0 2 3 1 4 4 2 0 3 0 1 1 1 0 0 2 1 2 1 2 1 1 2 3 0 3 1 0 0 1 0 1 0 1 0 3 4 0 2 0 1 5 1 2 0 0 0 2 1 1 2 1 2 3 5 3 1 3 1 2 9 81
TTA_G 16 21 8 6 1 4 4 2 2 0 4 1 1 1 2 1 1 0 2 2 1 2 2 1 1 0 1 3 0 0 1 0 1 1 0 0 2 0 2 1 1 2 1 1 1 0 0 1 1 3 1 0 3 1 0 1 0 1 0 0 0 2 1 0 1 1 1 1 0 0 0 1 0 1 0 1 0 1 1 1 1 0 0 2 0 1 2 1 0 0 0 0 1 2 1 1 1 3 0 0 1 0 0 1 0 1 0 0 1 0 1 1 1 1 0 0 0 0 0 0 0 0 3 1 0 1 0 0 1 0 0 0 1 1 0 0 0 0 0 2 0 0 0 1 0 0 1 1 1 0 1 3 0 0 2 0 1 0 0 0 0 1 0 1 1 1 1 0 0 0 2 2 1 1 7 0 1 2 2 1 2 1 1 3 5 24
TTC_A 17 16 2 6 3 1 1 0 1 1 1 1 1 0 2 0 2 1 1 1 1 2 1 1 0 1 1 2 0 1 2 1 0 0 0 0 0 2 0 0 0 0 1 0 0 0 0 0 0 0 1 0 0 1 1 0 0 0 0 1 1 0 0 0 0 0 0 2 0 0 1 0 0 1 1 0 1 0 1 0 0 0 2 0 1 0 0 0 1 0 1 0 0 0 2 0 0 0 0 2 0 0 0 2 0 0 0 0 0 0 0 0 1 0 0 0 0 0 0 0 0 0 0 0 1 1 0 0 0 0 0 0 2 0 1 0 0 0 0 0 0 0 0 1 1 0 0 0 1 0 0 1 0 0 0 0 0 0 0 0 0 0 0 0 0 0 1 2 2 0 0 0 0 1 0 0 0 0 0 0 0 1 0 1 1 10
TTC_C 73 50 21 17 10 9 9 9 1 7 5 10 5 4 5 5 1 5 2 7 6 3 4 2 2 4 3 5 2 1 5 2 5 2 1 6 3 5 4 0 5 4 4 4 0 2 1 1 0 5 0 1 1 4 5 3 3 2 0 2 3 2 0 0 3 2 2 2 5 2 1 0 1 1 3 2 0 1 1 2 2 0 0 2 2 3 2 0 1 3 0 1 1 0 0 2 0 3 1 1 4 1 1 2 1 1 0 1 1 4 0 2 1 1 2 2 1 2 0 2 0 1 1 2 1 0 0 1 0 2 1 1 2 1 1 2 1 1 2 1 1 1 1 0 2 2 1 2 3 2 1 3 3 0 1 2 1 2 2 1 3 1 2 2 0 4 0 3 0 1 1 2 0 0 5 0 1 0 1 2 2 5 2 6 4 79
TTC_G 28 21 11 5 5 1 3 4 3 2 3 1 2 1 1 1 1 1 1 2 0 2 3 2 2 1 3 3 0 1 1 0 0 2 0 1 1 2 0 1 1 1 0 2 1 0 0 1 1 2 2 0 0 1 0 2 2 0 0 0 0 0 2 0 1 0 1 1 1 1 1 0 1 1 0 2 0 1 2 0 1 0 1 0 0 1 2 2 2 0 0 0 1 0 0 0 0 1 0 0 1 0 0 1 0 0 1 0 0 0 0 0 2 1 1 0 1 0 0 2 0 1 1 0 0 0 1 0 2 1 0 0 0 1 1 0 0 0 0 1 1 0 0 1 0 1 0 1 1 0 1 1 3 0 0 1 1 0 0 0 0 0 0 1 0 0 0 1 0 1 0 0 0 3 2 2 2 2 0 1 1 1 1 2 2 22
TTG_A 20 14 10 6 6 4 3 0 2 3 4 0 0 1 1 0 0 1 1 2 1 1 0 0 1 1 3 0 1 0 1 0 0 1 2 0 0 1 1 0 0 0 0 0 0 0 1 1 0 0 2 0 0 1 0 0 2 0 0 0 0 0 0 1 0 0 0 0 2 0 1 0 0 2 0 0 0 2 0 1 0 0 0 0 0 0 0 0 0 1 0 0 1 0 0 1 0 1 0 1 0 1 0 1 0 0 0 0 1 1 0 0 0 0 2 1 2 0 0 0 2 0 0 0 0 0 0 0 0 0 0 0 0 0 0 2 0 0 1 0 0 0 0 0 1 0 1 1 0 0 0 1 3 1 0 0 0 1 1 0 1 0 1 0 0 0 0 0 0 1 0 0 0 0 0 0 1 0 0 1 1 1 0 0 0 9
TTG_C 111 83 26 33 19 24 8 13 4 11 10 9 6 7 10 6 11 2 4 1 3 5 8 3 5 9 2 6 4 5 4 2 5 3 4 1 3 8 4 6 9 4 2 3 1 1 4 4 4 6 6 1 1 2 9 5 3 0 2 3 0 1 1 2 2 2 2 3 2 0 1 4 3 2 1 2 2 4 10 3 3 6 2 1 2 2 2 5 3 0 1 4 0 3 1 1 3 6 2 0 2 6 1 1 1 1 2 3 2 4 3 1 3 8 2 4 2 4 4 0 2 0 5 0 2 3 0 1 6 5 2 1 1 6 4 2 3 2 1 0 2 4 7 4 2 0 0 0 2 4 6 1 1 2 6 2 0 2 3 3 2 5 3 5 1 4 5 2 2 1 1 1 4 3 7 1 8 1 8 3 6 4 9 17 30 560
TTG_G 49 37 7 12 4 5 6 7 3 3 6 7 2 7 2 5 4 1 8 2 3 2 4 0 4 3 2 4 2 1 1 2 5 0 3 0 3 4 2 2 0 1 2 4 0 1 2 4 1 1 0 1 1 1 1 0 1 0 3 0 1 2 1 0 2 3 1 1 1 1 0 1 2 2 1 1 1 0 0 1 1 0 1 0 2 1 2 0 0 1 0 0 2 1 1 1 2 0 4 0 0 0 0 0 1 0 0 0 0 0 1 0 0 1 1 1 0 1 0 1 0 0 0 1 0 1 0 1 1 0 0 0 0 1 1 0 1 1 0 0 1 1 1 0 0 1 1 2 1 1 2 0 1 2 1 0 2 4 0 0 1 1 0 2 0 1 0 1 0 1 1 0 1 0 1 0 3 0 0 1 1 3 0 1 4 41
TTT_A 52 27 21 12 9 7 7 4 7 2 4 3 4 3 3 7 4 5 4 1 2 0 2 0 1 4 3 0 3 0 1 1 0 1 2 2 2 0 1 0 1 3 0 0 3 0 1 2 0 3 0 1 1 1 2 1 1 1 0 1 0 1 2 1 1 1 0 1 0 1 0 0 0 3 0 0 1 1 2 0 1 2 1 0 0 1 1 0 0 0 1 0 0 3 0 1 0 0 1 3 0 0 0 2 1 0 1 0 0 1 1 1 2 0 0 1 2 0 2 0 1 2 1 1 0 0 0 2 0 0 0 2 0 0 0 0 0 1 0 1 0 0 0 0 0 0 1 0 1 2 1 0 0 0 0 1 0 1 0 0 0 0 1 0 0 0 1 1 0 3 3 1 1 0 3 3 0 1 1 0 1 1 0 2 2 33
TTT_C 147 78 48 27 16 23 20 10 14 16 14 15 12 8 11 4 4 6 7 9 4 6 8 4 5 8 12 8 5 5 7 7 7 8 7 3 6 3 6 5 5 5 3 2 7 2 2 4 0 5 4 6 2 1 6 5 5 2 4 0 5 2 4 1 5 1 2 1 6 5 5 5 3 2 2 2 3 3 6 2 3 2 5 5 5 4 1 3 3 3 2 5 4 5 5 2 8 6 2 5 2 1 3 3 2 1 4 1 3 6 5 4 1 1 3 1 1 3 0 0 1 1 1 1 0 3 4 3 1 5 2 4 2 3 2 2 2 2 3 0 2 2 1 3 5 4 0 1 2 1 1 1 1 0 1 1 3 4 2 4 3 1 1 6 1 0 0 1 0 1 3 0 4 1 4 2 2 5 0 3 2 9 8 4 5 85
TTT_G 104 54 31 15 19 7 9 9 5 10 6 7 7 6 2 6 5 4 4 4 5 6 2 4 6 3 0 3 4 1 4 3 1 2 4 5 3 2 0 1 1 4 1 1 1 6 1 0 2 3 2 1 2 2 1 2 3 3 2 2 0 1 2 3 3 2 0 1 0 1 5 2 2 1 1 4 2 1 2 0 4 3 2 4 2 1 1 0 0 0 1 1 4 0 3 0 1 5 1 1 4 2 0 1 2 1 3 1 4 0 1 3 0 2 1 2 1 0 2 1 3 3 0 1 3 1 1 2 0 0 1 0 2 1 2 1 0 0 1 1 0 0 0 0 2 0 0 2 2 1 3 0 1 0 1 0 1 1 2 0 3 0 2 1 1 1 2 1 0 0 1 0 3 2 0 2 1 4 0 2 1 1 5 4 2 61
