Mut 1 2 3 4 5 6 7 8 9 10 11 12 13 14 15 16 17 18 19 20 21 22 23 24 25 26 27 28 29 30 31 32 33 34 35 36 37 38 39 40 41 42 43 44 45 46 47 48 49 50 51 52 53 54 55 56 57 58 59 60 61 62 63 64 65 66 67 68 69 70 71 72 73 74 75 76 77 78 79 80 81 82 83 84 85 86 87 88 89 90 91 92 93 94 95 96 97 98 99 100 101 102 103 104 105 106 107 108 109 110 111 112 113 114 115 116 117 118 119 120 121 122 123 124 125 126 127 128 129 130 131 132 133 134 135 136 137 138 139 140 141 142 143 144 145 146 147 148 149 150 151 152 153 154 155 156 157 158 159 160 161 162 163 164 165 166 167 168 169 170 171 172 173 174 175 176 177 178 179 180 181 182 183 184 185 186 187 188 189 190 191 192 193 194 195 196 197 198 199 200 201 202 203 204 205 206 207 208 209 210 211 212 213 214
AAA_C 159 65 37 29 19 19 11 16 10 9 9 9 5 8 6 9 11 7 5 4 2 7 7 5 3 4 4 4 2 2 2 1 4 4 2 4 3 6 6 5 1 3 0 1 1 3 3 1 2 4 1 2 1 5 3 2 3 2 1 5 3 3 5 0 1 1 2 3 5 1 1 1 2 0 4 4 2 2 4 1 2 1 2 0 4 1 1 4 2 3 2 1 1 1 1 1 2 4 2 0 2 3 3 3 1 0 2 2 0 1 2 0 5 2 1 2 1 0 2 1 1 2 2 1 0 1 1 2 3 0 1 1 3 1 3 2 2 0 1 2 2 2 0 3 1 0 2 1 0 2 2 0 1 1 0 0 0 4 1 1 1 1 3 1 1 1 1 0 0 0 0 1 0 3 1 0 1 0 3 1 1 3 1 0 0 0 4 1 3 1 0 2 0 0 0 1 3 1 0 1 1 0 3 2 0 2 2 2 3 4 5 6 5 42
AAA_G 263 102 59 51 40 29 19 15 16 16 12 22 11 10 11 7 7 9 10 6 8 11 9 12 8 6 6 6 6 8 9 3 4 5 6 5 1 10 5 4 6 9 5 7 5 6 3 4 3 1 0 2 7 2 4 6 4 2 12 1 4 6 2 4 7 3 3 5 2 3 4 5 4 2 2 4 1 2 6 3 4 2 1 4 2 2 4 6 5 3 4 6 5 2 1 0 5 5 4 0 1 2 4 1 2 2 4 3 4 1 0 2 2 1 6 9 0 1 1 4 3 1 1 2 2 1 1 2 1 1 1 2 4 2 3 1 1 2 1 6 5 2 1 5 3 3 3 5 1 0 1 3 1 3 3 1 1 2 2 3 2 2 2 0 2 0 1 1 1 1 1 1 4 3 3 1 3 6 2 2 1 1 3 1 2 2 1 2 1 0 1 3 2 0 2 3 3 2 1 0 0 2 3 1 3 0 6 6 11 3 2 8 10 73
AAA_T 83 42 16 21 10 8 12 9 4 4 8 2 6 3 3 4 6 3 3 4 1 2 2 5 3 5 2 2 1 3 2 1 2 4 4 1 3 0 3 4 3 3 1 3 0 1 1 1 4 1 1 1 1 1 1 4 3 2 0 1 2 2 1 0 3 0 0 1 1 0 0 1 2 0 0 2 1 2 1 0 0 3 3 0 0 1 0 1 1 1 1 0 1 1 3 3 2 0 2 1 1 2 1 3 2 4 0 3 0 0 3 0 0 0 2 0 0 1 1 0 1 1 1 4 1 0 2 0 0 1 1 0 1 2 1 0 2 1 1 1 1 1 0 0 0 2 0 0 1 1 0 1 0 0 2 0 0 3 0 0 1 0 0 0 0 1 0 1 2 0 2 1 0 1 0 1 0 1 1 0 0 0 0 1 0 0 1 0 0 0 0 1 0 0 1 0 0 1 1 0 1 1 1 3 0 0 1 2 0 1 0 1 4 33
AAC_C 51 26 13 9 6 8 2 3 7 3 1 2 1 1 3 2 1 2 3 1 1 3 0 0 3 0 2 2 3 0 2 0 0 0 1 1 3 0 2 1 1 0 2 1 2 2 1 0 0 0 1 1 0 1 0 0 1 0 1 0 0 0 2 0 1 1 2 1 0 0 2 0 1 0 0 1 0 0 0 2 1 1 0 1 0 1 2 0 0 0 1 1 2 0 0 1 1 0 1 0 0 0 0 0 0 0 0 0 1 1 0 0 0 0 0 0 0 0 1 1 0 1 1 2 1 0 1 0 4 0 0 0 2 1 1 2 1 0 0 0 0 2 0 0 0 1 0 1 0 0 0 0 0 0 0 0 0 1 1 0 0 1 1 0 0 1 0 0 0 1 1 0 0 0 0 1 0 0 0 1 0 0 0 1 0 0 0 0 0 4 0 1 1 1 1 0 0 1 0 0 0 0 1 0 0 0 0 2 0 0 0 1 6 21
AAC_G 198 62 28 44 20 20 11 16 9 16 9 11 7 6 5 9 8 9 5 6 6 14 2 4 6 7 4 3 1 4 4 4 3 2 5 4 7 3 2 2 3 2 6 8 4 4 2 5 1 4 3 2 2 1 3 4 3 5 0 3 6 1 3 0 2 4 2 2 2 2 1 1 3 4 3 3 2 3 2 4 2 2 0 2 1 4 1 6 2 0 2 4 4 4 3 1 1 2 4 3 2 2 3 0 1 1 6 1 2 1 2 1 3 3 3 1 2 4 1 1 2 1 2 3 4 2 4 1 2 2 1 2 0 4 1 2 1 3 1 1 0 1 1 3 0 1 2 1 2 2 3 2 0 2 0 3 1 4 1 0 1 1 2 2 1 1 2 1 2 2 3 3 0 2 0 0 2 0 1 2 1 1 1 2 0 0 0 4 0 3 2 2 1 2 1 2 5 0 2 2 0 2 2 5 0 3 3 3 2 0 3 4 6 58
AAC_T 45 15 9 3 3 1 5 2 2 2 1 5 0 3 0 1 1 1 2 1 1 4 2 0 0 1 0 0 1 0 0 1 2 2 1 1 0 0 1 1 1 1 0 1 0 0 2 0 0 0 3 1 0 0 0 1 0 0 0 0 1 1 2 0 1 1 0 1 0 0 2 0 0 1 1 0 0 0 2 0 1 0 1 1 0 1 1 1 0 3 0 0 1 0 0 0 1 0 1 1 0 0 0 0 3 1 1 0 0 2 0 0 0 0 0 1 0 0 1 0 0 0 1 0 1 0 0 0 1 0 0 0 0 0 0 0 1 0 0 0 0 0 0 0 0 0 0 0 0 0 0 0 0 0 0 0 2 1 0 1 0 1 0 0 1 1 1 0 0 0 0 0 0 0 0 1 0 0 1 0 0 0 0 0 0 1 1 0 1 0 0 0 0 1 1 0 0 1 0 1 1 0 0 1 0 1 3 0 0 3 1 0 3 9
AAG_C 56 23 13 17 13 6 4 10 6 5 3 2 1 2 2 2 2 2 2 0 2 3 3 1 1 1 1 5 1 2 0 0 2 2 2 1 1 1 1 2 3 0 2 2 0 2 2 1 0 1 1 0 0 0 0 1 2 3 0 1 0 1 1 0 2 1 0 1 0 1 0 0 1 1 0 2 2 0 0 0 2 0 0 2 0 1 1 0 0 0 0 0 2 1 0 1 1 2 0 1 1 1 1 0 0 0 0 0 1 0 0 0 1 1 2 2 1 1 0 0 0 0 1 2 0 0 0 2 1 0 1 0 1 0 0 0 1 0 0 2 0 0 0 1 0 1 0 0 0 0 1 0 0 1 0 0 1 1 3 0 0 0 1 0 1 0 0 2 0 0 0 0 0 0 0 0 0 0 1 1 0 0 1 0 0 1 0 1 0 0 0 2 0 0 0 0 0 2 0 1 0 0 0 0 0 0 1 0 1 1 1 1 2 15
AAG_G 194 62 44 29 28 16 16 13 19 9 12 13 7 10 3 14 8 2 8 6 6 7 6 8 2 6 4 6 4 3 2 3 5 1 4 7 3 7 2 4 2 2 2 4 5 5 2 3 5 2 3 5 0 4 4 4 5 3 5 4 2 3 4 0 2 3 3 4 3 3 1 3 5 0 4 4 2 2 3 5 2 4 3 1 2 3 4 5 1 3 0 4 4 2 2 0 2 7 2 2 0 0 0 3 1 2 3 1 4 1 1 0 0 0 0 5 2 3 0 1 2 0 0 0 6 2 0 3 3 1 4 1 4 0 1 4 2 2 1 5 3 1 1 1 1 2 1 0 1 4 3 0 1 4 1 1 5 1 3 2 1 3 2 1 0 4 2 4 0 0 0 3 1 1 1 3 1 3 3 2 2 3 1 1 0 2 4 4 2 2 4 1 2 1 0 5 2 1 3 1 1 2 1 3 3 1 1 1 4 2 1 6 19 79
AAG_T 42 14 9 8 5 3 3 1 2 1 2 2 1 2 2 1 2 0 0 2 0 2 0 1 0 1 2 2 2 1 0 1 2 0 2 1 2 1 0 0 0 0 1 1 1 0 0 1 0 0 0 0 2 2 0 1 2 0 1 2 1 0 1 0 2 0 0 0 2 0 1 1 2 0 1 0 0 1 0 1 0 0 0 2 1 1 1 0 1 1 1 2 1 0 0 0 0 0 0 0 0 1 0 0 0 0 1 0 0 2 0 0 0 0 0 0 0 0 1 0 0 0 2 0 0 0 0 0 0 0 1 0 0 0 1 0 2 0 1 0 0 1 0 0 0 0 1 1 1 0 0 0 0 0 0 0 0 1 0 1 1 0 1 1 0 0 1 1 0 0 1 0 0 0 0 0 0 0 1 1 0 1 0 0 0 0 0 0 0 1 0 0 1 0 0 0 0 0 0 0 0 0 0 0 0 1 0 4 1 1 0 1 2 13
AAT_C 69 24 19 12 5 5 4 6 6 5 1 1 1 1 1 3 5 1 6 0 0 3 0 3 1 1 0 1 1 0 1 0 1 0 0 1 1 3 1 0 1 3 2 1 3 0 1 0 0 0 1 1 1 1 1 1 0 1 3 0 3 0 1 1 2 1 2 1 0 0 0 0 1 0 0 2 0 0 1 1 1 1 1 0 1 0 0 1 0 1 2 1 1 0 0 0 1 1 1 1 1 0 1 0 0 0 0 0 0 1 0 0 0 1 1 0 1 0 0 1 0 0 0 0 0 2 2 0 1 0 0 1 0 0 3 0 0 0 1 0 2 0 0 0 1 0 1 1 1 0 0 0 2 0 0 0 0 1 0 2 0 1 0 0 0 1 1 0 0 2 0 0 1 1 0 1 0 1 0 0 2 0 0 2 0 0 0 0 1 1 1 0 1 1 1 0 1 0 0 1 1 0 1 0 0 0 0 0 0 1 2 4 5 13
AAT_G 414 147 82 60 54 40 20 29 25 23 17 18 21 25 21 23 12 13 8 9 11 20 17 12 11 13 10 15 5 9 6 4 10 13 8 7 8 14 6 5 9 5 9 10 13 6 6 11 11 7 5 8 8 5 6 7 4 7 2 6 5 5 7 5 8 6 5 10 8 7 6 4 4 4 8 6 5 5 2 5 5 8 5 6 3 4 5 1 4 5 5 4 1 9 3 5 2 9 3 4 5 1 7 6 4 6 5 3 2 1 3 2 4 3 4 8 3 4 2 2 1 2 2 2 5 5 4 2 4 3 4 1 5 4 5 3 6 4 2 3 7 3 3 2 4 3 5 4 3 3 3 6 3 0 3 3 2 2 0 0 1 3 4 3 2 1 5 0 4 2 3 3 6 1 3 3 5 5 4 5 4 3 3 1 0 2 5 3 4 0 3 3 3 0 2 8 4 1 4 3 5 2 3 4 3 6 5 6 4 4 11 7 17 101
AAT_T 97 33 23 15 13 7 7 9 7 4 0 4 4 1 2 5 7 4 1 4 0 2 0 2 3 2 3 4 1 2 1 0 0 1 3 0 2 3 2 0 0 1 1 3 0 1 2 0 1 1 1 1 0 1 0 1 1 0 1 1 2 0 0 1 1 0 0 1 1 1 1 0 1 1 1 0 1 0 0 2 1 1 1 1 0 0 0 2 1 1 3 2 0 1 0 1 0 0 1 0 1 1 0 0 1 0 2 1 1 0 1 0 1 1 0 1 0 0 0 0 2 0 0 0 0 0 1 2 1 1 0 1 0 0 0 1 1 0 1 0 0 0 1 2 1 1 1 0 0 0 0 1 0 0 2 0 1 0 2 1 0 0 1 0 1 1 1 0 0 0 0 1 1 0 0 0 1 1 0 1 0 1 0 0 0 0 0 0 1 0 0 1 0 0 0 0 0 2 0 2 0 0 0 0 0 2 1 1 0 2 5 1 6 38
ACA_A 144 54 24 17 17 15 19 17 7 8 6 8 5 5 3 3 8 6 5 3 2 8 8 2 4 2 3 3 2 4 3 3 1 2 3 0 2 7 2 2 1 4 2 3 1 3 1 1 3 1 1 2 1 1 4 2 2 2 1 3 3 1 1 1 0 3 0 1 3 0 1 1 5 2 4 3 1 2 0 2 1 1 0 2 0 2 1 1 1 4 2 1 1 0 2 5 0 0 0 2 1 1 4 2 2 0 2 1 0 0 1 3 0 2 2 0 2 1 0 3 1 0 1 1 2 2 2 0 0 1 2 2 1 0 0 0 2 1 0 1 0 0 1 0 1 0 1 0 2 1 1 4 0 1 1 1 0 4 0 0 0 0 1 0 1 0 1 1 1 2 1 2 0 3 0 0 0 1 0 1 1 0 0 2 0 0 0 1 0 0 0 1 1 0 0 1 1 1 1 2 1 0 1 1 2 1 1 2 4 5 1 2 12 37
ACA_G 128 40 26 17 21 13 13 11 10 9 8 6 4 1 7 5 3 3 4 6 4 4 1 7 6 3 7 4 3 3 1 4 1 6 2 1 2 10 2 2 3 5 3 5 4 2 2 1 1 3 1 3 0 1 1 2 1 2 1 1 3 2 4 1 0 1 2 2 0 4 1 2 0 2 1 1 3 2 0 0 0 2 3 0 2 1 2 3 4 1 1 3 0 0 3 3 0 3 2 0 2 1 1 0 1 2 3 0 0 0 1 0 2 2 0 2 0 1 0 2 1 1 2 1 2 2 2 1 0 0 1 0 0 1 1 0 0 0 1 0 3 2 3 0 1 0 0 1 0 0 1 0 1 2 0 0 0 3 1 1 0 1 3 0 1 0 0 1 0 0 1 1 0 0 0 0 0 0 0 1 0 1 0 2 0 2 0 2 2 1 0 1 0 0 0 3 1 3 0 1 1 2 1 3 0 1 1 2 3 2 5 3 7 40
ACA_T 500 178 86 61 55 52 32 35 30 29 17 29 28 20 18 13 16 18 10 12 17 17 13 6 14 10 17 10 17 8 9 7 8 10 9 5 9 10 3 5 12 6 11 9 11 2 4 4 6 8 7 7 5 6 5 9 5 8 7 8 4 5 7 3 4 5 8 4 7 3 8 4 5 4 4 4 3 7 7 5 2 4 3 4 6 8 4 7 5 4 8 1 5 9 5 5 4 11 4 6 3 8 4 5 4 4 6 2 2 6 0 4 4 5 5 3 2 4 6 3 2 3 7 6 1 5 4 2 2 6 3 1 0 2 1 5 4 1 6 2 2 1 0 0 0 3 3 2 3 6 3 3 4 5 0 3 6 4 4 2 2 1 2 4 1 4 2 4 5 2 4 4 3 2 8 7 1 3 5 1 3 3 4 2 3 0 5 7 4 4 7 4 1 2 2 0 2 5 5 3 5 2 1 3 13 1 4 5 8 10 12 13 25 208
ACC_A 182 66 38 21 22 18 11 11 8 10 6 16 8 12 5 3 7 3 3 5 9 5 6 8 1 6 1 3 1 4 3 5 2 0 1 2 3 5 2 4 2 1 4 4 3 7 2 4 1 2 2 4 2 3 2 2 4 2 2 2 3 2 0 4 2 5 1 1 2 1 3 5 0 2 1 2 0 4 0 2 1 2 2 1 3 0 2 0 0 0 4 1 3 2 5 3 0 3 1 1 1 2 1 2 0 5 0 2 1 0 1 1 0 0 1 0 2 2 1 2 1 2 2 2 2 0 3 2 0 3 0 2 5 0 0 1 2 0 1 2 2 1 2 2 4 0 1 1 1 2 3 0 4 1 0 0 2 0 1 0 3 2 1 1 2 1 1 0 1 1 0 0 2 0 0 1 1 2 0 1 0 0 0 0 0 0 0 1 0 2 1 3 3 1 4 0 1 0 1 1 1 3 2 1 0 2 2 2 2 2 3 2 10 42
ACC_G 84 37 22 19 12 14 6 7 5 3 7 3 6 5 3 3 5 3 6 0 3 3 6 2 2 1 1 2 1 4 0 1 3 2 1 1 5 3 0 0 3 3 2 2 1 0 0 0 0 2 1 1 3 1 1 1 1 0 2 0 4 1 1 2 0 2 1 0 1 2 1 1 1 1 0 0 0 0 2 1 2 1 1 0 2 4 2 2 1 0 1 1 0 2 1 3 1 2 0 5 2 1 1 1 1 0 1 1 0 0 0 0 0 0 0 0 1 0 1 0 0 0 1 2 3 0 2 1 0 1 0 1 1 0 0 1 1 1 0 0 1 1 0 2 1 1 1 1 0 1 2 0 1 1 1 1 1 0 3 0 0 2 2 1 0 0 0 3 0 1 1 3 1 0 0 1 1 2 0 1 3 0 1 0 0 2 0 3 2 1 3 0 0 1 2 0 0 2 0 1 1 0 0 1 1 0 1 2 2 2 3 5 6 22
ACC_T 437 158 91 70 64 38 35 27 25 20 14 15 24 14 18 21 9 6 9 6 10 13 5 12 8 6 9 5 4 12 4 4 4 8 3 11 6 8 3 7 5 3 3 12 5 5 8 1 7 4 5 3 1 4 2 5 5 6 6 5 8 3 8 2 8 5 6 3 1 3 3 4 2 3 1 6 3 3 7 2 6 3 2 2 2 3 1 3 4 0 2 2 2 2 2 3 3 3 5 1 5 1 2 1 1 5 1 1 5 5 2 6 2 5 1 8 6 2 3 2 7 3 1 5 3 5 3 3 2 3 4 4 4 4 3 4 3 6 0 2 2 1 0 3 0 2 2 1 5 1 2 0 3 3 2 1 2 3 0 3 2 2 1 1 3 0 1 5 4 4 0 4 0 1 3 3 2 3 3 1 1 1 1 3 1 1 3 1 2 1 1 2 1 3 3 2 0 0 0 5 3 1 5 1 2 3 2 2 4 3 8 4 20 66
ACG_A 60 12 13 15 7 6 3 6 3 3 3 2 2 1 2 2 4 1 0 3 1 2 1 2 2 0 3 0 0 2 1 1 1 2 2 2 1 3 1 2 0 2 1 1 2 1 0 2 2 1 0 0 2 3 1 0 1 1 1 0 2 0 2 0 1 0 1 0 1 1 2 0 0 1 0 1 0 0 0 0 0 0 0 1 1 1 0 0 2 0 1 0 1 0 0 1 0 2 0 0 1 2 1 0 0 0 1 1 1 0 0 0 0 0 0 0 0 0 0 0 0 0 1 1 0 0 0 1 0 1 0 1 1 0 0 0 2 1 0 1 2 1 0 0 0 0 0 0 1 0 0 0 1 0 0 0 1 0 0 0 0 1 0 0 0 0 0 1 1 1 3 1 1 0 0 1 0 1 1 0 0 0 0 0 0 1 0 0 0 0 0 0 1 1 0 0 0 0 0 0 1 1 0 1 1 0 0 1 1 2 0 0 2 12
ACG_G 34 20 7 6 7 5 2 3 0 0 1 1 1 1 4 1 1 2 1 0 2 2 1 4 1 3 2 3 0 0 2 1 1 0 2 0 1 1 0 1 1 2 1 0 0 3 0 1 0 0 1 1 0 0 0 1 0 2 0 1 0 1 2 0 1 0 0 0 0 0 0 0 0 2 1 1 0 0 0 2 1 1 0 2 2 0 1 0 0 0 0 0 1 0 0 3 0 0 0 2 1 0 0 0 1 1 0 1 2 0 2 2 0 0 1 1 1 0 0 1 0 0 1 1 0 0 0 0 0 0 1 0 1 1 0 1 2 1 0 0 0 0 0 0 1 0 0 0 0 0 1 0 0 0 0 0 2 1 0 1 0 0 0 1 0 1 0 0 1 0 0 1 0 0 0 0 0 0 0 1 0 0 0 1 0 1 0 1 0 1 0 1 0 2 0 0 0 1 0 0 0 0 0 0 0 1 0 0 0 1 0 2 3 23
ACG_T 1281 395 248 172 109 108 78 73 54 54 53 44 58 41 39 36 39 33 31 35 29 27 26 26 25 25 24 28 15 23 22 14 24 23 24 18 19 22 22 15 14 22 9 20 22 27 14 12 22 14 14 14 17 13 15 20 16 13 12 10 19 18 15 14 16 20 16 6 15 10 7 18 12 6 8 13 12 6 7 8 9 12 9 16 20 11 10 9 16 7 11 9 8 10 13 10 6 19 13 9 6 6 18 7 5 4 13 4 5 5 6 8 3 5 11 10 3 6 11 7 12 9 6 9 8 11 9 4 10 9 6 5 2 6 7 5 9 4 3 8 12 13 8 6 15 6 6 9 3 8 9 5 5 6 4 4 7 8 3 6 4 6 10 14 7 2 7 2 5 7 10 2 6 6 7 8 2 3 8 10 5 7 4 7 3 7 8 8 10 5 9 10 0 7 8 10 2 3 4 10 6 7 5 6 11 6 12 6 15 16 17 22 45 273
ACT_A 62 23 15 8 9 7 3 6 7 2 2 2 2 5 4 2 2 4 2 0 1 1 3 2 0 2 0 0 1 0 0 4 0 3 0 2 0 0 0 0 2 1 0 0 1 1 1 0 0 1 1 2 1 1 1 2 1 0 2 0 1 0 2 0 0 2 1 1 0 1 0 0 0 1 1 0 1 1 2 2 0 0 0 0 0 0 0 1 0 1 0 1 0 0 0 0 1 1 1 0 2 0 1 0 0 1 0 1 1 2 0 0 1 2 1 0 1 0 1 0 0 0 0 0 0 0 1 0 1 0 0 1 1 0 0 0 0 3 0 0 1 0 1 0 1 0 0 0 0 0 0 0 0 1 1 0 1 2 1 0 0 0 0 0 0 0 0 1 0 3 0 0 0 1 0 0 0 0 0 0 0 0 1 1 0 0 0 1 0 0 1 0 0 0 0 0 0 0 2 1 1 1 0 0 0 1 0 0 2 1 1 0 1 21
ACT_G 104 41 31 20 10 8 9 12 5 5 1 5 7 2 5 2 10 4 4 6 5 4 2 3 0 0 2 0 0 2 5 4 4 1 1 3 5 5 0 4 4 1 2 1 1 2 2 3 2 8 2 1 1 1 1 0 1 3 6 0 3 0 1 1 2 3 1 1 1 3 2 1 0 1 1 2 2 0 0 0 1 1 1 1 3 3 0 0 3 0 3 4 2 2 0 2 1 4 4 1 1 0 1 1 1 0 0 0 1 1 1 1 1 0 0 0 1 0 0 0 0 2 1 1 4 1 0 0 1 1 0 2 0 2 0 1 0 1 1 0 0 1 0 0 2 1 0 1 2 0 1 2 0 0 0 0 2 1 1 1 1 0 1 0 0 1 1 0 0 1 0 1 0 0 1 0 1 0 1 2 3 2 0 0 1 1 0 0 1 0 0 0 0 1 0 2 0 0 0 1 1 0 0 2 1 0 1 0 4 1 2 1 9 23
ACT_T 318 109 69 45 41 29 19 27 24 18 18 15 13 11 12 19 14 7 15 5 5 11 4 14 9 10 7 9 6 6 10 8 5 4 5 4 9 7 4 3 6 3 4 4 8 5 3 9 5 5 7 2 3 2 2 7 5 10 3 3 7 4 1 4 5 5 8 4 4 3 6 3 1 5 5 2 4 2 1 1 4 2 3 1 2 7 1 1 3 4 2 3 2 6 7 3 3 2 2 4 0 1 3 6 4 4 4 1 4 4 3 2 2 1 5 2 6 3 2 2 3 0 1 1 0 3 1 1 4 1 0 4 1 3 1 7 4 1 1 2 5 4 2 1 3 0 4 3 3 1 1 3 2 2 2 1 0 2 2 1 2 2 1 1 1 1 1 2 2 3 3 0 3 1 0 2 1 2 0 4 2 2 4 0 3 1 2 3 4 3 2 2 1 2 1 1 1 0 3 6 3 3 2 2 3 3 1 1 4 6 6 7 18 140
AGA_A 363 118 72 48 44 30 17 21 20 25 14 12 12 6 12 17 10 6 11 5 11 7 7 15 10 6 3 8 8 6 10 5 7 5 5 9 9 2 3 4 5 4 7 5 6 5 5 5 7 4 3 5 4 2 2 7 2 5 1 4 3 3 5 5 2 2 4 5 2 5 3 3 2 6 3 4 3 1 7 6 10 5 2 9 4 1 2 4 2 4 5 0 4 5 2 5 4 2 1 4 4 3 1 3 1 0 6 3 1 6 1 2 0 4 2 5 2 2 2 1 1 2 2 5 4 2 6 3 1 7 3 2 4 1 2 1 3 1 1 5 2 3 1 2 3 4 1 2 0 3 2 1 2 1 2 1 1 1 1 3 1 2 0 0 1 1 0 2 0 0 0 2 3 3 1 4 0 3 1 2 1 1 0 0 2 2 0 0 1 2 4 3 0 2 1 3 2 4 2 4 2 1 2 2 1 3 0 2 4 2 8 4 13 65
AGA_C 203 72 47 33 18 15 12 10 9 10 11 9 6 5 10 6 7 7 9 5 9 1 4 4 10 6 0 5 6 3 4 3 4 4 4 5 2 4 6 3 3 6 5 3 4 5 2 0 3 1 1 4 0 3 3 2 6 3 2 4 3 4 4 4 2 1 3 2 3 1 2 3 2 2 2 5 0 5 1 4 1 3 3 1 2 1 1 3 1 5 1 2 3 3 2 5 1 2 1 2 2 0 0 1 1 1 2 2 1 1 1 2 1 1 5 3 4 0 1 1 2 2 1 1 1 0 2 0 2 0 4 1 0 0 2 2 3 3 1 2 4 0 0 1 4 0 3 2 2 1 1 0 1 1 1 1 1 1 1 1 1 3 0 4 0 0 0 1 1 1 2 6 1 2 2 2 0 0 1 0 2 0 2 1 0 1 2 3 4 0 0 2 2 1 2 0 4 3 1 0 2 0 1 2 0 3 1 2 6 4 5 5 9 39
AGA_T 118 41 27 17 18 10 4 7 8 4 4 2 3 2 9 1 2 3 4 4 3 8 2 2 1 4 0 2 3 3 1 0 2 5 1 1 5 4 1 2 1 2 3 2 1 2 0 2 4 1 2 0 2 2 1 1 2 1 1 0 1 2 5 1 2 1 3 1 0 2 3 1 1 0 2 2 3 1 0 0 1 1 0 0 2 1 1 0 1 5 0 6 1 0 0 1 2 1 1 1 0 0 1 0 0 0 1 0 2 0 1 1 3 0 4 0 2 0 0 0 0 1 0 3 0 0 0 0 2 1 0 2 1 0 0 0 0 2 1 0 0 1 0 2 1 3 0 2 1 1 1 2 1 1 2 1 0 1 2 0 1 0 0 0 0 1 0 2 0 1 0 0 0 1 0 0 1 0 0 2 1 0 0 1 0 1 1 0 0 0 1 0 0 0 0 0 0 1 3 2 0 0 1 1 1 0 2 3 0 2 4 2 7 21
AGC_A 358 117 82 49 46 39 25 18 25 15 17 23 16 17 15 14 15 7 14 10 12 10 11 17 14 11 5 8 7 7 8 9 6 12 6 9 4 5 5 3 5 7 6 5 6 3 7 8 4 3 6 9 6 7 3 5 7 3 2 5 7 8 5 2 5 3 3 3 7 4 3 4 2 6 5 2 7 6 6 5 2 5 1 8 3 5 5 3 4 0 3 5 2 1 6 3 2 9 4 4 5 1 2 2 2 1 1 3 1 3 3 5 0 1 7 1 3 3 2 4 0 2 3 5 6 2 4 0 1 6 2 2 2 3 2 1 1 3 1 3 4 5 2 2 1 1 5 5 5 1 1 3 2 2 1 2 1 3 1 2 1 3 2 1 0 3 2 0 1 2 4 3 1 0 3 1 1 2 1 0 1 0 3 1 0 2 4 0 2 2 0 4 2 4 0 2 2 0 3 2 1 1 1 2 2 1 3 2 4 3 7 5 12 84
AGC_C 101 39 14 13 12 9 4 6 11 8 3 6 5 3 2 2 2 5 3 5 3 4 1 6 2 2 4 4 0 4 2 1 6 5 1 4 3 2 2 2 2 2 2 2 0 1 0 1 2 1 2 1 0 2 2 1 2 0 0 2 3 5 2 0 0 3 2 1 5 2 1 0 1 2 2 1 2 0 1 0 1 2 0 0 2 2 2 1 0 2 2 0 1 1 0 4 0 2 1 0 1 0 1 1 0 1 3 1 0 2 0 0 1 2 1 0 0 1 0 0 1 0 1 0 1 0 1 0 1 0 1 1 3 0 1 0 5 2 0 0 0 0 0 1 0 1 0 1 1 1 0 0 1 2 0 0 0 0 1 1 0 0 1 0 2 0 1 0 0 0 1 0 0 0 1 1 2 2 0 0 0 0 0 2 0 0 0 0 0 0 1 0 1 0 0 0 1 2 3 0 0 0 1 0 1 0 0 1 0 1 1 1 4 21
AGC_T 86 28 18 14 4 9 12 6 4 6 7 3 3 4 1 4 0 1 2 6 1 4 0 1 1 3 2 3 1 1 0 3 2 2 1 0 1 3 1 1 1 2 0 2 3 3 2 0 2 2 2 2 1 1 1 1 1 1 2 0 1 1 2 1 0 0 2 1 0 0 1 0 1 0 0 3 1 1 3 2 2 1 3 0 1 0 1 1 1 0 0 1 0 0 1 1 0 1 2 1 0 1 1 0 0 0 0 0 1 0 0 0 2 0 2 0 0 1 2 1 0 0 0 0 1 0 2 0 3 1 1 1 1 1 0 1 0 2 0 0 1 1 0 0 0 0 2 0 0 0 0 1 0 0 1 0 0 1 0 0 0 0 0 0 2 0 0 0 1 2 0 0 1 0 0 1 0 0 0 2 0 1 3 1 1 0 0 1 0 0 1 3 0 0 0 2 1 0 1 1 1 0 0 0 1 0 1 0 1 2 1 1 7 31
AGG_A 530 175 105 95 74 61 42 35 40 30 22 23 19 16 22 16 21 23 18 12 12 18 18 15 17 10 7 13 15 7 6 7 5 6 8 14 7 5 13 13 16 8 12 4 9 12 12 5 8 6 6 12 13 8 5 2 6 11 3 13 5 10 5 5 4 6 5 3 10 6 6 8 6 5 9 7 6 9 6 4 4 5 3 3 8 5 0 6 3 4 5 2 3 3 4 5 2 12 6 6 4 3 5 6 6 6 7 10 1 2 1 2 2 9 8 4 2 3 3 3 3 1 3 4 2 6 7 1 5 8 2 2 4 2 0 6 5 10 2 1 4 5 4 3 2 5 2 7 4 2 3 2 2 3 2 0 3 2 5 6 3 5 2 0 1 3 1 1 2 0 1 2 2 2 8 4 2 0 3 2 2 2 0 2 1 4 2 5 4 0 6 5 1 3 2 2 1 4 5 3 1 3 5 2 5 5 6 12 6 6 5 17 20 99
AGG_C 160 50 31 22 16 18 19 10 13 7 12 11 5 7 11 7 5 5 3 0 7 6 5 2 2 2 2 2 4 6 1 5 3 5 1 1 5 1 3 2 3 4 1 4 0 1 2 2 3 3 3 3 5 2 3 4 2 4 3 2 6 0 4 1 4 1 1 0 3 1 3 1 1 0 0 6 2 1 0 2 2 1 1 1 5 3 2 0 3 2 4 1 2 5 5 0 0 2 5 1 2 1 0 2 1 0 2 0 2 2 1 5 2 0 1 1 2 1 1 1 1 2 0 1 1 0 1 2 2 1 1 1 0 1 1 0 6 3 2 1 0 1 2 0 2 0 0 2 1 1 1 0 1 0 0 0 0 0 3 2 0 1 0 1 1 2 0 0 1 1 1 0 0 3 0 0 0 1 1 0 0 2 0 3 0 3 1 2 2 2 2 1 0 0 3 1 1 1 2 3 0 0 2 1 0 0 1 2 4 4 0 2 6 30
AGG_T 84 30 14 13 5 2 9 2 5 5 3 5 2 3 2 3 2 3 1 2 4 4 1 0 2 2 2 3 1 0 2 2 2 1 0 1 1 2 1 2 2 0 2 1 1 2 2 1 0 0 0 0 1 0 2 3 1 3 3 0 0 1 0 1 1 2 1 2 1 1 1 2 2 2 0 0 0 2 0 0 0 1 0 1 2 1 1 0 2 1 0 1 1 2 2 0 0 3 1 1 2 1 0 0 1 0 0 1 0 1 0 2 0 2 1 1 0 0 0 1 1 0 0 0 0 0 1 0 1 0 0 0 1 1 0 1 3 0 2 0 0 0 0 0 0 2 1 0 1 0 0 1 0 1 1 1 0 1 0 0 0 0 0 1 1 0 1 0 1 0 1 1 0 0 1 0 0 0 2 1 2 1 1 0 0 0 0 1 1 0 1 2 0 0 0 1 0 0 0 1 1 2 0 1 1 1 0 2 1 1 0 2 6 19
AGT_A 293 121 54 45 40 24 19 13 30 16 14 15 13 18 9 8 12 13 11 9 11 12 6 6 5 3 3 6 11 5 11 4 7 4 7 7 6 7 4 3 2 6 3 8 3 4 3 5 4 3 4 4 0 4 3 2 4 6 4 5 2 2 6 3 3 4 6 7 2 1 2 5 5 6 3 2 4 1 3 4 1 6 4 3 8 2 6 2 7 4 1 3 3 4 3 3 7 7 2 2 4 0 4 0 3 4 2 2 3 2 1 3 1 2 1 3 1 0 4 1 1 2 0 3 2 2 3 3 2 2 2 1 2 3 4 3 3 6 4 0 1 2 4 1 3 3 3 3 0 2 5 0 1 2 2 1 3 5 3 2 4 1 1 3 2 2 2 1 1 3 1 4 0 6 3 2 3 3 1 1 1 2 2 2 1 1 3 3 5 2 2 2 2 3 2 3 1 1 2 1 3 1 4 8 1 3 1 1 6 7 4 10 23 172
AGT_C 105 34 21 20 9 14 5 9 13 6 3 3 4 5 3 4 6 7 3 6 1 3 3 1 1 0 2 7 2 3 0 1 2 1 3 1 4 2 3 4 2 1 1 2 5 2 0 3 0 2 1 0 2 4 1 3 1 3 1 2 2 3 1 1 1 0 4 2 0 1 2 3 1 4 1 4 0 0 2 1 3 1 0 2 1 1 1 0 1 0 1 0 0 3 2 2 2 1 1 0 3 1 0 2 1 1 1 0 3 0 3 2 1 1 1 1 2 0 0 0 2 1 1 3 1 0 0 0 0 0 0 1 1 1 0 1 0 0 1 2 2 1 2 0 1 1 2 2 2 2 0 1 1 0 0 1 2 1 0 1 1 3 1 0 2 0 0 1 1 0 2 3 1 1 0 0 1 0 0 0 0 1 0 4 1 2 1 0 1 2 0 1 1 0 0 0 1 0 0 0 1 2 2 1 1 1 1 0 4 0 1 1 4 26
AGT_T 78 25 12 16 13 8 1 4 4 2 3 5 2 1 1 4 3 4 2 3 1 4 1 2 2 0 0 1 0 0 1 0 0 2 0 2 2 2 0 1 0 5 1 2 3 0 2 0 0 2 1 2 1 1 1 2 1 0 1 1 0 2 4 2 0 0 1 2 1 1 1 1 1 1 1 0 1 1 1 0 0 2 0 1 2 0 1 1 2 0 1 0 1 1 2 0 1 0 0 1 1 1 1 2 0 0 1 0 1 0 3 1 0 0 1 0 3 0 1 1 0 0 0 0 1 1 0 0 0 1 0 1 0 1 2 0 1 0 0 1 2 0 0 1 0 1 1 1 1 0 1 1 0 1 1 1 2 1 0 0 1 1 0 1 1 0 0 2 0 1 0 0 0 1 1 0 0 0 1 0 0 0 1 0 0 0 1 2 0 1 0 0 0 0 1 0 1 1 0 0 1 0 1 2 1 2 2 2 1 1 0 2 5 21
ATA_A 75 27 12 7 11 7 9 6 4 2 0 5 0 3 3 2 5 3 4 3 0 0 2 1 0 2 0 1 2 0 2 2 0 1 0 3 5 0 2 0 4 0 1 0 2 0 1 0 0 1 0 0 2 0 0 1 0 1 1 2 0 1 1 0 0 1 0 1 0 1 0 2 1 2 0 2 2 2 0 0 0 3 0 1 0 2 0 1 1 0 0 0 0 2 2 1 0 0 0 0 0 0 0 1 0 0 1 0 0 1 3 0 0 1 0 1 2 1 0 0 2 0 1 0 2 1 0 1 1 0 0 0 2 1 0 2 1 0 0 0 0 0 1 3 0 1 0 0 1 1 0 1 0 0 1 1 0 0 0 0 0 0 0 1 0 0 0 1 1 1 1 0 1 0 0 0 0 1 0 1 1 0 0 0 1 0 0 2 1 1 0 1 2 1 2 2 0 0 0 0 0 0 1 0 1 0 1 0 0 3 3 6 3 30
ATA_C 410 175 84 81 51 34 41 31 43 28 18 19 20 25 18 17 8 17 16 19 17 17 11 13 12 10 9 11 5 6 9 7 6 8 11 8 10 10 7 9 6 10 8 8 8 10 9 5 5 4 6 5 4 9 2 4 6 8 4 6 8 3 11 4 6 2 5 6 11 7 4 5 6 2 4 2 4 7 3 10 2 3 5 10 5 6 4 5 7 7 4 3 5 6 6 5 4 8 9 3 3 0 6 6 1 2 6 2 1 4 3 4 3 4 3 9 6 2 5 0 5 6 3 3 5 3 1 3 2 6 5 5 4 1 4 2 4 4 0 6 1 1 2 2 2 3 3 4 6 2 5 1 7 1 3 4 2 7 3 4 4 4 4 0 5 2 1 2 3 5 1 3 2 0 0 4 1 1 2 0 5 2 3 3 3 2 3 3 0 1 2 4 7 1 5 4 2 3 2 4 0 7 4 5 2 3 6 7 11 5 5 6 25 125
ATA_G 54 12 5 12 12 5 0 0 2 4 3 4 1 0 3 1 2 1 0 1 1 4 3 1 1 1 0 2 1 0 0 0 2 1 0 1 5 2 0 1 0 1 0 0 0 0 2 2 0 0 2 2 0 0 0 0 0 0 0 0 0 0 1 2 0 1 0 0 1 1 1 0 0 0 0 2 0 0 0 0 0 2 0 0 1 2 0 1 0 0 1 3 0 0 1 1 1 0 0 2 0 0 0 0 0 0 0 0 0 0 0 0 0 1 0 1 0 0 1 0 0 0 0 0 0 0 0 0 0 1 0 1 0 0 1 0 0 0 0 0 2 0 0 0 0 0 3 0 0 0 0 1 0 0 2 1 1 0 2 0 1 0 0 1 1 0 1 1 1 1 0 3 0 0 2 0 0 1 1 1 0 0 1 0 1 1 0 0 0 0 0 1 1 0 1 1 0 1 1 0 1 0 0 0 1 0 3 0 0 0 1 3 4 17
ATC_A 90 26 12 14 12 6 3 6 4 2 2 9 4 4 3 2 4 4 3 4 2 1 4 4 2 0 2 3 2 2 1 1 1 0 0 2 2 1 0 2 0 1 1 3 1 1 2 1 1 1 1 1 0 0 0 1 1 1 0 0 0 1 1 1 0 2 1 1 2 2 0 1 0 2 0 1 1 2 0 0 1 0 0 0 2 0 1 1 2 2 0 0 0 1 1 1 0 3 0 0 2 0 1 2 0 1 1 1 1 2 0 1 1 0 0 1 0 0 1 0 0 0 0 0 3 0 0 1 1 1 0 0 0 1 1 0 1 1 2 2 0 1 2 0 1 1 0 1 1 0 0 0 0 1 1 0 0 2 0 1 0 2 0 0 0 2 0 0 1 0 0 1 0 1 0 1 0 0 0 0 1 1 1 1 0 0 0 0 0 0 1 1 0 0 0 0 0 1 1 0 1 0 0 1 0 0 0 1 3 0 2 2 4 13
ATC_C 165 61 31 30 25 22 13 11 18 11 9 7 9 5 4 5 8 4 7 9 5 6 7 5 2 7 3 2 5 2 5 4 2 2 1 5 1 4 2 5 4 5 4 6 1 4 4 2 3 1 2 1 2 3 6 2 2 3 2 1 2 0 2 2 3 2 2 3 4 1 6 2 1 5 2 3 2 0 3 4 3 3 1 1 1 4 3 1 1 2 3 5 2 4 4 3 2 8 1 3 1 1 2 3 4 0 3 1 2 1 2 1 1 2 1 3 1 3 2 1 0 0 5 4 2 1 2 2 1 5 0 0 2 2 1 1 1 2 1 3 0 4 0 0 0 1 2 1 0 0 3 0 2 1 2 0 1 2 1 0 0 0 1 0 0 2 2 0 0 3 0 1 1 0 3 3 1 1 3 1 3 1 1 2 1 1 1 5 1 1 1 5 0 0 2 1 1 2 0 2 1 1 1 2 1 1 1 5 7 5 3 4 11 85
ATC_G 32 15 8 6 7 2 1 0 2 2 1 0 3 1 0 3 1 2 0 0 2 0 0 0 1 2 0 0 0 2 1 0 2 1 0 1 0 1 1 0 1 0 1 0 0 3 0 0 0 0 0 3 1 0 1 1 0 0 0 0 0 1 0 0 1 0 0 2 0 0 0 1 1 0 0 0 1 1 0 0 0 0 0 1 0 0 0 0 0 0 1 3 0 1 0 0 0 1 1 2 1 0 0 1 1 0 1 0 0 0 1 0 0 0 0 1 0 0 1 0 0 0 0 0 0 0 0 0 1 0 0 0 0 0 0 1 0 1 1 0 0 0 2 1 0 0 0 0 0 0 0 1 0 1 0 0 1 0 1 0 0 0 1 0 0 0 0 0 0 1 1 0 0 0 0 1 0 0 1 0 0 0 0 1 1 0 0 0 1 0 0 1 0 0 1 2 0 0 1 0 0 1 0 0 0 0 0 0 0 1 0 0 1 13
ATG_A 85 41 17 13 18 7 9 4 4 5 4 7 1 3 3 3 3 1 6 2 5 5 2 4 1 4 4 1 3 2 1 6 1 1 0 0 1 6 6 5 2 3 4 3 3 0 2 0 1 1 1 1 3 3 2 1 3 2 5 2 2 0 0 1 0 2 1 2 1 1 0 2 0 0 1 0 3 1 0 0 0 0 2 0 1 1 2 3 3 1 0 3 3 3 0 0 1 1 3 2 0 1 1 1 1 0 1 2 0 0 0 2 0 1 0 2 0 0 1 1 2 3 1 2 3 0 1 0 0 1 0 1 0 0 0 0 0 1 1 0 1 0 0 0 1 0 0 1 1 1 0 2 1 1 1 0 3 0 0 2 1 0 0 0 0 0 1 0 1 0 1 0 1 1 0 0 0 0 1 0 0 0 2 0 0 1 2 1 2 1 1 0 0 2 0 0 0 0 2 1 0 0 1 1 0 0 0 1 2 2 1 3 4 16
ATG_C 477 193 114 75 70 43 52 48 26 26 31 28 23 22 24 27 9 19 14 9 22 25 21 21 11 13 11 11 18 11 8 9 16 5 7 4 11 15 10 7 8 13 10 9 12 13 4 8 8 9 7 6 8 11 12 10 18 9 12 12 12 9 7 7 7 9 6 6 9 7 4 11 5 2 4 9 8 6 6 9 9 8 3 7 5 11 16 15 4 8 6 6 8 7 3 5 5 10 7 5 5 7 14 10 8 10 5 5 8 3 5 6 1 6 4 7 4 3 6 5 4 4 4 5 10 7 5 11 4 13 7 2 5 4 8 3 7 9 2 7 9 6 6 10 3 9 5 8 7 4 2 4 4 5 6 6 2 3 3 9 5 7 5 4 3 3 5 2 6 3 4 8 7 4 4 2 6 2 9 5 5 8 3 5 4 6 7 6 8 6 8 10 8 5 4 5 6 12 7 5 12 9 7 14 21 10 4 11 21 28 28 36 148 1307
ATG_G 81 24 20 14 7 7 6 7 5 1 2 5 2 1 1 4 3 4 3 1 3 4 2 1 3 2 2 4 2 0 4 1 1 0 1 1 1 1 2 1 3 1 1 1 2 1 2 1 3 2 1 0 1 1 1 0 1 3 1 1 1 3 5 1 2 4 1 0 1 0 0 1 0 0 0 0 3 0 1 2 3 1 0 2 1 1 2 1 0 1 1 2 4 0 1 2 0 2 1 0 1 1 2 0 0 1 3 2 1 0 0 0 0 0 0 2 1 0 1 0 1 0 0 1 0 1 1 0 0 1 0 1 2 1 0 0 0 0 0 0 0 0 1 0 1 0 1 2 1 0 1 0 0 1 1 1 1 0 1 0 0 1 1 0 0 1 0 1 0 2 0 1 1 1 1 0 0 1 0 1 1 0 0 0 0 0 0 1 0 0 1 1 0 0 0 2 1 1 1 0 2 3 0 1 4 0 1 2 3 2 1 2 3 22
ATT_A 74 31 21 19 13 6 6 5 4 2 3 3 3 2 1 2 4 4 2 3 1 4 1 2 0 2 1 1 3 4 0 1 1 1 1 3 3 2 2 2 2 1 3 1 1 3 1 1 4 1 1 0 0 1 1 0 0 2 1 2 0 3 3 4 1 0 1 0 3 1 2 1 1 0 1 1 0 2 1 1 1 0 0 1 0 0 1 0 1 2 1 0 0 1 0 0 1 1 1 1 0 2 0 0 0 0 2 0 0 2 0 1 0 0 1 2 1 0 0 1 1 0 0 0 1 2 1 0 1 0 3 2 3 0 0 0 0 0 1 0 1 0 0 1 1 0 1 1 0 1 0 0 1 1 0 0 1 1 0 0 0 1 0 0 2 0 3 0 1 0 0 1 1 0 0 2 0 0 0 1 0 0 1 0 0 1 0 2 0 2 1 1 1 0 0 0 1 0 2 1 0 0 0 0 2 1 0 2 1 2 1 2 5 36
ATT_C 389 139 93 58 49 44 31 30 28 16 16 14 21 15 21 21 17 9 20 4 10 16 8 9 16 14 10 13 8 9 8 7 13 3 9 3 9 12 3 14 7 10 10 5 14 8 6 4 6 9 6 6 6 6 3 6 12 5 11 1 10 4 7 5 8 3 7 2 5 5 4 6 4 6 4 4 2 2 2 2 3 2 3 4 6 4 6 7 3 6 6 0 2 5 9 4 2 5 6 7 0 3 5 4 5 2 8 5 7 2 1 2 3 2 3 5 1 3 1 2 6 1 3 4 4 1 2 3 4 5 3 3 3 6 1 0 4 1 1 0 2 5 0 1 3 4 3 3 4 4 0 2 2 2 1 0 1 1 3 1 1 3 3 2 4 4 2 3 3 2 6 3 3 1 3 7 0 2 3 3 2 3 3 4 1 1 5 5 5 5 1 4 2 3 4 1 6 1 1 1 2 7 6 1 2 4 4 6 3 8 3 11 20 103
ATT_G 49 23 16 13 8 4 4 4 2 3 2 2 3 6 0 3 3 1 1 1 0 3 3 2 2 5 1 2 1 0 2 3 3 0 0 1 1 3 2 1 0 0 1 1 1 3 0 2 0 0 0 1 1 1 1 1 1 0 1 1 0 1 1 0 0 1 3 2 3 0 4 0 0 0 1 1 0 1 1 0 0 0 0 3 1 0 1 0 1 0 0 0 1 0 2 1 1 0 1 1 0 1 1 0 0 1 1 1 0 1 0 0 0 0 0 1 0 0 1 1 1 0 3 0 1 0 1 0 0 1 0 2 0 1 0 0 0 0 0 1 3 0 1 1 0 0 0 1 0 0 1 1 0 0 0 1 1 0 1 0 0 0 1 0 0 0 0 1 0 0 0 0 1 0 0 0 1 1 0 0 0 0 0 0 0 1 0 0 0 1 0 0 0 0 0 0 0 0 1 0 1 2 0 0 0 2 1 0 2 0 1 1 4 21
CAA_C 77 35 19 15 11 10 4 9 3 2 4 4 6 3 0 1 3 5 3 2 3 5 2 4 4 2 0 4 1 1 1 3 2 2 0 2 1 0 1 1 4 4 1 3 1 5 2 3 1 2 3 1 1 4 0 1 1 1 4 1 1 2 1 0 0 0 2 1 1 2 1 0 0 3 0 0 3 0 0 1 1 0 3 1 0 0 0 0 5 1 1 1 1 0 0 1 2 2 1 0 4 1 3 2 0 0 0 1 0 5 1 0 0 1 0 1 1 2 2 1 0 0 1 1 0 0 0 1 1 2 1 0 0 1 0 0 1 1 0 1 1 0 0 1 1 1 0 0 2 1 1 0 2 2 1 1 0 0 0 0 0 0 0 1 1 0 1 0 0 0 4 0 1 0 0 2 0 0 1 0 0 0 0 1 1 3 1 2 0 0 0 1 1 0 0 1 0 1 2 0 0 1 2 2 2 0 1 1 3 3 3 1 6 29
CAA_G 170 81 42 34 23 14 13 7 14 12 4 11 9 7 8 11 5 4 9 5 4 5 6 5 4 4 2 5 5 2 3 2 5 2 5 5 7 9 2 1 5 5 4 6 5 6 2 5 4 2 4 3 2 2 3 3 6 3 4 5 0 2 8 0 2 3 5 2 1 4 3 1 2 2 4 1 5 4 8 2 0 1 0 4 6 1 3 4 0 1 2 1 5 3 4 4 2 6 0 3 3 0 6 2 9 1 0 2 0 8 6 6 2 3 4 7 2 2 0 3 1 2 1 5 4 2 0 1 0 1 5 2 1 1 1 5 1 3 1 2 1 4 3 1 4 2 4 2 1 3 1 1 1 0 3 1 2 4 2 1 3 1 2 0 2 2 0 3 1 5 2 5 3 2 0 3 1 1 6 0 3 1 4 2 2 6 1 3 2 6 3 5 1 1 3 2 6 5 4 1 1 6 5 4 5 5 4 5 12 10 8 17 61 539
CAA_T 45 12 6 3 5 2 3 3 2 0 3 2 2 4 0 1 6 1 1 0 0 0 0 0 1 0 1 0 1 1 2 0 2 2 2 1 0 1 0 0 0 1 3 3 1 0 0 0 1 0 1 0 0 1 0 0 0 0 1 1 0 0 0 2 0 1 1 1 0 1 0 1 0 0 1 0 0 0 0 0 0 0 1 1 0 1 0 2 2 0 0 1 0 0 0 1 0 0 0 0 0 0 0 0 0 0 0 0 0 0 1 0 1 0 0 0 0 1 0 0 0 0 0 1 0 0 0 0 0 1 0 0 0 0 0 0 1 0 0 0 0 0 1 0 1 0 0 0 0 0 0 0 0 0 0 0 2 0 0 0 0 0 0 1 0 0 0 0 0 0 0 0 0 0 1 1 0 0 2 0 0 0 1 0 0 0 0 0 0 1 0 1 0 0 0 1 0 0 0 1 0 0 1 0 0 1 2 0 1 0 1 0 2 6
CAC_C 133 25 22 12 12 7 6 11 8 6 3 4 6 2 7 2 1 6 3 0 2 1 2 3 4 1 1 0 2 0 4 1 3 0 2 0 2 1 5 5 4 1 3 2 1 4 1 3 1 3 1 3 1 0 1 1 0 2 2 1 3 1 0 1 4 2 1 0 0 0 2 2 2 0 2 2 0 1 2 2 1 0 0 2 0 3 0 2 0 3 1 0 0 1 2 2 5 2 0 1 0 1 0 0 0 2 0 0 1 0 0 1 1 1 1 1 0 3 1 2 0 0 2 0 2 0 0 0 0 3 0 1 1 1 0 1 1 1 2 2 0 4 0 1 2 0 0 0 2 0 4 1 1 3 0 0 0 1 1 2 0 1 0 2 1 0 0 0 1 1 0 1 2 0 2 1 0 0 1 0 0 1 0 1 0 0 0 0 0 1 0 2 2 0 0 1 2 5 0 2 0 0 2 2 2 0 1 2 0 3 5 3 6 25
CAC_G 294 108 53 49 23 30 17 23 18 19 23 16 9 17 15 8 13 12 11 4 14 15 7 11 6 10 7 5 12 3 7 12 11 2 11 4 5 9 5 5 8 5 8 3 2 8 3 6 4 5 9 7 7 4 2 5 7 0 6 5 7 7 8 5 6 10 7 3 4 2 3 3 3 4 6 6 9 2 5 6 3 4 8 3 5 7 2 2 10 2 2 1 7 2 4 0 7 6 6 3 3 5 3 5 5 1 2 5 3 4 3 3 2 3 5 6 1 5 3 3 4 2 1 3 2 6 3 5 3 3 6 4 3 3 3 4 6 4 4 5 3 2 0 1 5 1 3 4 7 3 5 3 6 6 2 3 5 6 2 3 3 3 4 2 1 6 2 6 4 4 2 5 14 6 5 3 1 5 4 5 3 6 3 5 3 4 5 4 0 6 9 4 1 1 5 2 4 4 8 7 8 8 8 6 10 17 9 7 28 17 15 26 95 926
CAC_T 42 19 13 9 5 9 8 4 4 2 3 3 3 3 5 2 1 2 5 6 3 3 3 5 0 1 2 1 3 0 0 1 0 0 6 1 4 1 1 1 2 0 4 1 0 1 3 2 0 1 2 1 0 2 0 1 3 0 2 1 3 4 2 0 1 3 2 1 0 0 1 0 1 1 0 0 1 0 0 1 0 0 1 0 1 2 0 0 0 2 1 1 0 1 0 1 0 0 0 0 0 1 0 0 0 0 1 0 0 1 0 2 0 1 0 1 0 0 2 0 2 0 0 0 0 0 0 0 1 2 2 0 0 0 0 0 1 0 0 1 0 1 1 1 0 0 0 0 0 0 0 1 0 0 1 1 1 0 1 2 0 1 0 0 0 0 1 1 0 1 0 0 2 0 1 0 0 1 1 0 1 0 0 0 1 0 0 0 0 0 0 0 0 0 3 1 0 1 0 0 1 1 0 0 0 2 1 1 0 0 1 2 6 11
CAG_C 109 36 24 30 15 14 8 7 4 1 4 4 4 5 1 2 7 2 2 3 1 1 4 2 4 2 3 2 3 4 3 1 5 3 2 1 1 0 1 2 3 2 3 2 2 4 0 1 0 0 1 0 2 1 4 2 1 1 2 0 1 0 2 1 2 3 2 4 1 1 0 0 0 1 1 1 2 3 1 1 1 1 0 0 0 1 2 2 1 0 0 1 1 1 4 0 1 0 0 0 2 2 4 0 1 0 3 3 2 4 1 1 0 2 2 1 1 0 1 0 0 1 2 0 1 0 1 2 1 0 2 2 0 0 1 0 0 2 1 1 1 1 1 1 1 0 1 2 1 0 1 1 1 2 1 0 0 0 1 0 0 1 0 0 1 2 0 0 0 1 1 1 0 0 0 0 0 0 0 0 0 0 0 0 1 2 3 0 1 0 0 3 1 0 1 0 0 4 0 0 0 0 0 2 0 1 0 1 1 0 3 4 4 21
CAG_G 394 133 85 57 39 36 25 34 19 28 8 22 18 12 14 13 16 18 13 15 14 21 15 11 18 16 6 11 8 4 8 14 4 7 14 13 11 3 6 11 9 4 9 13 8 3 4 6 7 5 8 7 10 12 4 6 9 3 7 8 15 10 10 7 12 6 7 8 6 8 6 6 6 8 9 4 5 1 5 5 6 5 5 5 9 10 4 7 6 11 7 4 7 5 5 5 5 8 1 7 2 9 8 4 6 7 7 3 6 12 4 5 2 5 4 7 9 3 6 5 5 4 7 7 5 6 2 1 2 7 6 2 5 3 4 8 6 3 1 6 11 4 5 6 7 4 3 6 4 3 7 5 6 6 3 4 5 4 7 6 1 9 5 1 3 1 5 4 8 3 10 3 7 7 9 5 6 2 3 8 5 4 4 7 3 8 4 10 3 5 9 9 5 5 5 5 8 9 7 7 9 9 7 6 17 9 7 17 23 27 16 54 121 1223
CAG_T 68 26 14 11 8 5 6 4 4 5 4 4 2 3 3 5 4 0 4 0 3 2 3 3 1 2 1 2 1 0 1 1 1 0 2 0 0 4 1 3 2 3 2 2 2 0 2 0 1 1 2 1 0 0 0 2 0 1 1 2 1 0 1 0 0 1 2 0 0 1 1 0 1 2 0 0 2 2 1 1 2 0 0 0 0 0 0 1 0 2 1 0 2 1 0 0 0 3 1 1 1 0 2 0 2 1 2 0 1 1 1 0 1 1 0 1 0 0 1 1 1 2 0 0 1 1 0 0 2 0 0 2 0 0 0 0 1 0 0 0 0 0 0 0 0 2 0 0 1 0 0 1 0 0 2 0 0 0 0 2 0 1 1 1 0 1 0 0 0 1 0 0 0 0 0 0 0 0 0 0 0 0 0 2 0 1 0 3 0 0 0 1 2 0 0 0 0 0 1 0 0 0 1 0 0 0 1 3 1 2 3 2 2 15
CAT_C 85 29 21 9 12 10 4 4 5 4 1 3 3 4 3 6 7 3 5 4 1 4 0 2 2 3 0 0 0 2 2 0 3 0 2 1 2 4 3 3 0 2 3 2 2 2 4 2 0 3 3 0 1 1 1 0 0 0 1 3 3 0 3 2 0 2 2 3 3 3 1 4 1 1 1 0 2 0 2 0 0 2 1 0 1 0 1 1 0 2 0 1 0 0 0 2 4 3 2 1 1 2 0 1 0 0 1 0 0 1 0 1 0 1 3 3 0 1 2 2 0 0 2 0 3 0 2 1 0 2 1 0 1 0 0 1 0 1 0 0 1 0 3 1 0 0 0 1 2 1 0 0 2 2 0 0 1 0 3 0 0 1 1 1 0 0 0 0 1 1 0 4 1 0 1 0 0 0 0 0 0 1 2 3 0 2 1 0 0 0 2 3 3 1 0 0 0 1 0 1 1 2 1 0 1 0 0 0 1 1 1 0 5 13
CAT_G 552 188 102 76 58 44 40 40 30 30 20 20 19 20 19 21 21 15 20 18 18 16 11 10 20 21 16 10 9 18 16 10 10 11 10 8 7 9 13 13 7 9 8 7 11 8 7 4 11 7 4 12 17 9 7 12 8 4 7 7 19 11 4 7 6 10 11 9 16 14 4 7 9 7 8 12 6 9 12 6 11 8 2 6 10 5 9 7 5 10 6 7 6 8 7 7 5 9 9 4 5 3 9 5 4 2 9 7 10 7 5 8 5 3 9 9 3 4 8 5 4 3 1 5 8 3 3 4 6 7 6 12 4 4 5 3 10 3 4 6 6 5 13 3 6 4 5 2 7 3 5 5 7 2 9 6 5 5 4 8 5 4 6 6 9 5 4 6 7 6 2 5 5 6 6 5 5 9 4 4 7 10 6 4 4 8 6 7 6 10 2 10 7 8 9 10 7 5 10 7 8 10 7 11 14 12 13 24 24 23 28 46 140 1346
CAT_T 92 35 18 18 11 9 3 10 9 3 5 4 6 5 3 4 8 5 5 2 4 4 2 2 7 1 2 3 2 2 2 4 2 0 0 1 2 2 3 1 4 1 3 1 0 1 0 1 1 3 0 1 1 3 2 2 1 3 1 2 1 2 1 2 0 0 1 1 1 1 1 0 2 2 0 0 2 1 2 1 3 0 0 2 1 0 1 3 0 1 0 2 1 3 1 1 0 0 1 3 1 0 0 0 1 1 0 1 2 2 0 0 0 0 0 0 1 1 2 1 2 0 0 0 0 1 0 0 0 0 0 0 2 1 0 0 1 0 0 1 0 0 0 1 0 1 3 2 1 0 0 3 0 0 1 0 0 0 1 0 1 1 0 0 1 1 0 0 3 0 1 2 1 1 0 0 2 0 1 0 0 0 0 1 0 0 2 0 1 0 0 1 0 1 1 3 1 2 0 0 0 1 0 3 0 0 1 0 2 2 0 3 3 17
CCA_A 101 38 18 13 9 12 3 8 7 5 6 4 10 2 3 3 5 3 5 3 1 7 2 3 1 2 0 2 2 2 2 0 1 1 0 2 2 4 1 1 1 3 2 3 2 5 2 0 4 1 1 2 2 1 2 0 1 1 1 1 0 1 1 0 0 0 2 3 1 2 1 3 1 1 1 1 1 1 2 2 1 0 0 2 0 4 0 0 1 1 0 0 1 2 1 0 0 0 0 1 2 1 2 0 1 0 1 1 0 1 1 0 1 0 0 0 1 1 0 0 0 1 0 1 2 0 0 1 0 2 0 3 2 0 4 1 0 0 0 2 1 0 0 0 2 2 0 0 3 0 0 1 0 0 0 0 0 0 2 0 0 2 1 0 0 0 0 1 0 0 0 0 1 4 1 1 1 1 0 0 0 0 1 0 0 0 0 2 0 0 1 0 1 0 1 1 1 1 0 0 1 1 0 0 0 1 0 2 0 0 1 2 4 34
CCA_G 104 34 20 10 16 9 2 8 9 9 3 3 6 7 5 4 2 1 2 6 3 3 2 1 2 0 0 2 3 2 0 4 4 1 3 2 2 3 3 1 1 1 0 1 1 1 3 1 1 4 1 2 0 1 1 2 0 0 4 1 2 2 1 0 2 4 2 1 1 3 2 1 1 0 1 1 1 1 3 2 2 1 1 1 2 0 4 1 2 2 1 1 1 1 1 1 4 2 0 0 0 2 0 2 1 2 0 0 0 0 2 1 1 0 1 1 0 0 1 1 0 1 0 2 0 0 1 1 2 1 1 0 0 2 0 1 0 0 2 1 0 0 1 1 2 0 1 0 0 0 4 1 0 2 1 0 0 1 0 0 2 0 1 1 0 0 1 1 1 0 1 0 1 0 0 0 0 2 0 0 0 1 1 1 1 1 0 0 2 1 2 2 2 1 3 1 1 1 0 0 0 0 0 2 0 2 1 1 2 4 3 1 11 23
CCA_T 461 155 92 77 64 54 39 27 25 26 19 25 29 16 16 18 19 8 8 5 9 9 5 10 13 6 8 11 6 7 5 8 9 4 15 9 13 6 5 9 7 6 11 4 7 7 7 7 13 7 13 7 3 10 6 6 4 8 8 7 7 8 4 6 10 5 4 4 2 4 8 6 6 2 6 4 4 3 7 2 4 8 1 4 1 8 3 3 4 5 1 4 3 4 4 3 3 9 5 5 4 3 5 3 4 3 4 2 2 2 4 3 2 7 4 1 3 2 1 1 3 3 3 1 3 1 4 2 2 6 4 4 3 4 4 1 3 3 4 2 0 2 3 2 3 2 2 0 2 1 4 6 5 3 5 1 0 2 5 1 4 7 4 2 2 0 1 4 2 5 2 4 2 2 1 3 3 1 3 1 3 2 2 0 0 2 3 0 0 1 2 2 3 2 2 2 1 2 2 2 6 1 1 6 3 4 2 0 2 4 5 9 23 85
CCC_A 173 55 32 20 20 11 8 12 6 8 6 4 8 6 5 4 3 1 4 7 3 2 4 3 1 4 4 1 2 2 3 2 1 4 2 0 1 0 4 1 5 0 2 2 2 5 2 1 2 0 4 2 3 3 3 4 1 3 1 0 2 3 4 0 2 1 0 0 0 2 0 1 2 4 2 3 1 5 1 5 1 2 2 3 1 0 2 4 1 1 5 2 0 4 2 3 0 1 3 2 0 1 1 0 1 2 3 2 3 1 2 2 0 0 1 1 1 0 1 1 3 2 1 0 4 2 0 3 1 1 1 2 1 0 0 2 2 1 1 2 0 0 1 0 1 2 0 1 0 1 2 1 1 0 2 0 0 0 4 1 0 0 1 0 1 0 1 2 1 0 1 0 2 0 1 1 1 1 0 2 2 0 3 0 3 0 0 2 0 0 0 1 1 1 0 0 2 1 2 0 2 0 1 0 0 0 0 0 2 2 2 1 4 28
CCC_G 175 64 43 22 19 15 12 15 15 7 6 3 5 6 6 7 8 3 10 10 4 7 4 3 4 6 6 6 4 3 0 3 4 2 0 3 7 2 1 2 5 1 0 1 3 2 5 1 2 4 0 3 0 4 1 0 2 2 1 1 1 3 2 3 1 4 3 1 2 2 2 2 2 1 2 2 1 3 2 3 3 3 1 0 2 4 2 0 2 4 1 0 1 1 2 2 1 3 0 4 0 2 2 0 2 2 2 0 0 0 0 3 0 0 2 2 1 0 1 1 2 1 1 3 1 2 4 4 2 1 1 2 1 1 2 1 2 1 1 2 2 0 1 1 2 2 0 1 3 2 3 1 0 0 1 4 2 3 1 0 0 2 1 1 0 0 2 0 0 2 1 2 0 1 1 0 0 0 1 2 0 1 1 0 0 0 1 1 1 0 0 1 0 0 0 0 0 1 0 1 2 3 1 2 3 2 2 1 3 2 2 1 9 29
CCC_T 513 195 106 89 54 47 36 27 31 26 17 29 24 24 22 18 16 11 9 15 13 14 8 18 11 13 23 14 12 10 9 12 8 10 11 12 8 8 3 8 12 5 11 9 8 4 6 7 5 7 11 3 12 8 5 10 6 5 5 4 6 5 9 7 9 9 6 3 6 4 5 2 5 5 8 9 7 10 6 5 3 3 1 9 10 3 6 3 9 3 3 4 0 5 5 4 5 11 3 6 3 2 6 4 3 1 11 7 2 3 2 8 1 4 6 6 1 1 5 5 3 3 3 3 3 2 5 8 7 3 1 6 3 1 0 3 2 3 3 2 6 3 3 4 4 4 2 5 5 1 4 1 3 3 2 4 4 3 2 0 5 4 2 0 1 2 4 2 1 2 2 4 2 2 1 2 0 3 1 0 3 0 1 3 2 3 1 4 2 3 3 5 2 5 2 3 3 2 6 5 0 0 2 5 5 4 4 5 4 11 0 5 17 99
CCG_A 53 17 11 6 9 3 4 6 2 4 2 2 0 2 2 2 2 1 5 0 1 1 2 3 1 3 1 5 1 1 0 2 1 0 0 0 0 1 1 1 1 1 0 3 0 2 2 3 0 2 6 2 3 1 0 0 0 2 0 0 2 0 0 1 4 0 1 1 1 0 1 1 0 1 1 1 0 0 1 1 0 1 0 0 1 1 1 0 0 0 0 0 1 2 0 1 1 1 0 0 0 1 0 0 2 0 0 0 0 1 2 0 0 0 0 0 1 1 0 0 1 0 0 1 1 0 0 0 1 1 0 1 0 1 2 0 0 1 1 0 0 3 0 0 1 1 0 1 0 1 1 1 0 0 0 0 1 0 0 1 0 0 2 1 0 0 1 0 0 0 0 0 1 0 0 0 0 0 1 2 0 0 0 0 0 1 2 1 0 0 1 1 0 1 0 1 0 1 0 1 0 0 0 0 1 2 1 0 1 2 0 2 2 10
CCG_G 71 30 16 11 6 7 7 4 8 1 6 6 4 2 4 4 4 3 4 2 2 3 4 3 1 2 2 3 0 1 2 1 2 1 2 1 0 3 1 1 0 1 1 1 2 3 0 1 0 1 1 1 4 1 0 2 1 0 1 1 3 2 0 3 0 0 2 1 2 1 1 1 0 2 1 0 1 4 1 0 0 4 1 0 1 1 0 0 1 1 1 0 2 2 1 1 2 1 1 0 0 0 0 2 0 3 0 1 1 1 1 0 1 1 0 1 0 0 0 2 1 0 0 2 2 1 0 2 1 0 0 0 0 0 0 1 1 0 0 0 0 0 0 0 0 0 0 0 0 0 1 0 1 0 0 0 1 2 0 1 0 1 1 0 0 0 0 0 2 0 0 0 0 1 0 0 1 0 1 1 2 0 0 0 0 0 0 1 0 1 0 0 1 0 1 0 0 2 1 2 1 3 0 1 1 1 0 2 0 0 1 0 4 13
CCG_T 1479 451 262 204 160 110 94 92 91 70 60 56 55 53 57 50 40 31 46 28 42 52 36 28 35 33 31 25 25 22 19 28 21 15 26 24 24 18 20 22 21 29 13 24 15 30 23 17 8 21 24 17 26 29 19 13 16 8 12 18 15 14 8 15 11 17 15 13 22 17 9 16 9 20 16 22 9 11 15 10 19 6 13 9 15 12 11 13 14 13 17 11 15 20 6 8 8 25 7 5 5 11 14 2 7 9 15 14 6 12 10 6 11 9 18 10 7 11 8 4 8 9 6 11 15 9 8 13 12 9 7 8 12 9 10 5 9 4 5 5 10 11 8 8 9 6 5 11 5 10 3 6 5 7 7 5 4 11 7 9 9 9 10 10 5 4 10 13 4 7 8 12 8 12 10 7 3 5 5 5 6 2 5 7 5 8 5 9 5 6 4 9 13 5 7 9 5 7 9 7 9 5 13 13 9 5 10 10 16 18 11 16 62 267
CCT_A 80 29 14 19 7 9 10 9 10 7 3 3 1 3 4 1 2 4 6 3 0 1 4 1 3 1 2 2 1 2 1 1 2 2 1 1 3 1 1 3 2 1 2 3 1 2 0 1 2 1 0 0 1 3 2 1 1 0 1 2 0 0 0 1 0 2 1 1 0 3 0 0 1 3 3 0 0 2 0 1 2 3 1 1 1 1 1 1 1 0 0 0 0 1 1 2 2 1 1 0 1 0 1 0 0 0 0 0 1 0 0 2 2 2 0 1 2 1 0 1 0 0 0 0 2 1 1 0 0 0 2 0 0 1 0 0 1 0 1 2 0 1 0 0 1 0 1 1 2 0 0 1 0 1 1 1 0 1 1 1 1 0 0 0 1 0 0 0 0 1 0 1 0 0 2 2 0 1 1 0 1 0 0 1 0 0 0 2 2 0 1 1 0 0 0 2 0 1 1 0 2 1 0 1 0 1 1 1 4 0 3 5 5 23
CCT_G 133 59 36 17 16 19 11 5 13 5 5 6 10 11 4 4 7 5 5 5 4 4 6 3 7 5 7 2 5 1 2 2 3 4 4 3 8 2 4 5 4 6 0 5 2 3 4 3 2 1 3 4 1 1 2 2 1 2 2 4 4 2 1 1 3 0 3 1 1 2 3 3 0 1 0 3 0 1 0 1 2 1 1 2 1 0 2 2 2 0 2 0 4 1 1 0 3 2 2 0 1 3 0 6 1 1 4 0 0 3 1 1 0 2 1 0 1 0 2 1 0 0 1 1 1 0 2 3 1 1 2 2 1 3 2 1 0 2 0 2 0 2 2 0 5 0 0 0 1 0 1 0 2 2 2 0 1 1 1 3 2 0 0 3 0 0 2 0 0 2 1 0 3 1 1 1 1 2 0 1 0 0 0 1 0 0 0 1 2 1 0 0 1 1 0 2 0 0 1 0 1 1 3 0 0 1 0 2 1 1 4 3 3 37
CCT_T 505 182 93 92 51 46 36 31 31 25 24 25 15 32 16 21 19 15 13 14 11 23 11 14 12 12 19 9 14 14 12 7 6 13 12 5 16 7 8 9 4 14 14 12 6 7 12 6 6 3 11 10 7 3 15 5 6 6 10 8 5 4 6 6 11 5 9 4 5 7 6 9 6 5 14 4 7 7 4 4 6 6 5 6 7 5 6 10 11 7 5 4 5 3 3 3 3 11 3 3 2 5 5 5 2 4 5 5 3 4 4 3 7 2 2 8 6 8 2 3 0 6 3 4 6 1 8 3 2 2 4 3 1 4 3 1 4 7 5 4 5 2 1 2 1 1 2 1 3 3 4 2 4 6 2 1 3 7 2 2 5 0 3 6 1 2 2 5 2 2 3 3 2 3 1 5 3 0 5 2 7 2 1 6 3 2 1 7 3 5 1 5 1 2 3 6 0 3 3 10 1 3 4 3 2 2 3 5 8 6 10 6 18 95
CGA_A 830 262 155 81 87 52 64 39 47 40 34 34 30 25 31 48 31 16 18 12 16 18 19 20 21 16 12 15 22 10 2 11 15 10 15 6 12 10 11 13 12 13 12 13 12 12 16 8 7 14 10 10 8 7 13 15 9 8 16 13 9 12 8 7 9 8 8 5 8 6 8 5 8 5 8 11 11 9 10 6 13 6 9 10 10 9 9 10 10 8 11 8 5 12 3 3 7 17 7 5 5 2 10 6 6 6 13 4 5 8 7 3 5 4 7 3 5 0 2 5 3 5 6 7 7 3 6 4 5 3 5 4 7 6 2 3 6 10 3 1 1 2 1 2 1 3 4 3 3 2 1 4 0 4 5 1 2 4 5 2 3 3 1 4 6 6 2 3 4 4 4 6 6 5 4 4 4 4 3 5 2 1 4 4 2 2 3 7 4 10 3 4 5 2 2 3 2 2 4 1 3 2 5 5 9 0 8 3 13 10 1 8 36 137
CGA_C 49 26 14 8 10 5 2 2 3 2 2 1 4 2 3 2 2 2 1 1 1 2 0 0 1 1 0 0 1 0 1 1 4 3 3 1 0 3 2 0 0 0 1 1 0 1 1 1 0 1 0 0 1 0 0 1 1 0 1 1 0 0 1 3 2 0 1 1 3 0 0 1 0 0 1 2 1 1 1 1 0 0 0 1 0 0 1 0 0 0 0 1 0 0 0 1 0 1 1 0 0 0 0 0 0 1 0 0 0 2 0 0 0 0 0 0 2 0 1 0 1 1 0 0 2 0 1 2 0 0 0 1 1 0 0 1 1 0 0 1 0 0 0 0 2 0 0 0 0 0 1 0 1 1 0 0 1 1 1 0 0 1 0 1 0 0 0 1 0 0 1 1 0 1 0 0 0 0 2 0 2 0 0 0 0 0 0 3 0 0 0 1 0 0 1 2 0 0 1 0 1 1 0 1 1 1 0 0 2 1 0 1 4 15
CGA_T 38 22 6 7 8 3 2 2 3 4 0 2 2 0 3 3 0 1 1 2 0 2 1 2 1 1 0 1 0 1 1 0 2 0 2 1 1 1 0 2 0 0 1 1 0 0 0 0 0 0 0 1 2 0 0 0 2 0 2 0 0 1 1 0 1 0 0 0 1 1 1 2 0 0 1 2 1 0 2 0 1 0 0 2 0 0 0 0 0 0 0 0 0 0 0 0 1 1 0 0 1 0 0 4 0 1 0 0 0 0 1 1 1 1 0 1 1 1 0 0 0 0 0 2 1 2 0 0 0 0 0 0 0 0 1 0 0 1 0 0 1 0 0 0 0 1 0 0 0 0 0 1 0 1 0 0 0 0 1 1 0 1 1 0 0 0 0 0 0 1 0 0 0 0 0 1 0 0 0 1 0 0 0 0 0 0 0 0 0 0 0 1 0 1 0 0 0 0 1 0 0 1 0 1 0 1 0 1 0 0 1 0 1 12
CGC_A 1172 408 224 151 114 103 85 48 85 57 55 49 45 44 47 40 37 38 37 28 26 37 26 26 20 26 19 27 24 17 10 17 19 15 17 20 16 19 15 26 21 27 13 20 13 17 16 20 17 19 16 14 15 13 14 12 17 18 12 20 12 10 10 12 9 12 9 9 15 8 14 12 15 8 11 11 15 16 8 12 15 14 2 15 12 14 10 8 13 8 6 8 8 9 9 12 5 21 17 5 6 8 12 6 6 6 8 8 2 7 10 6 9 9 4 10 10 6 7 11 4 4 6 12 7 9 9 7 2 3 8 5 5 5 5 9 9 6 3 5 8 3 5 6 5 0 2 3 8 7 8 7 7 6 6 6 4 9 4 5 4 8 5 11 3 7 6 3 8 9 9 4 3 3 7 11 6 4 8 4 5 3 1 1 5 4 6 6 8 6 3 7 4 9 6 3 1 8 5 6 3 5 5 5 6 4 10 9 9 8 16 16 39 187
CGC_C 33 15 9 3 3 5 2 4 0 3 3 2 5 1 1 2 2 2 3 1 8 1 2 1 2 0 1 1 1 2 0 1 1 1 1 1 2 2 1 1 3 1 1 0 0 0 0 0 0 1 0 0 0 0 1 2 0 0 1 1 0 1 0 0 0 0 1 0 2 2 0 0 0 0 1 0 1 1 0 1 0 0 1 0 0 0 1 0 3 0 0 0 1 1 0 2 2 0 1 0 0 0 1 0 0 0 0 1 0 0 0 0 0 0 0 0 0 0 0 0 0 1 0 0 0 1 1 0 1 0 1 0 1 0 0 1 0 1 0 2 1 0 0 1 0 2 0 0 0 0 0 0 0 1 0 1 1 1 0 1 0 0 0 0 0 1 0 0 1 0 0 0 0 3 1 0 0 0 0 0 0 0 0 0 0 0 0 0 0 0 0 0 2 0 0 0 0 0 0 0 0 0 0 0 0 0 0 0 0 1 0 0 4 16
CGC_T 91 28 16 12 3 7 6 5 5 3 2 1 5 4 5 4 5 6 1 3 3 2 2 4 4 3 1 3 1 4 1 2 1 3 0 2 1 4 0 2 3 1 3 2 0 2 0 2 2 1 1 1 0 1 0 3 0 2 1 0 0 1 1 0 0 1 1 1 1 0 0 3 0 1 2 0 2 2 0 0 1 1 2 2 1 0 0 0 1 1 2 2 0 0 0 1 0 2 0 0 2 0 1 0 0 2 1 0 0 0 1 2 0 0 0 0 0 2 0 0 0 0 0 5 0 0 0 0 0 0 0 0 0 1 2 1 0 0 1 0 1 1 1 0 0 2 0 0 0 0 0 2 1 2 0 2 3 0 0 0 0 2 0 1 0 0 0 0 0 0 1 0 2 1 0 1 1 0 0 1 0 0 1 1 0 0 1 0 1 0 0 1 0 0 0 0 0 0 4 0 0 0 0 0 0 0 0 1 0 2 2 3 5 16
CGG_A 1595 457 248 183 150 106 105 94 84 72 54 68 56 60 42 51 69 41 29 29 37 32 31 42 32 40 35 32 22 26 21 25 21 31 28 19 19 23 20 21 21 22 26 15 17 16 23 15 21 16 20 19 22 21 23 16 18 17 16 13 19 16 19 17 12 20 19 12 24 15 14 17 9 19 14 20 16 20 12 8 7 16 10 20 15 16 12 14 21 14 17 7 14 13 10 10 8 15 13 11 8 8 15 8 9 4 8 12 11 6 9 8 9 7 12 11 11 8 10 15 13 7 5 15 2 6 11 9 14 8 12 9 10 11 8 6 9 14 5 4 9 6 8 12 4 8 8 10 5 6 9 8 9 6 8 9 6 9 10 7 7 9 4 6 7 7 7 10 6 6 11 6 8 2 2 5 5 5 5 8 8 2 2 2 5 4 7 9 5 10 8 7 7 6 9 8 5 7 12 6 8 6 4 8 13 6 10 13 6 22 15 27 52 246
CGG_C 70 38 9 7 5 12 3 5 6 2 4 2 3 7 2 3 5 4 5 3 1 1 2 0 1 3 2 2 1 2 1 0 1 1 2 4 1 1 2 0 3 2 2 2 1 0 0 2 2 1 1 1 1 0 1 2 2 0 2 1 0 1 3 0 0 0 1 1 0 2 1 0 0 3 0 1 0 1 0 0 1 0 2 0 2 0 0 3 0 1 1 2 0 0 1 0 0 1 2 1 1 1 0 1 1 1 0 3 0 1 0 0 2 1 0 1 1 0 0 0 1 0 0 1 1 0 3 0 0 0 0 0 1 0 1 1 0 0 0 0 0 0 1 0 1 0 0 2 1 0 0 1 0 1 3 1 1 0 1 0 0 1 2 1 0 1 0 1 1 1 0 0 1 0 0 0 0 0 2 1 0 0 0 0 0 1 2 0 1 1 0 0 1 1 0 0 1 1 1 0 1 1 2 0 0 0 0 1 1 1 2 0 2 21
CGG_T 51 29 17 11 5 8 5 5 1 2 1 1 3 3 3 2 3 1 0 2 0 1 0 2 1 3 4 2 2 0 2 2 0 0 0 1 2 1 2 1 1 0 0 0 0 0 1 0 3 1 1 1 0 1 4 0 2 0 1 3 0 2 0 0 0 1 0 1 1 1 1 0 2 1 1 1 1 1 0 0 1 1 1 0 2 1 0 0 1 0 0 0 0 0 0 0 0 0 2 0 1 0 0 2 0 1 1 0 1 1 0 1 1 0 0 1 1 0 0 0 1 0 1 1 0 1 1 1 0 0 0 1 0 2 0 1 0 0 0 0 0 2 0 0 2 1 1 1 1 0 0 1 0 0 0 1 0 0 1 1 0 1 0 0 0 0 0 0 0 0 1 0 0 1 0 0 0 0 0 0 0 1 0 0 0 0 0 1 1 0 0 1 1 1 1 0 1 0 0 1 1 0 0 0 1 1 0 1 0 2 1 2 3 12
CGT_A 1220 384 203 177 129 107 63 80 73 60 57 43 53 36 37 44 34 39 38 29 22 39 23 35 27 29 34 24 22 24 15 23 21 20 21 27 17 21 23 15 24 27 25 24 21 13 15 13 21 17 11 18 12 15 15 14 13 21 13 8 14 18 16 7 15 17 13 13 15 8 6 14 10 15 9 21 11 8 11 7 7 12 5 14 15 13 10 11 13 10 13 16 9 10 11 6 10 19 1 5 8 10 12 4 7 5 5 4 4 7 13 10 5 7 8 12 7 10 3 6 7 9 4 14 7 11 12 7 9 7 5 6 8 7 6 6 7 6 4 1 7 9 8 6 10 6 5 9 4 2 9 4 8 12 8 2 3 6 10 3 3 12 4 7 5 6 1 3 6 3 6 8 7 7 8 3 5 4 8 4 4 3 3 4 2 5 9 7 8 9 6 3 3 4 3 6 1 9 9 11 8 6 7 6 9 7 10 14 7 15 13 22 50 286
CGT_C 54 15 11 4 4 6 4 1 1 3 3 2 7 0 3 1 0 2 1 1 0 4 0 2 0 1 4 3 2 2 2 0 1 0 2 2 1 3 2 0 0 1 1 2 0 1 0 0 1 0 1 0 0 0 2 0 0 0 0 1 1 0 0 0 0 0 1 1 2 0 1 0 0 0 0 2 1 1 0 0 1 1 2 0 0 1 1 0 0 0 0 2 1 0 2 0 0 0 1 3 1 0 1 0 1 0 2 0 0 0 0 0 1 0 1 0 1 0 0 0 0 0 0 0 0 0 0 0 0 1 0 0 0 0 0 2 0 0 0 1 0 1 0 0 0 0 1 0 0 1 0 0 0 0 0 1 0 1 0 1 2 1 0 1 0 1 1 0 0 0 1 0 0 1 0 0 2 0 0 1 0 0 0 1 0 0 0 1 0 0 1 0 0 0 0 0 0 1 1 0 1 1 2 1 1 0 0 0 1 0 0 0 4 31
CGT_T 44 21 7 11 3 8 6 3 2 1 1 3 4 1 0 0 3 2 2 2 1 0 2 1 1 0 2 1 2 0 1 0 1 0 0 0 0 1 2 1 0 1 0 1 1 0 0 1 1 2 0 0 1 0 1 2 0 1 0 0 3 0 3 2 2 2 2 1 1 0 0 1 1 0 1 0 3 2 0 0 2 1 1 1 0 1 0 2 0 1 0 0 0 0 1 1 1 0 3 0 0 0 1 0 0 0 1 0 1 0 1 1 0 3 1 0 0 1 3 1 2 1 0 1 0 0 1 0 0 1 0 0 0 1 0 0 0 0 1 1 1 1 0 0 1 1 0 1 0 0 1 1 0 0 0 0 0 0 0 0 0 0 0 0 0 0 0 0 0 1 0 0 0 0 0 0 0 0 1 0 0 0 0 0 0 0 0 1 0 1 0 1 0 1 0 0 0 0 0 1 0 0 0 1 0 1 0 1 0 1 0 1 3 14
CTA_A 24 13 3 1 2 3 4 5 1 1 1 0 1 0 0 1 1 0 0 1 3 1 0 2 0 0 1 1 0 0 1 1 0 0 2 0 0 0 0 0 0 0 1 1 1 1 0 2 0 0 0 0 0 1 0 0 1 0 0 0 1 0 0 0 0 0 2 0 0 0 1 1 0 0 1 1 3 2 0 0 0 0 0 0 0 0 0 0 1 0 0 0 0 0 1 1 0 0 0 0 0 0 0 0 0 0 0 0 0 0 1 0 0 0 0 1 0 0 0 0 1 0 1 0 0 1 0 0 0 0 1 0 1 0 0 0 0 0 0 0 0 0 0 1 0 0 0 0 0 0 0 0 0 0 1 0 0 0 0 1 0 1 0 1 0 0 0 0 0 0 0 0 0 0 0 0 0 0 0 0 0 0 0 1 0 0 0 0 0 0 1 0 0 0 0 0 0 1 0 0 0 0 0 0 1 1 0 1 0 1 0 2 2 7
CTA_C 129 55 30 18 26 12 16 13 14 6 5 7 4 9 10 10 7 2 5 6 2 6 6 7 7 4 3 0 2 2 2 2 1 2 2 1 4 2 3 2 4 6 3 4 4 4 1 1 2 4 2 6 3 2 0 3 2 0 5 2 2 3 3 1 3 1 2 1 2 3 3 3 1 2 0 2 0 3 2 3 0 1 2 2 3 3 3 0 4 5 2 2 2 5 3 1 2 2 2 2 0 1 1 2 4 2 1 2 3 0 1 3 0 2 0 2 3 0 0 0 1 0 2 3 3 1 2 3 1 2 1 3 1 0 0 0 0 0 1 2 0 1 0 0 1 1 1 1 1 1 0 1 1 1 1 3 1 1 2 0 0 2 0 0 1 1 1 1 1 0 1 1 2 1 0 1 3 2 2 1 2 0 0 1 2 2 0 2 1 0 0 1 2 4 1 0 3 1 1 1 0 1 1 5 3 3 4 2 1 4 3 5 10 69
CTA_G 19 15 4 5 4 2 1 0 2 3 0 3 1 1 2 0 1 2 0 0 1 2 0 0 1 1 1 1 0 1 2 0 0 0 1 1 1 0 0 1 0 1 0 0 2 1 0 1 1 3 2 0 1 0 0 0 2 2 0 1 0 1 1 0 0 0 1 0 0 0 0 0 1 0 0 0 1 0 0 1 1 0 0 1 0 0 0 0 0 0 1 0 0 0 1 2 0 0 0 0 0 0 0 0 1 0 0 0 0 0 1 1 0 0 0 1 0 1 0 1 0 0 3 0 1 1 0 0 0 1 0 0 0 0 0 1 1 0 0 1 0 0 0 0 0 0 0 0 0 0 0 0 0 3 1 0 0 0 0 1 0 0 1 0 0 0 1 1 0 0 0 0 0 0 0 0 1 0 0 1 1 1 0 0 0 0 0 0 0 0 0 3 1 0 0 0 0 0 0 0 0 0 1 1 1 0 0 1 1 1 0 0 3 11
CTC_A 63 25 15 10 5 1 2 5 0 2 8 2 3 0 3 1 2 3 2 2 0 0 4 3 0 2 1 2 1 1 1 0 0 0 1 1 1 1 1 1 1 0 0 1 2 1 0 0 1 0 2 2 1 0 0 2 0 1 0 1 3 0 1 2 0 1 2 0 1 0 1 0 0 0 0 0 0 0 0 0 0 1 0 1 0 2 0 2 1 2 2 1 2 0 0 2 0 0 0 0 1 0 1 1 0 1 1 0 0 1 1 0 0 1 0 1 0 0 0 0 0 1 1 0 2 1 0 0 1 1 0 0 0 0 0 0 0 0 0 0 0 1 0 2 2 0 2 0 0 1 1 1 1 0 0 1 0 0 0 0 0 1 0 1 1 0 1 0 1 0 0 0 0 0 0 0 0 0 1 0 0 0 0 0 0 0 1 0 1 1 1 0 0 1 0 0 2 1 1 0 0 1 1 0 0 1 1 2 1 1 1 2 3 10
CTC_C 178 62 33 37 22 15 16 18 14 6 8 7 6 8 9 8 4 5 5 3 3 4 9 8 1 3 3 7 3 6 4 3 4 3 4 3 1 5 2 6 3 3 4 4 1 3 6 2 3 4 2 3 4 3 0 2 1 1 3 1 7 2 1 3 2 1 0 3 2 2 1 5 2 2 1 0 1 2 2 6 4 1 2 3 2 1 1 4 1 1 1 2 0 5 3 3 1 2 2 2 3 2 3 3 2 2 4 1 2 2 2 0 3 1 4 3 1 1 1 1 1 1 2 0 2 0 0 1 2 7 1 2 1 2 1 3 2 3 1 4 0 2 1 1 0 0 1 4 4 3 3 2 0 0 0 2 0 1 0 2 2 2 2 1 0 3 1 3 2 1 0 3 1 1 1 3 0 1 4 0 0 2 0 0 0 1 3 3 2 1 2 2 1 2 3 1 0 2 1 0 4 0 0 3 0 2 0 5 3 3 1 5 20 77
CTC_G 69 34 17 11 7 10 5 2 2 7 4 4 1 5 5 0 4 4 3 1 2 2 1 2 1 0 2 2 2 1 1 3 2 1 4 2 1 2 1 4 0 0 3 2 3 1 6 1 3 1 3 1 1 1 2 2 3 2 4 0 2 0 2 0 0 1 3 0 1 0 0 1 1 3 0 1 0 0 0 0 1 0 0 0 1 0 0 1 0 0 0 1 1 1 0 0 1 0 1 0 1 1 2 0 0 0 0 1 0 1 2 0 0 0 0 1 1 1 1 1 1 1 0 0 2 0 2 0 1 0 1 1 0 3 1 1 0 0 0 1 1 3 0 0 0 0 1 2 0 0 0 0 0 0 2 1 0 1 0 0 2 0 1 0 0 0 0 1 0 1 0 0 0 0 1 2 2 0 0 1 0 0 0 2 0 1 0 0 1 0 0 0 0 0 1 0 0 1 1 1 0 1 2 0 1 0 1 1 2 2 0 0 3 21
CTG_A 74 19 12 10 2 8 5 7 6 6 2 2 4 2 3 0 3 3 2 4 1 4 2 1 1 2 2 4 1 3 1 2 3 0 1 0 2 0 1 1 1 2 1 1 2 1 1 2 0 2 0 0 0 1 0 2 0 1 2 0 1 2 1 1 0 0 0 2 0 0 0 0 1 1 4 0 3 3 1 2 0 0 1 1 0 1 1 0 0 1 0 0 0 1 0 1 0 2 0 1 2 0 1 0 2 0 1 1 0 0 1 1 1 0 0 0 0 1 0 2 0 2 1 0 0 0 0 1 1 2 0 1 2 0 0 0 1 0 0 0 2 0 0 1 0 0 0 0 0 0 0 0 1 0 0 0 0 3 1 0 0 0 0 0 1 0 0 0 2 0 0 0 0 0 2 1 0 0 0 0 4 0 2 1 0 0 1 0 0 0 0 1 1 1 0 0 0 0 1 0 0 1 1 2 0 2 1 1 1 0 1 0 3 22
CTG_C 356 148 83 59 47 40 30 29 36 24 14 21 17 20 24 12 19 18 12 11 15 18 12 14 6 9 8 9 10 7 9 10 5 12 9 11 10 14 10 6 12 12 12 10 8 9 6 6 9 6 6 11 7 9 8 8 6 6 9 9 5 8 8 3 10 10 4 6 14 7 7 8 7 6 7 6 10 7 6 9 0 11 9 9 9 9 7 7 8 4 9 6 10 6 4 3 2 16 4 12 9 3 5 8 5 3 3 2 5 3 5 6 4 8 3 9 7 5 5 3 3 4 4 6 7 3 3 7 8 6 5 2 6 6 10 6 2 5 5 6 1 6 4 6 5 4 1 6 4 7 7 7 2 5 4 1 2 7 5 3 5 4 5 6 8 3 4 2 7 6 5 4 5 3 5 10 4 4 2 3 9 1 7 3 5 7 9 7 4 4 6 11 4 6 7 6 7 6 5 12 8 8 3 14 4 6 12 11 23 31 27 41 133 1194
CTG_G 117 36 25 12 18 9 9 6 12 8 1 8 7 2 6 6 3 2 0 3 0 3 1 5 3 4 2 1 1 5 1 4 5 4 1 3 2 4 2 3 2 2 2 1 2 1 1 1 2 2 2 2 2 2 1 0 1 1 5 2 1 0 0 1 2 3 0 0 3 2 0 3 1 0 1 2 0 2 0 0 2 0 0 1 3 2 0 1 0 1 0 0 0 0 1 1 4 1 1 0 0 2 1 0 1 1 1 0 1 2 0 0 0 2 0 0 1 2 2 4 1 0 0 2 0 0 1 0 1 0 2 0 0 1 1 2 1 1 0 2 1 0 0 0 0 1 2 2 0 1 0 0 1 0 0 1 0 0 0 1 1 0 0 0 2 1 2 0 2 0 0 0 0 2 0 0 0 0 2 1 1 2 0 0 0 1 0 1 2 0 1 0 0 2 1 0 0 1 1 0 1 1 1 1 0 0 2 0 0 2 1 3 6 21
CTT_A 39 21 7 6 2 4 2 2 2 1 3 3 1 3 2 1 1 1 5 0 0 1 0 0 2 1 1 2 2 1 0 1 1 2 0 1 0 2 1 1 1 0 0 1 0 0 0 1 0 0 3 1 1 1 1 0 1 0 0 1 1 0 0 1 1 3 1 1 1 0 0 0 0 1 0 0 0 0 1 0 0 2 0 1 0 1 1 0 1 0 1 0 1 0 0 1 1 0 2 1 0 1 1 0 1 0 1 0 0 1 0 0 0 1 1 1 1 0 0 1 0 0 0 0 0 0 0 1 0 0 1 1 0 0 0 0 1 3 0 0 0 0 0 0 0 0 1 0 1 0 1 1 0 1 1 0 1 0 0 0 0 0 0 0 0 0 0 1 0 0 1 1 0 0 1 2 1 0 0 0 1 0 0 0 0 1 0 0 0 1 0 0 2 0 1 0 0 0 0 1 0 0 1 0 1 0 0 1 1 0 0 0 1 10
CTT_C 219 71 49 29 23 20 15 16 12 8 7 5 7 13 7 10 6 8 5 3 6 7 3 8 5 10 5 4 4 6 6 5 2 3 5 7 2 5 5 5 9 4 2 3 5 3 1 3 6 4 2 2 1 5 2 2 9 4 4 2 0 1 2 5 3 7 4 4 2 9 3 0 3 3 2 5 2 2 4 1 2 2 4 2 1 0 2 2 1 3 2 1 1 1 4 2 3 6 3 4 4 2 1 1 3 0 3 3 4 2 3 1 1 0 6 2 1 3 1 1 1 1 5 2 6 0 1 2 4 0 4 1 3 6 0 0 2 1 0 0 2 3 1 3 2 1 2 3 0 1 2 1 1 1 0 1 2 1 2 1 2 1 0 2 3 0 0 3 0 1 2 1 2 1 0 5 1 2 0 1 4 1 0 1 2 2 0 2 1 0 2 3 1 0 1 1 0 0 1 3 0 0 2 3 5 4 1 3 6 3 6 5 16 77
CTT_G 72 29 11 8 8 4 1 5 0 5 2 3 4 3 7 2 5 2 3 4 4 4 0 3 4 2 2 2 2 1 1 3 2 2 1 3 1 0 1 1 2 3 1 1 0 1 1 1 0 3 0 0 1 1 0 0 3 0 2 1 0 1 1 0 0 0 1 0 2 3 1 2 2 0 1 1 1 2 4 1 0 1 1 0 0 2 0 1 1 0 4 0 1 1 1 2 0 0 1 0 0 1 0 1 1 0 1 2 0 0 0 0 0 0 1 3 2 0 0 0 1 1 1 1 0 0 1 0 1 0 0 2 0 1 0 0 1 1 0 0 0 1 0 1 1 0 2 0 2 0 1 0 0 0 1 0 0 0 1 0 0 1 0 0 0 0 0 1 0 2 1 0 1 0 0 1 0 1 0 0 0 1 1 1 0 0 1 1 1 0 1 1 0 1 0 1 0 1 0 0 1 0 2 1 0 1 1 2 1 0 2 0 1 16
GAA_C 48 21 11 9 8 3 3 4 1 4 5 7 0 2 3 4 1 1 3 2 1 2 1 3 0 1 1 1 2 1 2 3 3 1 2 3 1 1 3 1 2 1 0 2 0 2 0 2 1 0 1 2 2 0 2 3 2 0 1 2 0 1 0 1 4 1 0 1 0 3 2 0 1 1 0 0 0 0 0 0 2 0 0 0 2 0 2 0 0 1 1 3 0 3 0 3 0 1 0 0 0 2 1 1 0 0 1 2 1 0 0 0 0 1 0 3 0 0 0 0 1 0 1 0 1 0 2 1 0 0 0 0 2 0 2 0 0 2 0 1 0 1 0 0 1 0 0 1 0 0 1 0 0 0 2 1 0 1 1 0 1 0 0 0 0 1 0 1 1 0 0 2 1 0 1 0 1 0 0 1 0 0 0 0 0 0 0 1 0 1 0 0 1 2 0 0 0 0 2 0 0 0 0 1 0 0 2 3 1 0 2 1 9 18
GAA_G 136 61 34 31 18 10 5 5 11 11 11 5 2 7 12 5 3 2 9 1 4 7 2 7 3 6 3 6 3 1 3 3 5 4 1 1 3 3 1 4 4 3 5 3 1 2 3 1 3 2 0 2 3 2 2 2 3 5 4 3 1 2 1 0 1 3 3 1 2 0 2 1 2 3 1 2 4 2 2 5 1 1 3 3 1 3 3 2 2 0 1 4 2 2 0 1 4 2 2 0 0 2 1 3 0 1 2 4 1 1 1 2 1 2 1 0 1 1 1 3 0 0 2 1 1 3 0 1 5 2 0 2 1 0 0 4 1 1 2 0 2 1 2 1 0 2 0 2 1 0 1 2 0 0 1 4 4 0 1 1 1 3 2 0 1 4 3 1 5 0 4 1 0 0 1 2 0 0 3 3 1 4 0 0 1 2 2 0 0 0 2 1 3 0 1 0 2 0 1 0 0 1 1 2 0 0 1 3 2 1 1 11 10 57
GAA_T 46 15 5 4 6 6 6 3 1 4 2 2 3 2 0 2 1 3 3 2 0 0 0 1 1 1 3 0 1 0 0 0 2 0 2 1 0 0 1 0 3 1 1 3 1 2 0 0 0 0 2 1 1 0 0 1 0 0 0 0 0 0 1 0 0 0 0 0 0 0 1 0 0 0 0 0 0 0 1 1 0 0 0 0 0 0 0 0 0 0 1 0 1 0 0 0 1 1 2 0 1 0 0 1 0 0 0 1 0 0 0 0 1 0 0 0 0 0 0 1 1 0 1 0 0 0 0 1 2 0 0 1 0 0 0 0 0 0 0 0 0 0 0 0 0 0 0 0 0 1 0 0 0 0 0 0 1 1 0 0 0 0 0 0 0 0 0 0 0 0 1 0 0 1 1 0 0 0 0 0 0 1 0 0 1 0 0 1 1 0 0 1 0 0 1 0 1 1 0 0 0 1 1 1 0 0 2 1 0 1 0 1 0 6
GAC_C 33 11 8 5 5 4 5 0 2 2 2 0 1 0 0 2 2 0 1 1 1 1 0 0 0 0 0 2 0 0 0 1 1 0 1 0 1 0 2 0 2 0 1 0 0 0 0 0 1 0 2 0 0 1 0 0 0 0 0 0 2 0 0 0 3 1 0 0 2 0 0 0 1 0 0 0 1 2 1 0 0 0 0 0 1 0 0 0 0 0 0 1 0 0 0 0 0 1 0 1 1 0 0 1 0 1 0 0 0 0 0 0 0 0 0 1 0 0 0 0 1 0 0 0 0 0 0 1 0 1 0 0 0 1 0 0 1 0 1 0 1 0 1 0 0 0 0 1 0 0 0 0 1 0 1 0 1 0 1 1 0 0 0 0 0 0 0 0 0 1 0 0 1 1 0 0 0 0 0 0 0 0 0 0 0 0 2 0 1 0 1 0 0 0 0 0 0 1 0 1 0 0 1 0 0 1 0 0 0 1 1 0 3 12
GAC_G 112 44 20 17 14 8 8 6 8 3 5 13 4 7 6 4 6 5 2 7 5 4 0 5 3 5 4 1 5 0 1 1 6 0 5 3 5 8 1 2 2 3 2 4 3 0 2 3 3 3 2 0 3 1 0 2 1 3 4 0 2 0 0 1 3 0 2 0 2 4 1 0 0 3 1 2 0 2 5 3 2 2 4 0 1 1 1 3 3 2 1 2 3 3 2 5 1 5 1 1 1 1 0 0 4 0 1 0 0 0 2 2 2 1 3 2 1 2 5 1 2 2 2 1 1 1 2 0 1 1 2 1 1 1 1 0 1 3 1 0 3 2 0 1 2 0 1 0 0 2 2 1 1 1 1 3 3 3 0 1 0 1 2 1 0 0 1 2 2 4 2 1 2 1 0 1 0 0 2 2 0 0 0 2 0 2 2 1 1 1 1 0 1 1 1 2 1 0 1 1 4 0 2 0 3 1 2 3 2 1 5 2 10 68
GAC_T 52 23 12 5 6 7 5 5 5 1 5 1 4 2 3 2 2 0 1 1 3 1 0 2 1 1 1 2 1 1 2 0 0 0 0 0 1 1 1 2 0 0 0 0 2 1 2 1 1 1 1 1 0 1 0 0 0 0 2 2 0 0 0 1 1 0 2 2 0 0 0 1 0 0 1 0 0 2 0 2 0 1 0 0 0 0 0 1 0 1 0 0 0 2 2 0 3 0 0 1 1 0 2 0 0 0 4 0 0 0 0 0 0 0 1 1 0 0 1 0 1 0 0 0 0 0 0 0 1 0 0 1 0 0 0 0 1 0 0 0 0 2 0 0 0 0 0 0 0 0 0 0 0 0 0 0 0 1 0 0 0 0 1 0 0 0 1 0 0 0 0 0 0 0 0 0 0 1 0 0 0 0 0 0 0 0 0 0 0 0 0 1 0 0 0 0 1 0 0 0 0 3 0 0 0 0 0 3 0 0 0 2 3 7
GAG_C 68 27 14 12 9 10 6 9 6 9 3 2 3 1 1 2 0 4 3 1 3 2 4 3 1 4 2 5 1 0 0 1 2 1 2 2 2 3 1 1 2 0 2 2 0 3 2 1 0 1 1 2 3 1 0 0 2 1 2 3 0 2 1 1 0 0 1 0 4 0 1 0 2 2 1 0 0 3 1 1 0 1 1 0 0 0 1 2 2 1 0 1 2 2 0 0 0 3 1 1 0 0 0 1 0 0 1 0 0 0 0 0 2 0 2 2 0 0 0 0 1 0 0 2 1 1 0 1 0 1 0 0 1 2 0 1 1 0 1 0 0 1 1 1 3 0 0 2 0 1 0 0 0 0 0 0 1 1 1 0 1 0 0 1 1 0 1 0 5 0 0 1 0 1 0 0 1 0 1 0 0 0 1 0 2 0 0 0 2 0 0 0 0 0 2 0 0 2 0 0 0 1 0 1 0 0 0 2 1 1 3 0 3 18
GAG_G 188 76 29 20 20 11 15 9 11 11 10 8 4 6 4 7 10 7 4 6 3 9 6 4 6 3 7 6 2 4 5 4 3 4 5 1 1 3 6 1 4 4 5 4 3 3 4 4 6 1 4 4 3 2 4 4 5 4 2 5 2 1 2 3 1 1 3 1 0 4 4 4 3 4 4 5 3 1 3 1 3 1 4 3 5 2 1 0 7 4 4 3 3 1 1 2 3 7 3 1 3 1 1 3 2 1 3 1 3 2 2 3 2 0 1 4 1 3 2 1 0 5 0 1 1 5 0 2 2 3 0 3 1 4 4 3 2 2 4 1 1 1 0 0 1 1 0 2 2 2 2 3 2 0 2 2 0 0 2 2 1 0 2 1 1 2 1 0 0 0 1 1 2 1 0 3 1 0 1 1 3 2 1 0 1 1 1 3 2 0 0 2 1 0 2 3 2 2 3 0 2 2 3 1 0 4 3 4 4 6 4 7 9 87
GAG_T 63 29 19 10 10 5 4 3 6 4 6 2 4 3 2 1 3 0 2 0 2 1 0 0 1 0 2 1 1 0 0 0 1 1 2 1 0 1 1 0 1 1 1 1 2 1 0 2 0 0 0 0 0 0 0 0 0 2 1 0 1 1 0 0 1 1 0 1 1 0 2 2 2 0 1 0 1 0 0 0 1 1 1 0 1 0 1 0 0 1 2 0 0 0 0 1 1 1 1 1 0 0 0 0 0 0 1 2 1 0 0 1 1 0 1 1 0 1 1 2 0 1 2 0 1 0 0 0 0 0 0 1 1 1 1 0 0 1 1 1 0 0 0 1 2 0 0 2 0 1 1 0 0 0 1 0 1 0 0 0 0 0 1 0 0 1 0 0 1 0 0 1 1 0 0 2 0 0 0 0 0 0 0 0 0 0 0 0 0 0 1 1 0 0 0 1 0 0 0 2 0 1 0 1 1 0 2 1 0 1 1 1 1 12
GAT_C 32 12 6 7 3 1 1 2 2 0 0 1 3 0 2 2 2 0 6 0 3 2 0 0 1 1 1 1 0 0 1 1 0 0 0 1 1 0 0 2 1 2 0 1 0 0 1 0 1 0 0 1 0 0 0 0 0 0 0 0 0 0 0 1 1 2 0 0 2 0 1 0 0 0 1 0 0 0 0 0 0 0 1 0 1 0 0 1 1 0 0 1 2 1 1 0 0 0 0 0 2 2 0 0 0 0 0 0 0 1 0 0 0 0 1 0 0 0 0 1 0 1 0 0 0 0 0 0 0 0 1 1 1 0 0 1 0 0 0 0 1 0 0 1 0 0 0 0 0 1 0 0 0 0 0 0 0 0 0 0 0 0 1 1 0 0 0 0 0 0 0 0 0 1 0 0 1 0 1 0 1 1 0 0 0 0 0 0 0 0 0 0 0 0 0 1 0 1 1 0 0 0 1 0 0 0 0 0 0 0 1 3 2 4
GAT_G 189 76 29 29 28 9 14 10 12 14 10 4 10 8 8 6 5 3 7 3 5 8 7 3 2 8 3 2 5 5 1 1 4 7 4 4 3 5 8 1 4 3 3 3 4 5 2 1 5 0 2 5 1 4 3 2 2 3 1 4 3 0 5 3 2 1 2 1 1 1 1 2 3 2 1 2 1 4 5 5 0 2 2 5 5 3 2 2 1 3 2 1 1 0 4 1 1 3 1 1 1 1 3 4 0 2 1 1 2 1 1 2 2 1 2 3 2 0 0 1 3 1 2 2 1 1 0 1 2 2 2 0 2 1 2 1 0 3 0 2 1 0 2 1 1 0 0 4 1 1 0 0 2 1 2 3 0 2 2 2 1 0 2 2 2 2 1 2 3 1 1 3 1 1 1 3 4 1 1 1 2 1 0 2 1 1 1 3 0 3 0 3 2 0 2 0 1 2 3 1 1 1 0 2 6 1 2 3 2 6 5 2 10 65
GAT_T 87 21 14 12 9 5 4 5 7 1 2 3 3 2 4 3 3 2 3 1 2 4 4 4 1 0 2 3 0 0 2 2 1 2 3 3 1 3 0 1 0 0 0 1 0 0 0 0 2 0 2 1 1 1 2 1 0 0 1 0 3 2 0 1 1 0 0 1 0 0 1 1 0 0 0 2 2 0 0 1 0 0 1 1 3 0 0 1 2 0 1 0 0 1 1 2 1 0 0 2 0 1 0 1 0 1 1 0 0 1 0 1 0 2 2 0 1 0 0 1 0 1 0 3 0 0 0 0 1 1 0 0 0 1 0 0 0 0 1 1 1 2 0 0 0 2 1 0 1 0 2 1 1 1 0 1 0 0 0 0 0 0 0 0 0 0 0 1 0 0 0 0 1 1 0 0 0 1 1 1 2 1 0 1 0 1 2 0 0 2 0 0 0 0 0 1 0 2 1 1 1 0 2 0 1 0 1 1 0 2 2 1 2 15
GCA_A 101 36 30 18 11 6 11 7 8 4 6 9 5 4 5 5 2 2 4 4 6 6 3 3 5 5 2 3 3 3 1 2 2 1 1 5 3 1 2 4 4 1 4 0 1 3 6 1 3 1 2 3 2 0 1 2 1 0 0 1 2 2 2 1 0 0 2 3 0 2 1 6 2 1 0 0 3 0 2 3 1 1 3 1 3 2 2 2 2 1 1 1 0 3 1 0 0 4 2 0 0 0 0 0 0 2 2 0 1 0 1 1 0 2 1 0 2 0 1 2 1 0 1 0 0 1 1 1 1 0 0 0 2 0 2 2 0 1 0 1 1 0 2 1 0 0 1 0 1 0 0 2 0 0 2 0 2 0 0 0 1 2 0 0 1 0 1 1 0 1 0 3 0 0 1 0 1 0 1 1 1 0 0 0 0 1 1 0 1 0 2 0 0 0 1 0 1 3 3 1 1 0 0 2 1 0 0 4 2 1 1 1 6 23
GCA_G 64 25 13 11 12 6 4 4 3 4 3 6 1 3 0 4 4 0 2 1 4 1 1 3 0 2 4 2 1 1 0 0 2 0 0 0 0 1 2 1 1 0 3 0 2 1 0 1 1 1 1 1 0 1 1 1 1 3 4 0 2 3 1 1 1 1 1 0 1 1 5 2 0 0 1 1 0 1 2 3 1 2 1 1 0 2 0 0 0 1 1 2 2 0 0 1 0 3 0 1 0 0 1 0 1 0 1 3 1 1 0 0 1 1 1 0 0 1 0 0 0 0 0 1 0 0 0 0 1 2 1 1 3 1 0 2 1 0 0 0 1 0 0 0 0 0 0 0 1 1 0 1 0 0 0 0 0 0 1 0 0 1 1 0 1 0 1 0 0 1 2 0 0 0 2 1 0 0 0 1 0 0 0 1 0 0 1 0 1 0 1 0 0 1 0 1 0 0 1 0 1 1 0 1 0 0 0 1 2 3 2 0 2 12
GCA_T 350 119 62 64 36 28 28 20 15 25 10 18 13 11 15 8 13 9 9 9 5 12 6 8 7 8 8 10 7 11 5 4 10 4 2 4 15 7 9 6 4 7 2 7 5 2 5 7 2 5 5 4 4 3 8 5 2 3 5 5 6 2 6 1 4 6 4 4 6 3 1 3 3 1 3 3 5 4 2 4 5 3 1 7 8 6 3 4 2 6 3 4 5 0 5 0 2 2 3 5 1 3 5 4 3 5 3 1 4 5 3 0 1 2 3 5 1 1 3 2 2 0 3 5 2 4 0 2 4 2 1 0 1 2 0 1 2 0 1 3 1 2 0 5 1 1 2 0 4 3 3 0 2 4 2 2 5 3 3 2 4 2 2 1 0 0 1 2 2 3 1 0 2 0 0 1 3 0 2 2 4 0 1 0 0 1 2 2 1 4 1 1 1 0 3 3 0 0 3 1 1 4 5 1 3 3 0 3 2 3 3 7 9 75
GCC_A 167 67 24 18 22 15 17 11 11 8 8 13 4 8 2 6 9 5 6 6 6 5 1 1 3 6 4 3 2 3 2 1 6 2 4 2 5 4 1 2 3 1 1 1 5 2 1 1 0 6 1 0 1 2 2 1 2 5 0 0 4 3 2 3 1 2 1 1 1 1 0 5 1 3 2 0 3 0 1 1 0 2 1 2 1 3 0 2 0 1 4 0 3 1 1 2 1 0 2 1 2 1 0 1 1 1 1 1 2 0 0 1 0 0 1 2 3 3 0 0 1 2 1 1 1 0 1 1 1 2 1 0 1 1 0 1 0 0 2 2 1 3 1 2 1 1 1 0 0 1 0 0 1 0 1 3 1 1 1 0 2 0 2 0 0 0 0 0 0 0 0 0 1 1 1 1 0 0 0 1 1 1 0 0 3 0 2 3 1 1 0 2 2 0 0 2 1 1 1 1 0 0 0 1 2 1 1 1 4 1 1 3 2 26
GCC_G 123 42 23 17 11 9 9 6 8 3 3 4 3 3 8 4 4 2 5 3 3 3 1 2 2 3 0 0 0 2 1 2 4 3 1 0 0 2 2 4 1 4 0 3 1 1 0 1 1 0 4 2 1 0 0 0 2 0 1 1 0 0 1 3 0 0 1 2 1 1 1 2 0 1 3 1 3 4 1 2 1 2 0 0 0 0 1 4 0 2 0 0 2 1 0 1 1 1 1 0 2 1 4 0 1 2 1 2 2 0 0 0 0 0 2 4 1 1 0 0 1 0 2 1 0 2 0 1 0 3 0 1 0 1 0 1 3 0 0 2 0 1 1 1 0 4 0 0 1 0 1 1 0 1 0 0 0 1 0 0 1 3 0 0 2 1 1 0 1 1 0 0 0 1 1 0 1 0 0 0 0 0 1 1 0 1 0 0 2 1 0 0 0 1 0 0 0 1 1 1 0 0 0 1 1 0 3 0 1 1 2 1 2 12
GCC_T 396 142 81 57 41 47 34 25 19 23 15 21 15 24 15 14 12 10 16 10 14 10 10 9 10 13 9 8 7 7 9 7 9 8 4 10 8 9 2 9 9 6 5 9 7 2 5 3 6 8 5 8 7 7 5 7 5 10 8 3 4 4 1 2 9 0 5 3 5 4 3 1 7 5 3 5 1 11 5 2 3 3 8 6 5 4 4 7 1 3 4 8 2 6 3 4 4 1 4 1 3 4 2 4 1 2 3 1 4 2 3 1 2 1 5 2 5 1 2 5 4 3 2 5 5 2 3 4 3 3 3 2 1 2 7 4 1 5 3 5 0 0 2 3 1 1 3 3 2 0 3 2 1 5 0 3 6 5 4 5 1 1 1 1 2 6 3 5 2 1 2 5 4 3 1 2 1 0 3 0 4 2 3 3 4 1 1 3 3 3 0 2 5 7 2 3 2 2 2 1 0 2 4 3 6 2 1 3 6 4 6 6 16 84
GCG_A 82 28 21 13 9 3 7 7 11 3 7 5 5 6 2 1 4 1 5 3 4 2 0 5 3 2 0 2 2 0 1 0 1 2 1 2 0 3 2 1 3 2 3 0 2 1 1 2 3 4 1 2 1 1 0 0 0 0 0 3 3 0 1 4 0 0 4 1 0 1 2 2 0 0 2 0 0 1 1 1 1 2 0 0 0 0 1 0 1 0 1 0 3 0 0 0 0 1 0 2 0 0 0 0 1 1 0 2 1 2 0 0 0 3 0 0 0 3 1 0 0 1 0 1 0 1 1 0 0 2 1 0 1 1 1 0 1 1 1 1 0 0 0 3 0 0 0 3 0 0 2 0 1 0 0 0 0 1 0 0 0 0 0 0 0 2 1 0 1 0 1 0 2 0 1 1 0 0 0 2 0 0 0 0 0 0 0 1 0 1 0 0 0 0 1 0 0 0 1 1 1 0 0 1 0 1 1 0 0 1 0 1 4 22
GCG_G 40 17 13 7 4 2 2 1 3 0 1 1 1 4 4 3 1 0 2 1 2 1 2 1 1 2 1 1 1 2 4 0 1 1 0 0 0 1 1 2 0 1 1 1 1 4 0 0 1 1 1 2 0 0 0 3 0 0 0 1 0 1 2 2 0 1 0 0 2 0 0 0 1 0 1 1 0 1 1 0 0 1 1 3 0 0 1 1 1 0 0 0 0 2 0 0 1 1 0 2 0 1 0 1 0 0 0 2 0 1 1 2 1 1 0 0 0 1 1 2 0 0 0 2 0 1 0 1 2 0 0 0 0 0 0 2 0 0 1 0 0 1 0 1 0 0 0 0 1 0 0 0 0 0 0 0 0 1 0 1 1 0 1 0 1 0 0 0 0 2 0 0 2 0 0 1 0 1 0 0 0 0 0 1 0 0 0 0 0 0 0 0 0 0 0 1 1 0 0 0 0 0 0 1 1 1 0 0 0 0 1 0 1 18
GCG_T 1189 392 205 157 120 100 67 70 55 63 47 41 46 45 31 31 51 36 30 26 22 26 33 20 27 18 23 24 17 20 21 22 23 10 23 28 22 19 14 19 13 19 18 32 20 20 7 15 13 14 12 20 9 25 12 17 12 9 20 14 20 11 19 13 15 13 11 8 16 9 9 12 15 13 7 10 7 10 16 12 7 6 12 10 7 12 12 6 12 16 8 7 11 12 12 13 7 14 9 4 8 6 11 15 10 5 9 5 5 5 2 8 5 5 8 15 10 9 10 6 7 9 4 7 8 6 3 8 4 4 11 8 8 2 5 3 5 9 8 5 4 3 7 9 9 6 5 11 5 11 3 2 4 10 4 7 6 14 9 5 2 11 6 2 6 6 7 6 7 6 3 9 5 7 4 8 8 7 13 7 4 6 6 12 6 6 8 7 7 6 7 5 8 4 6 8 10 6 10 5 7 7 4 9 6 11 9 7 10 14 16 16 45 177
GCT_A 93 20 12 7 7 7 8 5 5 8 4 2 3 3 3 1 3 3 3 2 0 5 4 2 6 0 1 1 1 1 0 1 4 1 1 0 1 4 2 1 1 2 2 1 0 0 3 0 3 5 1 1 0 2 1 1 1 2 0 0 2 0 1 0 1 0 1 0 1 1 2 0 1 1 0 1 1 1 0 3 0 2 0 0 4 3 0 0 2 1 2 1 2 0 0 1 0 1 1 0 2 0 1 0 1 0 3 1 0 1 0 1 1 0 2 0 0 1 1 0 0 0 1 1 0 0 1 0 0 0 2 0 0 2 1 1 0 1 1 0 1 0 0 0 0 0 0 1 0 0 0 0 0 1 1 0 0 0 2 0 0 1 0 1 0 0 0 0 0 2 1 1 0 1 0 1 0 0 0 0 0 0 0 0 1 1 0 0 0 0 0 0 0 1 1 0 2 0 0 0 1 1 0 0 0 1 0 0 1 1 0 2 6 10
GCT_G 101 40 18 17 8 8 5 14 6 5 8 3 1 6 3 4 4 3 1 2 3 3 3 3 2 3 3 5 2 3 4 0 0 2 7 2 4 3 2 0 0 3 3 1 2 1 3 1 2 4 2 0 1 1 2 1 0 2 1 2 1 0 2 0 1 2 0 1 3 2 1 0 1 4 0 0 1 0 0 0 3 0 2 3 1 1 1 2 0 1 0 2 1 1 0 0 1 1 0 1 3 1 0 1 0 1 0 1 1 0 0 0 1 0 0 1 0 0 0 0 1 1 1 0 0 0 0 0 0 2 0 2 1 0 0 0 3 0 0 0 0 0 1 0 1 1 2 2 1 1 2 2 1 0 0 0 0 0 1 0 0 0 1 0 1 0 2 0 0 2 2 0 1 0 0 0 1 0 0 2 0 0 0 0 0 0 1 0 0 0 1 0 1 0 0 1 0 0 1 1 0 0 0 1 0 0 4 2 1 1 2 2 2 33
GCT_T 335 130 75 47 34 29 31 26 29 20 16 9 16 17 16 13 7 11 15 7 9 11 9 4 9 6 5 7 5 6 7 5 3 6 7 3 4 10 12 5 4 4 4 7 5 7 5 4 4 4 5 6 1 4 4 8 3 5 4 2 8 3 4 3 7 6 4 1 6 1 5 2 3 6 2 3 7 9 3 2 3 4 3 3 4 4 5 3 5 5 4 3 2 6 5 2 4 5 5 1 3 2 2 1 2 0 2 7 2 5 1 0 1 2 2 3 2 1 2 2 1 0 1 6 4 4 3 0 2 3 4 5 2 2 0 2 1 3 1 2 3 2 4 2 3 2 2 2 1 0 2 0 2 3 1 1 0 2 1 2 1 1 0 1 1 2 3 3 2 3 1 0 3 1 0 4 2 0 4 0 3 6 5 2 0 2 0 4 0 3 5 3 2 3 1 1 0 1 1 1 2 2 3 2 3 1 5 6 5 5 5 3 16 77
GGA_A 467 193 122 80 61 61 40 34 38 30 19 23 20 16 19 24 10 12 14 11 10 20 7 7 9 8 4 4 5 5 4 2 4 2 5 11 5 5 15 4 7 11 4 4 3 13 5 7 2 4 1 4 2 5 4 6 4 5 4 7 3 5 3 9 3 5 8 3 4 4 4 3 7 5 3 1 2 3 6 7 3 0 4 7 2 4 4 8 6 4 4 5 4 3 2 2 4 7 1 2 0 2 2 4 3 4 1 8 4 0 3 2 2 2 2 3 2 2 4 1 4 3 1 2 4 4 3 2 0 2 2 3 3 2 3 8 2 1 2 2 2 3 3 3 1 4 2 1 2 3 2 4 2 7 2 3 6 6 2 1 1 1 4 5 3 2 1 1 3 1 1 0 2 0 4 7 0 3 1 1 0 2 0 1 3 0 0 2 2 0 1 3 4 2 2 3 2 3 2 0 1 1 3 1 0 2 2 1 4 6 7 8 18 61
GGA_C 135 52 32 23 11 8 10 7 8 4 5 4 6 8 4 4 4 3 3 1 0 5 2 1 5 3 2 2 2 1 1 1 0 4 3 3 5 1 3 3 2 1 0 2 1 4 2 2 2 1 2 0 3 1 1 4 0 1 0 1 3 3 0 3 1 3 0 1 3 1 1 0 3 4 1 2 1 2 3 4 2 0 2 0 1 1 2 3 6 4 1 3 1 0 3 2 2 1 2 6 0 1 2 1 0 1 0 1 1 1 2 1 0 1 2 3 0 0 1 3 0 0 1 2 3 1 3 1 1 3 2 0 0 1 2 1 3 0 0 2 1 0 0 3 0 0 0 1 0 0 0 0 0 0 1 1 3 0 1 2 0 2 2 1 0 3 1 0 1 1 0 1 0 2 0 0 2 0 1 4 1 0 0 1 0 0 1 1 0 1 4 1 1 0 2 1 1 1 2 0 0 1 0 2 1 1 2 1 1 1 1 2 5 15
GGA_T 97 41 14 14 16 14 8 10 8 8 4 8 5 4 0 3 1 3 4 4 4 2 2 2 3 3 1 4 2 5 1 1 2 1 4 4 4 1 2 1 2 3 0 3 2 3 3 0 1 1 2 3 3 3 2 2 0 1 1 1 1 3 4 2 1 0 1 2 0 1 3 0 4 2 0 0 0 3 0 0 1 0 2 1 0 0 2 1 1 2 2 1 0 1 0 1 2 7 1 0 0 2 0 0 0 1 2 1 0 0 1 0 1 1 0 1 0 0 3 0 1 1 0 0 0 1 0 0 0 0 0 0 0 0 2 0 2 0 1 0 1 1 1 0 2 0 2 2 2 0 0 1 2 1 1 0 2 0 0 0 0 0 0 1 0 0 0 2 0 0 0 1 0 2 0 1 1 0 1 0 2 0 0 3 0 0 3 0 1 0 1 1 3 0 0 1 0 0 1 0 0 0 2 1 0 2 1 1 1 2 0 5 8 19
GGC_A 473 155 85 55 48 41 23 20 31 28 21 25 17 11 17 15 24 13 13 9 10 18 15 15 5 8 11 12 7 9 6 8 4 9 6 4 4 8 8 9 8 8 8 7 8 8 4 8 4 0 6 8 4 4 5 8 2 3 8 9 8 3 11 10 6 6 4 8 5 6 5 3 3 8 4 6 6 6 2 0 1 8 4 9 3 6 4 9 6 4 2 4 1 6 4 4 3 5 3 4 7 2 4 4 3 2 1 6 0 5 4 3 4 2 3 3 1 2 5 1 3 2 3 2 5 1 4 1 5 5 5 3 3 3 5 3 2 6 2 3 2 2 1 1 1 1 1 2 3 4 3 4 2 2 1 1 4 3 5 2 2 2 2 0 2 1 1 3 2 3 2 3 1 2 1 3 4 0 1 1 1 1 1 6 1 5 2 4 4 5 3 4 4 2 0 1 2 1 2 5 2 3 6 1 2 3 3 3 9 8 8 4 15 69
GGC_C 120 45 22 9 14 10 8 10 6 3 6 5 3 5 5 3 2 1 3 2 0 4 4 3 1 1 4 2 4 3 4 1 0 2 3 2 0 5 1 3 3 3 1 1 0 2 0 2 1 0 0 1 1 4 1 0 3 1 2 3 1 3 4 0 0 1 3 1 0 0 1 0 1 0 0 1 2 1 2 0 5 3 1 0 1 0 2 2 2 2 1 1 0 1 0 1 3 1 0 0 1 0 0 0 1 3 1 0 0 0 1 2 1 1 1 2 1 1 1 3 3 1 0 0 1 1 0 1 2 0 2 2 1 0 2 0 1 0 1 1 0 0 1 0 0 0 1 2 0 2 0 0 0 1 2 0 0 2 2 0 0 0 1 1 0 0 1 1 1 0 1 0 0 1 0 2 0 1 0 1 2 0 1 0 0 0 1 3 1 1 2 2 0 1 0 1 1 1 2 1 0 4 0 3 0 2 2 0 2 1 1 2 2 25
GGC_T 177 52 23 17 12 16 11 12 13 12 6 1 3 6 6 8 7 3 5 4 1 6 4 3 3 6 5 4 7 0 3 1 2 2 1 2 3 6 2 2 1 4 2 2 2 1 3 1 3 2 3 4 2 3 1 1 2 2 2 1 1 4 4 3 1 3 3 1 1 3 2 1 1 2 3 3 3 2 2 2 0 1 4 2 3 1 1 1 0 0 2 1 2 0 3 1 3 0 3 2 0 1 2 0 0 2 0 3 0 2 0 2 1 1 1 2 2 0 2 1 0 2 0 1 0 1 3 0 1 0 1 1 1 0 0 2 1 1 1 1 2 1 0 2 0 1 0 2 0 1 0 0 1 2 1 1 0 2 0 1 0 1 1 0 2 1 1 1 2 0 2 1 1 0 0 2 0 1 2 0 0 2 0 0 0 1 1 1 1 0 1 1 0 0 0 1 0 0 3 0 0 1 1 1 0 0 1 1 4 0 2 2 5 19
GGG_A 563 210 100 87 74 40 38 41 42 34 18 26 23 18 17 20 24 13 14 12 10 19 13 15 12 17 10 9 11 7 4 5 12 12 5 4 9 6 10 8 8 14 12 10 8 12 8 6 6 6 5 6 7 7 6 6 5 7 5 5 6 3 6 2 6 4 7 7 3 6 5 14 8 3 1 5 10 4 1 5 11 6 6 6 8 6 8 5 13 2 6 5 5 6 2 1 7 4 7 4 5 1 3 2 2 3 4 3 5 6 3 2 3 4 8 9 4 3 6 6 7 1 0 1 5 6 7 3 3 2 6 3 5 5 4 3 6 1 3 8 2 1 2 3 2 3 5 6 5 2 3 1 2 3 2 3 1 1 1 2 1 0 4 1 2 3 6 4 6 2 5 1 4 3 3 2 1 1 2 1 4 3 1 1 2 0 3 6 5 3 1 5 3 4 3 4 1 3 2 3 2 0 2 3 3 2 5 4 2 4 7 5 20 97
GGG_C 178 66 40 22 20 16 15 15 5 2 10 5 9 8 4 6 6 6 5 3 2 5 3 4 5 7 3 5 3 2 0 1 4 5 2 1 7 5 4 2 6 2 1 4 1 0 4 2 3 4 0 2 3 2 1 2 1 4 2 4 2 3 3 2 1 1 1 1 5 2 3 2 0 2 2 3 2 0 1 0 1 6 3 1 1 3 0 2 1 2 2 0 2 2 3 1 2 1 2 0 1 1 3 2 0 0 4 2 1 2 1 2 2 0 3 2 2 2 1 1 1 1 1 0 1 1 2 0 0 0 0 2 1 1 0 1 1 2 3 1 0 1 3 0 0 0 0 0 1 0 0 0 1 2 1 2 1 0 1 0 1 1 1 1 1 1 0 2 2 1 3 1 0 1 0 0 0 0 3 0 1 2 1 0 0 0 1 0 3 0 2 2 2 0 0 2 0 2 0 0 1 4 0 5 2 1 1 2 1 1 2 2 6 36
GGG_T 157 60 30 31 9 12 8 11 7 7 6 2 7 9 6 7 9 3 7 4 6 4 8 3 2 3 7 4 3 3 2 5 1 3 2 2 2 3 7 2 3 3 3 1 1 1 2 3 3 3 4 6 0 2 2 0 4 1 2 5 3 1 2 1 1 2 2 0 2 3 2 0 1 1 3 1 3 1 1 0 2 2 0 3 2 0 3 3 3 1 0 1 0 1 1 1 1 4 3 1 0 2 2 3 1 3 3 3 3 1 1 0 1 0 1 2 0 0 1 1 1 2 0 2 2 2 2 1 1 3 2 1 1 0 0 0 1 1 1 1 2 1 2 0 1 0 0 0 1 0 0 1 2 0 0 1 0 3 1 0 1 0 2 0 0 1 0 1 1 0 2 1 1 0 3 1 0 0 2 1 1 3 2 1 0 0 0 0 0 1 1 0 0 1 0 1 1 1 1 0 1 2 2 2 0 0 0 1 0 2 0 2 3 31
GGT_A 399 177 115 65 59 36 30 24 23 21 15 28 19 22 15 13 21 15 19 11 6 13 11 10 11 12 9 10 7 8 4 7 8 9 9 7 9 9 4 12 12 4 5 11 9 5 7 3 7 6 5 5 9 4 4 6 2 1 2 5 9 5 7 2 5 10 3 6 4 4 3 6 1 3 5 3 2 8 5 4 4 5 3 4 7 4 3 3 7 2 4 5 5 10 1 0 1 4 2 1 4 1 5 2 1 0 4 3 4 3 1 4 0 0 2 2 3 4 2 4 3 1 2 4 2 2 2 2 9 6 1 3 2 4 3 3 4 1 3 0 3 1 0 2 3 1 3 4 3 1 3 3 2 2 3 1 2 2 0 1 0 1 0 2 1 6 2 2 1 1 3 2 0 2 2 3 1 2 1 0 2 2 2 0 1 0 0 2 0 3 2 3 4 0 2 4 1 7 4 1 0 4 2 2 4 3 1 4 5 10 5 11 12 88
GGT_C 89 30 14 15 9 9 5 7 3 9 3 4 1 7 5 4 1 6 4 5 5 4 2 5 1 2 6 3 1 0 1 1 2 1 0 0 1 0 1 3 2 2 2 3 2 1 0 2 2 1 3 2 1 0 1 1 3 0 1 1 1 2 1 1 2 0 1 1 0 0 0 2 0 1 2 1 2 1 0 0 1 2 2 0 0 3 3 0 1 0 0 1 0 2 1 2 0 2 1 0 0 1 1 2 0 0 1 1 0 1 2 0 0 4 0 1 1 3 0 2 1 0 1 1 0 2 2 0 0 1 0 0 1 2 0 1 0 0 1 1 0 0 0 1 0 0 0 2 1 1 0 0 2 1 0 1 2 0 3 2 1 0 0 0 1 0 0 1 0 2 2 2 2 1 0 4 0 1 2 1 1 0 0 1 1 0 0 1 0 1 0 1 1 1 0 1 0 0 6 0 1 1 1 0 0 0 0 0 1 2 1 4 4 28
GGT_T 191 77 29 28 24 22 13 13 11 13 4 11 5 7 7 9 10 1 9 4 4 6 5 6 4 6 2 5 3 2 1 6 4 3 4 3 3 3 3 6 1 5 1 4 5 6 1 2 0 2 3 1 2 1 3 1 0 2 1 3 3 3 5 1 1 5 1 3 3 2 0 1 2 4 1 2 2 3 1 2 1 1 2 3 3 2 1 4 1 2 0 1 1 1 1 3 2 1 2 3 1 1 2 1 2 1 1 2 0 2 2 0 2 1 3 3 2 1 2 0 1 3 2 2 2 0 4 1 0 1 1 0 2 2 1 0 2 0 2 1 0 1 0 1 0 1 1 1 1 1 0 1 1 2 0 1 0 1 1 0 2 1 1 0 1 2 2 0 1 0 0 1 1 2 1 0 0 0 1 0 0 0 2 1 0 0 0 0 7 1 2 2 2 1 1 4 2 0 1 1 3 0 2 2 1 2 1 2 6 2 5 2 8 43
GTA_A 30 8 6 3 4 3 1 0 0 2 0 2 1 3 0 2 2 3 1 0 0 1 0 0 0 0 0 1 0 0 0 2 0 0 0 0 1 0 0 0 1 0 0 0 0 1 0 1 0 0 0 1 0 1 0 0 0 1 0 0 0 1 0 0 0 1 1 0 1 0 0 2 0 0 0 0 0 0 0 1 0 0 1 0 1 1 0 1 0 0 0 0 0 1 0 0 0 0 0 0 1 0 1 1 0 0 0 0 0 1 0 0 1 1 0 0 0 0 0 0 0 0 0 0 0 1 0 0 0 0 0 0 0 0 0 1 0 0 0 0 0 0 0 0 0 0 0 1 0 1 0 0 0 0 0 0 0 0 0 0 0 0 0 0 0 1 1 0 0 0 0 0 0 0 0 0 0 0 1 1 0 0 0 0 0 1 1 0 0 0 0 0 1 0 0 1 0 0 1 0 0 0 1 0 0 0 0 0 0 0 0 0 1 4
GTA_C 167 56 27 24 20 10 13 10 9 5 5 11 5 9 3 5 6 3 4 4 7 8 8 2 4 7 6 3 2 2 3 2 6 2 3 2 4 4 2 4 2 5 6 3 4 5 1 3 2 3 1 1 0 4 1 2 3 2 2 4 0 3 1 1 0 2 3 0 3 3 3 6 0 1 2 1 6 3 2 3 1 1 1 2 2 2 1 1 3 3 5 1 1 2 0 1 0 3 1 3 0 1 2 3 0 2 2 2 2 2 0 3 1 3 2 3 1 1 1 0 0 0 2 0 0 1 0 1 1 2 1 1 1 0 2 1 1 2 3 4 2 0 1 1 2 2 1 1 1 0 3 1 0 3 1 0 3 0 1 1 0 0 0 0 0 0 2 1 1 1 1 0 1 3 2 0 0 0 1 0 0 0 0 1 0 0 1 1 1 2 0 0 0 1 1 0 1 2 1 5 0 1 1 1 2 1 0 1 1 7 5 5 16 62
GTA_G 27 8 5 4 6 3 0 1 3 2 0 1 2 0 1 1 0 0 1 0 2 2 1 1 0 3 1 0 0 0 1 2 0 0 1 0 2 0 1 1 0 0 0 0 1 0 0 1 0 0 1 2 1 1 1 0 0 1 0 1 1 1 0 0 2 0 1 0 0 0 0 0 0 0 0 0 0 2 1 1 1 0 0 0 0 1 1 0 1 1 0 0 0 0 0 1 0 0 0 0 0 1 0 0 2 0 1 0 0 0 0 0 0 0 0 0 1 0 2 0 0 0 1 0 0 1 0 0 0 0 1 0 0 0 0 1 0 0 1 0 0 0 0 0 0 0 1 0 0 0 0 0 0 0 0 0 0 0 1 0 1 0 0 0 0 0 0 0 0 0 0 0 0 0 0 0 0 0 0 1 0 0 0 0 0 0 0 0 0 0 1 0 0 2 0 0 3 0 0 1 1 0 1 1 0 0 0 0 1 0 0 1 2 4
GTC_A 47 15 9 4 7 0 2 1 1 2 3 2 2 0 2 1 2 3 2 1 0 3 3 0 1 0 2 1 0 1 1 1 3 0 0 0 3 1 1 1 1 1 2 0 1 2 0 0 0 1 2 0 0 0 0 0 2 2 1 0 3 1 0 0 0 0 2 0 0 0 1 0 0 0 0 1 0 0 0 1 0 1 1 1 0 1 0 0 0 0 0 0 1 0 0 1 1 1 0 0 1 1 1 0 0 0 0 0 0 0 0 0 1 1 0 0 0 0 0 0 0 0 1 0 0 0 0 0 0 0 1 0 1 1 1 0 1 0 0 0 0 1 0 0 0 0 0 0 0 1 0 0 0 0 0 0 1 0 1 0 0 0 1 0 0 0 0 0 0 1 0 0 0 0 1 0 0 0 1 0 0 0 0 0 0 0 0 0 0 0 0 0 1 1 1 1 0 0 1 1 0 0 0 0 0 0 2 0 0 1 1 0 1 10
GTC_C 132 36 29 14 7 15 11 18 13 10 5 13 6 1 8 6 3 3 7 1 2 6 5 4 3 2 2 6 0 1 3 3 2 1 2 5 1 2 3 1 2 3 3 2 2 0 3 1 4 3 2 4 1 0 1 1 2 2 2 2 2 3 2 0 6 1 2 3 3 2 4 1 0 2 1 3 2 2 1 1 0 1 2 1 5 2 0 1 2 3 0 3 2 0 1 0 3 3 2 1 1 0 1 1 1 3 1 1 0 3 0 2 0 1 3 2 1 1 1 0 2 0 2 3 3 1 1 1 1 0 0 1 2 5 1 1 0 0 1 1 1 2 2 2 0 1 0 2 1 3 1 0 1 1 2 2 3 0 3 1 1 0 1 1 1 2 1 2 0 1 0 2 1 1 1 0 2 2 6 2 3 1 0 0 1 2 0 0 1 2 2 0 2 1 2 0 1 3 1 0 0 1 1 1 2 0 1 2 5 8 2 2 9 54
GTC_G 47 10 7 2 4 1 2 3 1 0 0 0 1 1 1 1 2 1 0 2 1 1 2 1 1 4 1 0 4 0 0 0 1 1 1 0 1 0 0 1 1 2 1 0 0 2 1 1 0 0 3 1 2 0 0 2 1 0 1 1 0 1 0 0 1 1 0 1 0 0 0 1 0 0 0 0 1 3 0 1 2 0 1 0 1 0 0 2 0 0 0 0 0 1 0 0 0 0 0 1 0 0 0 1 0 0 0 0 1 0 0 2 0 1 1 2 0 0 0 1 1 0 1 0 1 0 1 0 1 2 0 0 0 0 0 0 1 0 0 0 0 0 0 1 0 1 0 0 0 0 0 0 0 1 0 0 0 0 2 0 0 0 1 0 0 0 0 1 0 1 0 0 0 0 1 0 0 1 1 0 0 0 0 0 0 0 0 0 0 0 0 0 0 0 0 0 0 0 0 0 1 0 1 0 1 0 1 0 0 0 0 0 2 13
GTG_A 69 19 16 9 4 7 6 3 5 5 4 3 5 2 4 3 2 1 3 0 3 2 0 2 0 3 2 0 3 1 4 3 0 3 3 1 2 0 2 1 0 1 2 1 0 1 2 1 0 2 3 1 3 1 0 1 1 2 0 1 0 2 0 1 0 1 0 0 2 0 3 4 1 0 0 0 2 1 0 1 1 1 2 0 1 1 0 0 0 3 1 1 0 3 0 0 0 0 3 3 0 0 1 1 0 0 0 0 3 0 0 2 0 1 1 0 0 0 0 0 0 2 0 0 2 1 0 0 1 2 1 0 0 0 1 1 1 0 0 1 1 0 0 0 0 0 0 1 0 1 1 1 0 0 0 0 1 0 1 1 1 0 0 0 1 0 0 0 0 1 3 0 0 0 0 0 0 2 1 3 0 0 0 0 0 0 2 1 0 0 0 0 2 0 0 0 2 0 1 1 1 1 0 1 0 0 0 0 2 2 1 3 2 7
GTG_C 271 93 54 47 45 31 34 18 18 20 14 10 12 12 10 14 16 4 16 10 4 14 12 15 9 9 12 3 5 5 4 3 4 4 11 11 5 6 5 6 6 9 7 14 4 7 7 5 5 5 8 8 4 3 4 6 6 2 3 3 8 2 6 6 5 4 8 8 5 2 1 5 6 5 8 6 4 6 4 3 3 4 1 4 4 2 2 5 4 5 3 5 5 2 6 1 3 10 3 6 6 2 4 2 3 3 3 3 1 3 2 2 3 5 3 7 5 0 2 4 2 1 6 8 3 5 6 1 3 2 3 1 2 4 4 4 4 5 3 2 4 5 1 4 5 4 3 7 3 3 2 2 3 6 5 0 5 1 3 4 5 8 2 2 4 1 2 3 3 3 2 3 4 4 4 1 1 4 4 5 3 3 7 2 1 4 3 6 5 2 8 7 6 1 3 6 11 7 6 3 6 5 7 8 3 11 9 12 16 16 23 26 98 902
GTG_G 124 42 30 21 19 20 8 4 2 6 6 5 5 4 4 1 2 2 3 2 3 1 4 1 1 3 1 1 3 5 2 2 4 3 2 3 3 4 2 1 3 2 2 6 3 4 2 1 2 1 5 4 0 1 0 0 3 2 3 2 4 1 2 3 0 1 0 0 4 2 1 0 2 3 3 2 2 0 0 1 0 0 1 0 0 0 0 1 3 1 1 0 0 0 1 0 2 1 1 2 0 1 0 0 1 1 0 2 1 2 2 0 1 1 2 0 0 1 1 2 4 1 0 1 2 1 1 0 1 0 1 0 0 2 0 0 1 3 0 2 0 0 0 1 0 0 2 0 2 0 0 0 0 0 0 0 0 0 0 2 1 0 1 0 1 1 0 0 0 0 0 0 1 0 0 1 1 0 0 3 0 1 0 0 1 0 1 2 1 0 1 1 1 1 0 0 1 1 0 0 0 0 0 2 0 2 1 2 1 0 1 2 3 23
GTT_A 48 14 10 3 3 1 4 1 3 3 2 0 1 3 1 1 1 0 1 1 0 2 4 2 1 0 2 1 1 0 0 0 0 1 1 1 2 2 1 0 0 0 1 0 2 0 0 0 0 1 0 0 1 1 2 1 0 0 0 0 0 0 1 0 0 1 0 0 1 0 0 0 1 0 0 1 0 1 1 0 0 1 0 1 2 0 0 1 0 2 0 0 0 0 0 0 0 1 2 0 0 1 1 0 0 0 0 0 1 1 0 0 0 0 0 0 0 0 0 0 0 1 0 0 0 0 0 0 1 0 1 1 0 1 0 0 0 1 0 2 0 0 0 0 1 1 2 0 0 0 0 1 0 1 1 0 0 0 2 0 0 0 0 0 0 0 0 0 0 0 0 0 0 0 0 0 0 0 0 0 1 0 0 0 1 0 1 0 0 0 0 0 2 0 0 0 1 1 0 0 2 0 0 0 2 0 0 0 0 0 2 0 3 13
GTT_C 144 65 36 29 18 12 14 12 10 10 9 9 7 8 4 2 6 8 6 3 7 5 4 8 3 3 1 2 5 6 1 4 2 3 4 4 4 4 5 4 4 2 3 7 4 5 4 4 4 2 4 5 5 4 2 1 1 7 0 3 5 0 2 2 1 4 3 2 3 4 3 0 3 5 0 1 1 1 3 4 2 0 3 1 1 2 1 2 4 1 1 1 1 4 2 0 2 1 1 2 1 3 1 1 3 0 0 3 0 3 1 1 1 2 3 5 1 4 0 0 0 2 1 0 1 1 1 0 1 0 2 0 2 1 1 0 1 2 0 0 4 0 3 3 5 0 0 1 3 2 0 2 2 0 2 0 3 3 1 3 2 1 1 0 1 4 0 2 0 1 0 1 0 0 1 1 3 1 0 5 2 0 0 1 1 3 0 2 3 0 3 6 1 1 0 2 1 2 2 3 0 2 1 2 2 2 0 2 5 1 4 10 7 59
GTT_G 69 19 12 1 5 5 4 3 4 2 2 3 3 1 0 0 0 0 2 3 2 2 1 1 1 1 2 2 0 2 0 0 3 2 0 0 3 3 0 1 1 1 1 1 1 0 0 0 0 0 1 1 0 1 1 0 0 0 0 0 1 1 2 0 0 1 1 0 1 0 0 3 2 1 0 1 0 0 0 0 2 0 0 1 2 1 1 0 1 0 5 0 0 1 0 0 0 2 4 2 0 1 0 0 0 0 0 0 1 0 0 0 1 0 0 0 0 0 0 0 0 0 0 0 1 0 1 1 1 1 0 1 1 0 0 0 1 0 2 0 1 0 1 1 0 0 0 1 1 1 0 0 1 0 1 0 0 0 2 0 0 0 1 3 0 0 0 0 0 0 1 0 0 0 0 3 0 2 1 1 0 0 1 0 0 0 0 0 0 1 1 0 1 2 0 0 0 0 0 0 0 0 0 0 1 0 0 3 0 1 2 1 5 20
TAA_C 46 15 14 9 2 1 5 8 3 3 1 4 0 2 2 0 2 0 2 1 0 2 2 1 1 1 0 2 2 1 1 0 1 1 3 0 0 1 0 0 1 2 1 1 0 0 1 0 0 1 0 1 1 0 1 1 0 1 2 2 1 1 3 0 1 2 0 2 2 2 0 0 1 0 1 0 2 0 1 0 0 2 0 0 2 1 1 1 0 2 1 2 1 0 1 0 1 0 1 0 1 0 1 0 1 0 1 2 1 0 1 0 0 1 0 0 1 1 1 0 0 0 1 0 0 0 1 0 1 0 0 1 0 1 1 1 0 1 0 1 0 0 0 0 0 0 0 1 1 0 0 0 0 0 1 1 0 1 0 1 3 0 1 0 0 0 1 0 0 0 0 1 0 0 0 1 0 0 3 0 0 0 0 0 1 3 1 1 1 1 0 1 1 1 0 0 2 1 0 0 0 1 1 1 0 0 0 0 0 2 0 0 5 16
TAA_G 163 50 47 22 24 14 15 11 10 6 5 9 9 5 0 2 4 4 9 4 8 5 5 3 1 3 4 6 5 2 6 2 3 0 1 1 3 0 3 5 2 5 0 3 4 0 2 4 3 3 2 6 1 1 3 2 4 3 5 0 3 0 4 0 2 3 2 2 0 3 4 2 1 0 1 1 3 1 1 3 2 0 0 2 4 1 2 1 2 1 3 3 3 1 1 1 1 2 1 2 2 2 1 0 1 1 0 4 3 0 1 1 2 3 1 4 1 2 1 2 1 0 0 3 1 2 0 0 1 1 1 0 2 2 0 0 1 1 1 2 0 0 4 0 1 1 2 1 3 1 5 1 1 1 1 2 3 1 2 2 1 1 0 1 0 0 0 0 1 1 1 2 1 0 1 3 1 1 1 2 0 0 2 1 0 4 1 1 2 1 1 1 1 2 1 0 3 0 2 2 2 3 1 1 3 3 1 3 3 1 5 5 7 59
TAA_T 80 34 20 11 14 7 6 5 10 3 7 1 3 2 4 1 2 4 3 3 5 1 0 2 2 2 1 1 0 4 1 1 1 3 4 3 2 2 1 5 2 6 1 1 0 1 1 3 0 0 0 1 1 0 1 2 0 3 3 0 0 2 0 3 1 0 1 2 2 0 2 0 3 0 3 2 0 0 0 1 0 3 2 1 2 1 0 2 2 1 0 0 1 3 0 0 1 1 1 0 0 1 1 1 0 0 2 1 0 1 0 0 1 1 1 1 0 1 0 0 0 1 1 1 0 0 0 1 1 0 0 0 0 0 1 1 3 1 1 1 1 0 2 2 2 0 1 0 1 1 0 0 0 0 0 1 1 0 0 0 0 0 0 0 1 0 0 0 2 1 0 3 1 2 1 2 1 0 0 0 3 0 0 0 0 1 1 0 0 1 1 0 1 0 0 1 2 2 1 2 3 2 2 0 1 2 1 0 3 2 2 4 13 81
TAC_C 30 9 3 4 4 2 5 3 3 2 0 1 1 2 1 1 1 0 0 0 0 0 2 0 1 1 0 0 1 0 1 0 0 0 0 0 0 0 0 1 1 2 0 0 0 1 0 1 0 0 0 0 0 1 1 0 0 0 1 0 1 0 0 0 1 0 0 0 0 1 2 2 0 0 0 0 0 0 0 0 0 0 0 1 1 0 1 2 0 0 0 0 0 0 0 0 0 0 0 0 0 0 0 0 0 0 0 0 0 0 1 0 0 0 0 0 0 0 0 2 0 0 0 0 0 0 0 0 0 0 0 0 0 1 0 0 0 0 0 0 0 1 1 0 1 0 0 0 0 0 1 0 0 0 0 0 0 0 0 0 1 0 1 0 1 0 0 0 2 0 1 0 1 0 0 0 1 0 0 0 0 0 0 0 0 0 0 0 0 0 0 0 0 0 0 1 0 0 0 0 2 1 0 1 0 0 0 0 0 0 0 1 1 9
TAC_G 141 81 43 26 13 10 15 9 6 2 4 4 10 6 7 6 3 5 5 4 2 3 4 3 8 2 4 4 3 3 3 2 2 2 2 5 2 5 2 2 0 0 0 3 4 2 3 2 3 2 2 2 1 0 2 3 3 3 5 1 1 2 5 2 2 3 2 2 0 2 2 1 1 2 3 1 1 4 2 4 4 1 1 1 4 1 2 0 2 2 2 2 2 2 3 5 0 3 3 1 2 1 0 1 3 1 1 0 1 0 1 2 2 2 3 4 1 2 1 0 0 0 2 2 1 0 0 2 1 0 1 0 1 4 1 0 2 0 4 3 4 0 1 5 1 1 0 2 0 0 4 2 0 2 2 0 2 0 1 2 0 2 0 1 0 1 0 3 1 1 2 0 0 0 2 1 1 0 2 2 0 1 0 2 2 1 1 3 1 1 1 0 4 0 0 0 2 2 3 0 0 2 0 2 1 1 3 1 0 6 5 5 11 61
TAC_T 26 10 4 4 2 1 2 3 3 0 0 0 0 0 0 0 0 0 0 2 0 1 1 0 0 0 0 0 0 0 0 1 0 0 1 1 0 1 0 1 0 0 2 0 0 0 0 0 0 1 0 0 0 0 0 0 0 2 0 0 1 0 0 0 0 0 0 0 2 0 0 0 0 0 2 0 0 0 1 0 0 1 1 0 1 0 0 0 0 0 0 0 0 0 0 0 0 1 0 1 1 0 0 0 0 0 0 0 0 0 0 0 0 0 1 1 0 0 0 0 0 0 0 0 0 0 0 0 0 0 1 0 0 0 1 0 0 2 0 0 0 2 0 0 1 0 0 0 0 0 1 0 0 0 0 0 1 1 0 0 0 0 0 0 0 1 0 1 0 0 0 1 1 0 0 0 0 0 0 0 0 0 0 0 0 0 0 0 0 2 0 0 1 0 0 0 0 0 0 0 0 0 0 0 0 0 0 0 0 1 1 0 2 4
TAG_C 27 13 6 4 4 2 0 3 3 1 2 1 2 1 0 2 0 2 2 0 0 0 0 2 1 0 0 2 2 2 0 0 0 1 0 1 0 3 0 0 0 0 0 0 0 1 0 0 0 0 0 0 0 2 0 1 0 1 0 0 3 0 0 0 1 1 0 0 0 0 0 0 0 0 0 1 1 0 0 2 0 0 0 0 2 1 0 0 1 0 0 0 1 1 0 0 0 1 0 0 0 0 0 1 0 0 0 0 0 0 0 1 0 1 3 1 0 0 1 0 0 0 1 0 0 1 1 0 0 1 0 1 0 1 1 1 1 0 1 0 0 0 0 0 0 0 0 2 0 0 0 0 0 0 0 0 1 1 1 1 1 1 0 0 0 0 0 1 0 0 0 0 0 0 0 0 0 0 0 0 0 0 0 0 0 1 0 0 0 0 0 0 0 0 0 0 0 0 0 0 0 1 0 0 0 1 0 0 0 0 0 1 3 8
TAG_G 152 64 40 21 17 15 7 10 9 12 5 7 8 3 3 4 3 6 4 2 3 5 5 2 2 2 2 6 2 8 2 4 3 2 6 7 5 8 0 2 2 4 6 4 2 5 2 1 0 1 4 7 0 0 1 2 2 3 2 1 4 2 3 0 0 1 1 5 2 2 3 1 2 3 1 1 4 4 2 0 1 1 1 1 1 0 1 1 1 1 1 1 2 1 2 1 1 4 1 1 2 2 1 0 3 3 2 3 0 4 1 1 1 1 1 3 3 2 5 2 1 2 2 3 2 1 3 0 1 1 1 2 0 1 5 1 2 4 0 3 0 4 1 0 0 4 0 3 2 5 2 0 2 3 0 2 0 4 0 0 0 0 0 1 0 0 1 2 2 2 0 1 0 0 1 1 0 1 1 3 0 1 3 2 0 2 1 3 2 1 1 2 1 1 1 1 2 2 1 3 1 0 1 3 3 1 3 2 3 1 5 7 10 86
TAG_T 21 10 8 4 5 3 3 1 1 1 0 1 2 1 0 1 2 0 0 1 2 1 1 0 2 0 1 0 1 0 2 0 1 0 2 2 0 1 0 1 0 1 1 0 2 0 0 2 1 0 0 0 0 0 0 0 0 1 0 0 1 0 0 0 0 0 0 0 0 0 0 0 0 0 0 0 0 1 0 0 1 0 2 1 2 2 0 0 1 0 0 1 0 1 0 0 0 0 0 0 0 0 0 0 2 0 0 0 0 0 0 0 1 0 0 0 0 0 1 1 1 0 0 0 0 0 0 0 0 2 1 0 0 0 0 0 1 0 0 0 1 0 0 1 0 0 0 0 0 1 0 0 0 0 1 1 0 1 0 0 0 0 0 0 0 0 0 0 0 1 0 0 0 0 1 0 0 0 0 0 0 1 0 0 0 0 0 2 0 0 0 0 0 0 0 0 0 0 1 0 0 0 0 0 0 1 0 2 1 0 1 0 1 4
TAT_C 46 21 14 9 13 8 8 3 3 2 3 2 2 2 0 1 1 1 2 0 1 1 1 0 3 2 2 0 0 0 1 0 2 0 2 1 2 1 3 2 1 0 2 2 1 1 0 0 0 0 1 1 0 1 1 0 0 0 2 1 0 0 1 0 2 2 0 1 0 1 0 1 0 0 0 1 0 0 1 1 1 0 0 1 0 0 4 0 1 1 2 0 0 0 2 1 1 0 0 0 2 0 0 1 1 1 1 2 0 1 0 0 1 1 1 1 0 0 0 0 0 0 1 0 2 1 3 0 0 0 0 0 0 1 1 1 2 0 0 0 1 2 1 0 0 1 1 2 0 0 0 2 0 1 1 0 1 0 0 0 1 1 0 0 0 0 1 0 0 1 0 0 0 0 1 2 0 0 0 0 1 1 0 1 0 1 0 0 0 2 1 0 0 0 1 0 0 0 1 0 0 1 0 0 1 2 0 2 0 0 0 2 2 15
TAT_G 406 152 100 59 55 44 25 35 23 21 18 23 12 17 12 16 20 11 14 11 7 16 9 12 13 11 12 8 2 7 11 8 11 7 7 4 13 6 8 12 9 8 5 10 9 10 3 4 8 9 4 3 7 6 6 4 8 6 7 6 9 2 4 7 10 5 7 7 3 7 6 5 5 6 2 5 4 7 8 2 4 6 1 8 6 5 6 4 6 6 2 4 7 5 6 5 1 8 4 3 3 1 3 2 1 7 8 2 4 4 7 4 5 5 4 6 3 4 2 2 3 5 2 5 10 4 1 5 4 6 4 2 3 1 3 2 3 7 1 4 2 3 3 0 4 2 2 3 4 1 4 5 3 3 1 1 1 4 5 5 3 1 2 2 6 3 4 0 3 1 4 4 3 6 0 2 3 1 1 3 5 2 2 3 1 2 0 6 1 3 4 8 5 2 6 3 3 1 3 2 6 4 6 8 5 3 2 5 10 8 8 9 28 153
TAT_T 78 26 10 15 5 8 8 10 6 6 2 3 2 2 3 3 5 1 2 0 2 3 2 1 1 2 2 3 0 0 2 2 3 0 0 2 2 4 1 2 1 1 0 0 2 0 0 2 4 3 1 2 1 1 0 2 1 3 2 2 2 0 2 0 1 2 0 0 3 1 1 0 0 1 1 1 1 1 0 1 1 1 1 0 0 7 0 2 0 0 1 2 0 0 0 0 2 1 3 0 1 2 1 1 0 1 1 0 1 0 0 0 1 0 0 1 0 1 0 0 0 0 0 1 0 2 2 1 0 1 0 0 0 0 0 2 1 0 0 2 0 1 2 2 1 3 2 1 0 0 0 0 1 0 3 0 0 0 0 1 1 2 0 0 1 0 1 0 1 1 1 0 0 0 1 3 0 0 0 0 0 0 0 0 0 0 2 1 2 0 0 1 0 0 0 0 0 1 2 1 0 0 1 1 0 0 0 1 2 0 4 1 3 30
TCA_A 76 31 17 14 8 3 8 5 7 6 4 2 2 2 4 1 3 1 2 6 4 1 1 3 1 1 1 5 0 1 3 1 0 1 3 1 0 1 0 2 1 0 1 2 2 3 0 0 2 2 0 0 1 1 2 0 3 2 2 1 0 0 0 2 2 0 4 2 0 0 0 2 1 2 1 2 0 1 1 1 0 0 0 1 1 0 0 1 0 1 1 1 3 1 1 1 0 0 0 0 0 0 0 1 1 0 0 0 0 0 1 0 0 0 0 0 0 1 0 2 1 0 0 1 0 0 0 1 0 2 1 0 1 1 1 0 1 1 0 0 0 0 1 2 0 0 0 1 1 2 0 0 0 0 0 0 0 0 1 1 0 0 0 0 0 1 0 1 1 0 0 0 0 1 0 1 0 0 0 1 0 0 0 0 1 0 0 2 0 2 0 0 0 0 1 1 0 1 0 1 1 1 0 0 0 0 0 0 1 1 1 1 5 12
TCA_G 105 45 25 19 16 13 5 10 5 6 4 2 3 2 4 7 6 4 3 3 0 5 2 4 2 4 1 2 1 3 4 1 1 4 1 1 4 3 2 3 1 1 0 0 0 3 0 0 2 0 0 1 1 2 2 1 4 3 2 1 1 1 2 1 2 1 0 0 1 1 0 0 2 3 0 0 2 1 2 3 0 1 0 2 1 1 0 1 3 2 1 3 1 1 1 1 4 2 0 1 0 0 2 1 1 1 2 3 2 2 1 0 0 0 1 0 1 2 0 1 2 0 2 1 2 0 1 1 0 2 2 0 1 0 1 0 4 1 0 1 0 1 2 1 0 1 1 0 0 1 1 0 0 1 0 1 0 1 0 1 0 3 1 0 0 0 0 2 0 0 3 1 0 0 0 0 1 0 1 1 1 1 0 0 2 0 1 1 0 2 1 2 1 0 0 1 0 2 0 2 0 0 1 0 1 1 0 0 1 3 6 1 6 26
TCA_T 302 104 64 50 33 36 28 20 18 16 11 14 11 13 11 5 10 6 8 6 4 7 7 8 9 6 9 4 3 7 5 4 2 4 8 6 8 5 5 3 5 0 4 4 7 6 6 4 5 3 2 2 3 3 7 4 6 4 4 1 10 0 3 1 4 1 3 4 2 3 0 4 6 3 3 5 3 5 1 2 3 4 5 2 5 0 3 3 6 1 2 1 3 1 3 2 4 6 2 1 1 0 5 1 2 0 5 1 1 1 1 6 1 1 3 2 2 3 2 2 1 2 0 2 0 2 2 1 1 3 0 2 2 0 5 3 1 1 3 0 0 1 1 4 2 0 6 1 1 2 3 1 5 3 1 1 3 4 2 1 1 1 1 2 0 1 0 3 0 0 1 0 1 0 1 2 1 1 2 3 2 1 0 1 1 0 2 2 1 2 2 2 2 1 0 1 1 3 2 1 1 1 0 1 3 2 1 1 4 7 7 4 13 56
TCC_A 103 35 20 15 16 11 4 7 7 4 5 4 1 6 5 8 4 4 5 1 4 4 3 1 1 4 2 0 3 1 1 6 0 3 2 2 0 3 1 1 3 3 2 2 2 4 2 2 1 0 2 3 1 1 3 0 3 4 0 2 3 1 4 1 0 1 1 2 2 0 1 0 1 2 1 1 1 0 1 3 1 1 2 0 0 0 3 0 1 0 0 2 1 0 0 1 1 1 1 0 2 1 1 0 2 0 1 0 1 0 0 1 2 1 0 2 0 0 1 1 0 0 2 1 0 0 0 0 0 0 0 1 0 0 0 0 0 0 3 0 0 0 0 0 2 2 1 2 0 1 1 0 0 1 2 1 1 1 1 1 2 0 0 1 0 0 1 1 1 2 2 0 0 0 1 0 0 0 0 0 0 2 0 0 0 1 0 3 1 3 1 2 0 1 2 1 1 0 0 0 0 2 0 0 0 2 2 3 2 1 1 1 4 23
TCC_G 95 45 22 15 19 9 7 4 14 5 4 8 5 10 4 1 4 4 9 3 4 3 3 6 2 4 4 4 7 2 5 3 3 2 2 2 3 2 6 0 3 3 0 2 1 2 2 0 0 2 3 3 1 1 3 1 2 1 2 2 3 2 2 2 2 1 3 2 3 2 1 1 2 2 1 5 5 3 2 2 0 3 0 2 0 3 4 1 1 1 1 0 1 3 1 0 0 1 0 0 0 0 1 1 0 2 0 1 2 1 1 0 1 1 0 1 1 3 1 0 0 0 2 2 0 0 0 0 1 0 0 0 3 1 0 0 0 2 0 1 3 3 1 0 1 1 0 3 0 0 2 1 1 1 0 1 1 0 0 0 0 2 0 2 2 0 2 0 1 2 1 0 0 1 0 3 1 1 1 0 0 1 2 2 0 1 2 2 0 1 1 0 0 0 0 1 1 0 0 1 3 0 0 0 1 0 2 2 1 1 0 6 4 25
TCC_T 462 176 112 84 75 48 30 30 39 31 12 25 17 16 20 8 11 12 14 11 10 13 14 12 12 7 7 10 7 4 8 3 9 9 4 5 9 11 5 9 4 11 5 14 10 7 5 3 8 6 4 2 7 4 4 5 3 6 8 5 6 4 4 3 4 4 4 4 5 7 2 3 4 5 4 7 4 2 5 5 5 3 1 5 5 3 5 6 3 2 3 7 2 4 5 1 2 4 1 3 5 0 7 2 1 5 4 1 4 5 2 2 1 2 1 5 1 2 3 2 2 3 1 5 3 6 4 3 6 3 3 7 5 5 1 3 4 4 2 2 4 2 6 1 1 2 3 4 2 2 4 3 1 2 2 0 1 1 3 0 3 2 4 2 2 0 1 2 2 1 2 2 2 3 2 1 2 0 3 4 2 1 1 2 2 1 2 1 3 1 3 4 0 0 4 1 0 2 5 0 1 2 3 4 4 2 2 2 9 6 3 9 12 70
TCG_A 37 14 7 5 1 2 2 2 3 1 1 2 3 0 3 3 1 1 1 2 1 2 0 0 2 0 1 0 1 0 1 1 0 1 0 0 0 1 0 0 1 1 1 0 1 0 1 1 2 0 3 2 0 1 0 0 2 1 1 0 0 2 0 0 1 0 0 0 1 0 0 0 0 0 0 1 1 0 0 0 2 1 2 0 0 0 0 0 1 1 0 2 0 0 1 0 1 2 0 0 1 1 2 0 0 0 0 0 0 1 0 0 0 0 2 0 0 0 0 0 0 0 0 0 0 0 0 0 0 0 0 1 0 0 1 2 0 0 0 0 0 0 0 0 0 0 0 0 2 0 0 0 0 0 0 0 0 1 0 0 0 0 1 0 1 0 0 0 0 0 0 0 0 0 0 0 1 0 0 0 1 1 0 0 1 0 0 1 1 1 0 0 0 2 0 0 0 0 0 1 0 0 0 1 0 1 0 0 2 1 0 1 3 19
TCG_G 59 21 8 7 1 2 2 2 3 3 2 1 1 2 2 1 3 2 1 1 2 2 1 3 0 0 1 0 0 2 1 1 0 3 1 1 1 1 3 1 0 2 1 0 1 0 0 1 1 1 2 1 1 1 0 0 0 0 2 1 1 0 0 0 0 0 0 0 1 1 0 1 1 0 0 0 0 0 2 1 0 1 0 3 0 0 0 2 1 0 2 0 2 0 0 0 0 1 0 0 0 0 1 0 0 1 0 1 1 1 0 0 2 0 0 0 1 0 1 2 0 3 1 1 0 2 0 1 0 1 0 1 1 0 0 0 0 1 0 0 0 0 0 1 1 0 1 0 0 2 1 0 0 1 0 0 0 0 0 0 0 0 0 0 0 0 0 0 1 0 0 1 0 0 1 1 0 0 1 0 0 0 0 0 0 0 0 0 0 1 0 1 0 1 1 0 1 0 1 1 0 1 0 1 1 0 0 0 0 0 0 0 5 11
TCG_T 818 273 166 105 93 58 47 42 44 48 28 32 38 22 22 22 31 14 17 17 22 19 18 13 13 20 15 12 17 14 17 13 15 16 15 12 14 12 12 11 15 8 11 8 9 10 12 7 10 10 10 16 9 8 10 13 7 11 10 15 8 5 3 3 3 7 9 4 10 10 5 7 5 7 10 13 9 5 4 4 3 7 3 8 13 7 4 8 14 11 3 2 6 4 8 8 3 14 5 4 6 4 12 6 10 5 8 6 6 9 7 2 8 3 3 10 4 4 3 3 1 4 4 4 8 3 5 4 13 6 5 7 5 1 3 4 4 6 1 3 7 4 2 6 4 5 3 6 6 3 3 6 4 6 2 1 7 6 5 0 2 8 1 4 0 2 6 5 1 3 4 4 2 4 1 7 2 2 5 1 5 2 4 3 2 2 6 7 7 4 3 2 5 3 5 1 1 3 6 3 3 3 7 5 4 2 3 8 9 5 11 7 28 127
TCT_A 127 30 26 15 19 12 8 11 6 13 3 3 9 4 1 4 6 5 4 3 1 1 4 2 5 6 2 2 0 0 4 3 4 6 3 3 0 1 1 1 1 4 3 3 1 1 3 3 1 1 2 3 0 1 3 0 1 1 3 0 0 1 1 1 0 1 2 2 1 2 3 2 0 1 2 0 0 1 2 2 0 0 0 1 2 1 0 3 1 2 0 1 1 1 1 4 0 3 0 0 1 0 3 1 3 0 0 0 0 1 2 0 2 3 1 1 1 1 0 1 0 0 1 0 1 1 1 0 1 1 0 0 0 0 0 0 0 0 0 1 0 0 1 0 2 0 1 0 0 0 0 0 1 1 0 0 0 0 0 1 0 0 1 0 1 0 0 1 0 0 1 0 0 0 0 1 1 0 0 1 0 1 1 1 0 1 3 3 0 2 6 2 0 0 0 1 0 0 2 1 1 2 0 1 1 1 1 1 2 1 2 2 11 21
TCT_G 201 72 36 30 25 20 13 19 12 11 6 15 7 8 7 9 7 5 3 4 3 7 8 6 5 2 6 6 8 3 5 4 5 2 4 1 5 1 2 6 4 8 8 3 3 6 2 3 5 3 4 5 1 1 3 3 3 5 7 1 5 6 3 4 3 4 11 1 3 3 4 3 6 1 1 3 1 4 1 0 0 0 2 2 3 2 2 2 5 4 3 2 2 3 3 2 1 3 2 1 2 2 1 1 1 0 3 0 0 2 1 2 1 2 1 1 1 4 2 2 2 1 0 1 1 0 2 4 1 2 1 5 4 2 1 1 1 3 1 2 2 3 4 3 2 1 1 2 2 2 1 1 1 2 1 0 0 0 1 0 1 1 1 2 2 1 2 2 3 1 0 1 2 1 4 2 6 0 1 3 1 0 1 1 1 4 0 2 1 0 3 2 1 1 0 4 1 1 0 0 1 1 0 2 0 3 2 4 3 2 3 4 13 47
TCT_T 324 116 82 46 31 30 23 18 16 21 11 12 11 13 12 15 13 9 8 8 10 11 13 4 7 10 6 5 1 3 4 3 3 7 5 4 6 10 11 9 2 10 5 7 2 9 6 1 4 6 4 9 1 6 4 5 4 6 5 4 4 7 7 6 2 2 1 2 3 3 2 3 4 6 3 4 6 3 2 3 3 3 6 4 4 2 6 3 3 3 0 3 4 3 2 2 1 2 3 4 6 4 0 2 3 3 3 1 4 3 2 3 3 1 3 5 4 0 2 3 1 3 0 2 5 3 1 2 1 0 0 0 5 2 2 1 2 1 3 0 3 3 2 0 5 2 3 1 3 5 4 1 3 2 2 1 4 2 2 0 6 1 1 0 2 3 3 3 0 4 0 2 1 3 0 4 2 0 0 2 1 0 1 5 1 1 2 3 1 3 0 1 2 2 0 1 1 1 1 0 5 2 1 1 2 3 5 3 6 8 2 5 18 73
TGA_A 311 117 67 56 36 32 13 20 9 11 8 22 13 13 15 8 9 3 9 4 12 8 10 6 6 7 6 5 7 5 8 5 3 5 3 4 6 3 6 3 5 3 7 5 7 2 2 3 4 7 4 7 5 9 3 3 7 1 3 3 2 3 4 4 4 3 4 4 3 2 3 3 5 3 1 4 2 2 4 5 3 2 4 5 4 1 4 2 2 1 3 3 3 10 2 5 1 4 3 2 4 2 6 1 1 1 1 2 3 6 1 1 1 2 3 5 4 0 2 2 3 1 2 3 2 1 3 3 1 1 1 4 3 1 0 5 3 4 2 1 2 0 0 3 3 0 2 2 2 2 0 0 2 3 3 1 2 3 3 1 1 3 1 4 1 2 1 4 4 2 1 3 3 2 1 0 5 0 3 2 0 0 3 2 1 1 3 4 1 4 2 1 1 1 0 3 1 2 1 0 1 1 1 4 3 7 2 2 6 4 2 7 12 71
TGA_C 101 58 21 26 10 13 8 6 7 4 7 3 8 1 2 4 5 0 5 3 4 5 8 1 3 5 0 0 3 5 2 0 4 2 0 1 4 3 3 1 5 2 1 1 2 0 1 1 3 1 1 1 3 0 0 2 0 2 2 2 2 1 2 1 1 2 0 1 2 0 1 2 0 3 1 0 2 0 0 1 3 1 1 1 1 1 0 0 2 2 0 2 1 0 1 0 0 2 1 1 2 0 0 0 0 0 0 0 3 1 0 1 2 0 0 5 2 0 0 2 0 0 1 1 1 1 0 0 1 1 1 0 0 0 0 1 1 1 0 0 0 1 2 1 1 1 1 0 0 1 4 1 0 1 3 1 1 0 1 1 1 0 2 1 0 1 0 0 1 0 1 0 1 3 0 0 0 1 0 0 0 1 1 0 1 0 0 1 1 3 0 0 0 1 0 2 0 0 1 0 0 0 0 1 1 0 0 0 2 3 1 2 5 22
TGA_T 75 41 18 18 12 4 4 4 8 6 4 3 7 2 4 2 3 3 2 2 1 3 0 3 2 3 4 2 1 2 1 3 2 5 0 0 0 2 2 1 0 2 0 2 0 1 1 0 0 1 1 3 1 0 3 2 1 0 0 1 0 2 1 0 0 0 1 0 0 0 0 0 2 0 1 2 1 0 1 0 0 0 1 0 2 0 1 0 2 4 0 1 0 1 1 2 0 0 0 0 1 1 1 0 1 0 0 1 0 1 1 0 1 0 0 1 0 2 0 1 1 0 0 1 1 0 0 0 0 0 0 1 0 0 1 1 2 0 1 0 0 0 0 1 0 0 2 0 0 0 0 1 1 0 0 0 0 0 0 0 2 0 0 0 0 0 0 0 1 0 0 0 0 1 0 0 0 1 0 1 0 0 1 0 0 1 0 0 0 0 0 0 1 0 1 1 0 1 0 0 0 0 1 0 0 0 1 0 1 0 1 3 2 7
TGC_A 336 117 57 58 36 32 25 16 21 13 13 15 18 12 11 11 11 12 9 9 10 12 14 5 10 9 6 3 3 8 5 4 7 3 9 3 0 15 8 6 8 4 6 8 6 5 4 9 2 8 4 2 3 6 6 5 3 4 1 7 6 4 7 2 2 5 4 2 5 4 3 4 3 4 2 3 1 3 2 1 4 3 2 4 2 4 3 3 5 5 6 4 4 4 0 6 1 9 3 4 5 2 4 2 0 2 3 5 0 5 3 2 6 3 3 4 4 3 2 3 1 1 1 2 3 1 2 1 5 2 2 3 4 1 1 2 3 2 4 2 2 1 1 2 1 0 3 1 3 3 2 2 2 2 1 3 2 1 1 3 4 0 2 1 3 1 1 1 1 0 3 0 3 0 2 3 0 2 2 0 1 1 0 0 1 2 4 2 1 2 2 2 1 0 1 1 2 3 3 2 2 4 0 3 4 2 4 6 3 3 2 7 14 67
TGC_C 74 30 12 10 6 5 4 2 6 2 5 3 3 4 1 3 3 2 8 1 0 1 3 0 1 0 2 2 2 1 2 1 1 7 1 2 0 3 1 1 2 3 1 0 3 0 0 3 1 2 1 1 2 3 1 0 0 0 1 2 1 3 0 4 2 4 1 0 2 0 1 1 1 1 0 1 1 1 1 0 0 1 1 1 1 1 0 1 3 0 1 1 0 2 0 0 0 2 0 1 0 0 1 0 1 1 0 1 0 0 1 0 1 1 2 0 1 0 2 0 0 0 0 0 1 1 3 2 0 0 1 0 1 1 0 0 1 3 0 2 2 2 0 0 1 2 0 0 1 0 2 2 1 0 2 0 0 0 0 0 0 1 1 0 0 0 1 1 0 0 0 0 0 1 1 1 0 1 0 0 1 0 0 0 1 0 0 1 0 0 2 0 0 1 0 1 1 0 0 1 1 0 0 0 0 0 1 0 0 1 0 1 4 14
TGC_T 130 40 23 10 14 12 12 7 7 9 0 10 7 1 3 7 10 5 4 1 3 5 2 1 2 2 1 2 4 2 0 1 2 0 0 2 1 1 5 1 4 1 2 1 2 3 3 3 0 2 1 0 4 2 1 1 1 1 1 4 4 3 2 1 2 0 0 2 0 0 3 3 0 1 2 0 0 0 2 0 1 0 2 0 2 4 3 3 1 2 1 1 1 2 0 0 1 1 1 0 1 0 2 1 2 3 0 0 2 0 0 1 3 1 0 1 0 0 0 2 1 1 1 2 3 1 0 1 0 0 3 4 2 2 0 0 0 1 1 1 0 1 2 0 2 1 2 2 0 0 3 0 2 0 2 0 2 0 0 1 2 0 1 1 1 1 0 0 2 0 0 0 2 0 1 0 2 1 1 1 1 1 0 1 1 0 0 1 2 2 1 2 1 2 1 0 0 0 0 1 0 0 0 2 1 0 0 1 4 2 2 4 5 26
TGG_A 408 167 90 59 50 34 37 22 39 19 28 18 24 15 12 22 17 18 12 14 15 16 8 20 9 15 9 9 7 13 5 7 6 8 15 9 9 12 8 8 5 11 6 7 5 9 5 4 3 4 4 9 7 3 5 6 5 11 7 10 5 6 8 4 4 4 7 7 5 4 8 3 7 7 7 3 2 3 1 7 1 8 8 1 5 8 6 7 2 4 2 5 3 3 2 6 4 8 6 4 3 3 9 3 1 5 4 1 5 2 1 1 1 1 6 3 3 1 2 6 4 1 1 6 1 3 2 3 4 4 2 3 2 5 2 2 5 2 2 2 1 2 1 2 7 3 4 2 2 1 4 1 4 4 3 1 3 7 3 2 3 6 3 1 3 2 2 1 0 2 1 2 2 2 0 2 0 1 7 4 2 3 2 4 3 4 2 1 7 4 2 6 0 1 2 1 1 7 0 2 1 1 3 4 5 1 3 7 9 6 7 10 27 86
TGG_C 113 34 25 16 11 9 13 6 4 3 3 6 7 6 3 1 2 5 4 4 3 5 6 4 4 5 1 6 1 2 1 1 1 0 3 0 2 3 1 1 0 2 1 2 3 1 1 3 3 0 1 0 0 2 0 1 0 0 2 2 1 1 2 0 2 1 1 0 2 2 1 0 1 0 0 1 1 1 1 0 1 0 1 3 2 3 0 1 1 0 1 2 3 0 4 2 0 2 0 0 3 5 0 0 2 0 0 2 1 1 1 3 0 0 0 2 3 1 0 0 0 1 1 0 1 0 0 1 0 1 0 2 0 2 0 1 2 0 0 0 1 2 1 1 1 1 0 0 0 0 1 1 0 0 1 0 4 1 0 0 2 1 3 0 0 1 3 2 0 0 0 1 1 0 0 0 2 0 2 0 0 0 1 0 1 1 2 0 1 0 0 0 0 1 0 0 2 0 3 0 0 2 4 1 1 1 1 1 1 0 1 1 7 23
TGG_T 118 46 17 11 9 7 10 10 6 4 5 4 2 6 4 5 4 5 2 0 5 1 3 0 0 3 0 4 0 1 0 0 1 3 2 2 3 3 2 2 2 1 3 1 2 3 2 0 2 1 0 0 2 1 1 2 1 0 2 1 1 2 1 3 0 3 0 2 1 1 2 0 0 2 3 1 2 0 1 0 0 5 3 3 1 2 2 1 0 0 2 1 4 1 3 2 0 6 1 0 3 3 3 1 0 0 1 1 1 1 1 1 0 0 3 1 0 0 1 0 2 1 0 0 1 1 1 0 0 0 1 1 0 0 1 1 0 2 0 1 0 0 2 1 0 1 1 2 4 0 0 1 2 0 0 0 0 1 0 0 2 1 0 1 0 1 1 0 0 1 0 1 1 1 0 0 0 0 2 4 0 0 0 2 0 0 1 0 0 1 1 1 0 0 1 0 0 3 1 1 1 1 0 2 1 2 1 2 0 0 0 4 4 30
TGT_A 435 171 98 68 66 34 31 36 30 31 26 11 13 21 18 21 17 21 15 12 22 17 17 10 13 10 10 9 9 11 6 9 8 8 9 10 10 9 7 11 8 7 8 13 13 15 8 11 7 8 7 5 6 6 5 9 6 10 11 9 10 8 8 6 9 9 5 4 10 5 3 6 5 1 8 6 6 3 8 7 1 10 4 6 3 6 7 6 8 4 2 5 6 4 7 9 0 7 4 6 4 2 6 4 4 2 5 5 8 2 7 4 2 2 5 6 3 2 5 2 4 5 1 7 2 1 8 3 5 2 3 3 2 4 6 3 1 4 3 3 2 4 1 4 7 4 1 7 1 3 4 2 1 4 0 1 5 2 4 2 5 2 2 5 3 1 1 1 4 2 3 3 5 4 3 4 1 1 3 2 7 8 1 0 1 3 1 2 4 4 3 9 5 4 0 4 2 5 9 3 2 0 4 5 2 2 2 6 6 13 9 4 39 176
TGT_C 103 48 24 15 11 14 9 4 9 7 5 2 7 4 3 4 6 1 0 3 5 8 2 7 4 4 6 0 4 4 3 1 1 1 1 2 2 6 2 2 4 2 4 0 5 1 1 1 0 3 1 4 1 0 2 1 0 3 2 1 2 3 0 0 0 1 1 2 2 4 1 1 1 1 0 2 1 1 2 2 2 1 1 3 0 2 1 3 1 6 0 2 2 0 1 3 0 1 0 0 2 0 1 0 1 0 0 0 0 1 1 1 2 1 3 1 0 2 1 1 0 1 2 2 0 2 1 1 0 1 2 1 2 2 2 1 0 1 0 2 0 1 1 1 0 0 0 1 0 3 0 0 2 1 1 0 0 1 1 1 0 0 0 0 0 1 0 0 0 1 2 2 3 0 2 1 0 3 0 1 0 1 0 1 2 0 0 0 0 0 0 3 0 2 2 2 1 0 2 2 0 1 1 1 3 1 0 3 2 2 3 3 8 32
TGT_T 124 53 25 21 17 14 5 9 8 4 5 5 4 4 4 4 6 6 3 3 5 3 6 1 2 6 1 1 1 3 1 3 2 3 5 5 1 1 4 2 2 1 2 5 1 1 8 0 3 4 3 2 1 2 4 1 1 4 2 0 1 2 3 1 1 2 1 3 2 1 2 5 2 2 0 3 1 4 2 0 0 2 2 1 2 3 1 3 0 0 1 3 1 3 3 1 0 1 1 0 0 0 4 1 3 0 2 0 0 0 4 0 2 0 0 1 2 2 0 0 1 2 0 3 1 0 0 3 1 1 1 1 1 2 0 2 2 0 1 0 2 1 1 1 1 0 0 0 3 0 0 0 0 1 1 1 1 1 1 0 0 0 2 0 0 0 0 1 1 1 1 0 1 3 1 2 0 1 2 0 0 1 0 0 1 0 0 2 2 3 0 3 1 1 1 0 2 1 4 2 2 1 0 0 0 0 0 3 4 0 3 2 9 37
TTA_A 111 35 16 18 8 6 8 3 3 7 4 0 3 0 4 4 3 6 4 2 3 0 3 4 4 1 0 0 2 1 2 4 3 1 2 1 1 2 1 4 5 6 3 2 2 4 2 0 2 3 0 3 0 1 0 3 2 0 1 0 0 2 2 0 0 2 2 1 1 2 0 1 2 2 2 2 0 2 3 1 1 2 1 1 1 4 0 2 0 0 0 0 1 1 2 1 0 0 0 2 0 0 0 1 0 0 0 3 1 2 2 1 4 2 0 3 3 2 0 0 0 0 0 0 0 1 2 3 0 1 2 0 3 2 0 0 2 0 0 1 2 0 1 1 2 0 1 1 0 0 2 2 0 0 0 0 0 0 0 2 0 1 0 1 0 0 0 0 0 0 0 0 1 1 1 2 0 2 1 0 0 2 0 1 0 3 0 1 2 0 1 2 0 0 3 0 0 1 2 1 1 0 0 2 2 0 3 4 3 5 1 5 8 94
TTA_C 149 82 35 30 20 11 8 17 10 17 9 7 9 9 8 8 8 8 3 5 4 8 9 3 6 5 3 1 6 3 3 1 3 5 2 2 3 2 3 4 3 3 1 7 6 0 4 2 2 2 2 0 1 1 1 0 1 4 3 1 2 1 4 1 3 3 3 2 1 2 0 1 2 5 1 1 3 2 3 3 2 1 0 4 3 1 3 1 1 2 3 3 2 1 2 1 0 5 4 3 2 2 2 1 1 1 1 2 0 1 1 0 2 5 3 1 2 2 2 2 1 2 3 1 2 0 1 1 1 2 0 0 1 3 3 1 3 0 1 2 1 0 0 2 3 2 1 2 1 1 1 1 5 4 2 0 1 2 1 1 1 2 0 1 2 1 0 2 0 2 2 3 1 0 0 0 0 2 2 1 1 3 0 0 1 3 0 3 0 2 0 4 0 1 1 5 0 2 2 4 0 1 1 4 2 3 1 2 4 2 6 2 13 52
TTA_G 46 13 8 5 4 2 0 1 5 2 3 4 4 2 2 1 1 1 4 5 2 4 5 2 1 0 4 1 1 1 2 1 0 3 1 0 0 0 1 0 2 1 2 0 0 0 0 1 1 0 0 0 0 1 1 1 0 0 2 2 1 0 1 1 0 0 1 2 1 1 1 1 2 0 1 0 0 0 0 1 0 1 1 2 0 0 1 1 2 0 1 0 1 1 0 1 1 1 0 2 2 0 1 0 0 0 0 1 4 1 0 0 2 0 1 1 0 0 0 0 0 0 0 0 1 0 0 0 2 0 0 0 0 0 1 0 1 0 0 6 2 0 0 1 1 0 0 1 0 0 2 0 1 0 2 0 0 0 2 1 1 0 0 0 0 1 2 0 0 0 0 1 0 0 0 0 0 1 2 0 0 1 2 0 1 0 0 3 1 0 0 0 1 0 0 0 0 1 1 0 1 0 1 0 0 0 1 0 2 2 3 1 4 21
TTC_A 29 13 7 8 5 4 3 2 5 1 3 1 2 1 1 2 1 2 1 1 0 1 0 0 1 0 0 1 1 2 0 0 0 0 0 0 1 0 1 1 0 3 2 1 0 1 1 1 1 1 0 0 1 1 2 1 0 0 1 0 0 0 0 0 0 0 1 0 1 0 1 1 0 0 0 1 0 1 1 2 0 0 0 0 1 1 0 0 0 1 0 1 0 1 0 0 0 0 0 0 0 0 0 0 0 0 0 0 1 0 1 0 0 0 0 0 0 0 0 1 0 0 0 0 5 0 0 2 0 1 0 0 0 0 0 0 0 0 0 0 0 0 1 0 1 0 0 0 0 0 0 0 1 0 0 0 0 0 0 1 1 0 0 0 0 0 0 2 0 0 0 0 0 0 0 0 0 0 1 0 0 0 1 0 0 0 0 0 0 0 0 0 0 0 0 0 0 0 0 1 0 0 0 0 0 0 0 0 1 0 1 0 1 10
TTC_C 162 50 35 24 26 15 10 17 14 9 6 5 4 7 6 6 7 4 9 3 1 6 3 4 3 2 1 4 2 3 2 4 2 4 4 1 3 6 1 2 0 1 5 3 4 3 3 0 0 1 2 5 2 2 2 1 1 3 3 5 4 0 4 1 3 2 4 1 4 3 2 0 2 0 0 3 3 4 1 3 2 2 2 2 1 2 3 1 1 1 0 0 1 1 2 2 3 4 0 1 2 2 1 2 0 3 4 1 0 2 0 0 1 2 5 3 0 2 2 1 0 0 2 2 0 1 3 1 2 1 0 0 1 0 3 0 0 0 1 0 1 0 3 0 2 1 0 0 0 1 2 2 0 1 2 0 1 0 0 1 3 0 1 0 0 1 0 1 1 2 2 2 0 2 1 2 3 1 0 3 0 1 0 0 0 1 1 4 1 2 0 0 0 2 0 2 1 1 2 0 2 2 4 1 0 2 1 0 5 3 5 2 14 61
TTC_G 43 22 7 11 8 4 7 6 6 1 1 3 3 1 3 0 1 2 2 2 0 2 2 2 3 1 6 1 3 0 1 1 0 2 1 0 2 6 1 1 0 0 1 1 1 1 0 1 3 1 2 1 0 2 1 2 0 0 0 1 1 0 0 0 1 2 1 0 1 2 2 0 0 1 1 1 0 0 0 1 0 1 3 2 0 0 1 0 0 2 2 2 2 0 2 0 0 0 0 1 0 0 0 0 0 1 0 0 0 0 0 0 1 1 2 0 1 0 0 0 1 0 2 0 1 1 1 0 1 1 0 0 0 0 0 0 0 0 0 0 0 0 0 1 0 0 1 0 0 1 0 1 0 1 0 0 1 0 0 0 0 1 0 1 1 1 0 0 1 0 0 0 1 1 0 0 0 0 1 1 2 0 0 0 0 0 0 2 1 1 0 0 4 0 0 1 0 0 0 1 0 0 0 0 0 0 0 2 0 2 0 4 4 19
TTG_A 44 14 12 7 5 3 2 2 1 0 1 1 1 0 0 1 2 1 1 0 0 1 1 2 0 1 3 1 1 1 1 0 0 0 1 1 0 0 2 1 0 0 0 1 1 0 0 0 0 0 1 0 0 0 0 1 0 0 0 1 1 1 0 0 2 1 0 3 0 1 1 0 0 2 1 0 0 1 0 0 0 0 0 0 0 0 0 0 0 1 0 0 0 1 0 0 0 0 0 0 1 0 0 0 1 0 1 0 0 0 0 0 0 0 0 0 0 0 0 0 0 0 0 0 0 0 0 2 0 0 0 1 1 0 0 0 0 0 0 0 0 0 1 0 1 0 1 0 0 1 1 0 1 0 0 1 0 0 0 1 0 0 0 0 0 0 0 0 1 0 1 0 0 0 0 0 1 0 0 0 0 1 1 0 1 1 0 3 0 0 0 1 0 0 1 1 0 0 0 0 0 0 1 0 1 0 0 0 0 0 0 0 2 6
TTG_C 229 52 45 23 17 21 16 6 10 15 5 12 12 6 7 7 5 5 9 7 4 10 9 8 4 5 6 8 2 1 5 3 3 3 3 4 5 5 7 6 2 5 4 5 1 3 4 0 2 4 0 4 3 1 4 1 3 3 3 1 3 2 1 1 0 6 2 4 2 4 3 2 2 3 2 5 3 1 0 6 4 2 2 2 3 6 2 3 2 5 3 2 2 3 1 3 2 1 3 3 4 3 10 3 8 2 1 2 2 3 2 0 4 1 1 6 4 2 3 1 4 1 1 7 5 0 3 0 4 0 4 3 1 3 5 3 1 0 4 1 3 4 0 3 1 3 1 2 2 1 1 2 1 1 4 0 2 3 3 2 2 2 3 2 1 1 0 3 3 1 3 0 0 2 2 4 2 5 4 5 3 2 3 2 1 1 1 2 2 6 3 4 4 1 4 3 2 4 3 4 3 3 4 3 6 4 9 11 10 6 12 10 46 498
TTG_G 79 39 19 15 13 14 9 3 5 4 5 4 5 3 2 2 1 6 3 4 1 5 3 2 1 4 0 1 1 2 1 0 3 1 2 2 2 4 3 1 3 3 0 2 0 1 1 2 2 0 1 0 1 2 3 2 0 3 0 2 2 1 1 1 1 3 1 0 2 0 3 0 1 2 1 3 1 1 0 0 2 0 0 2 1 4 1 3 0 0 1 0 0 2 1 1 0 3 1 0 2 0 3 0 0 0 0 1 1 0 1 0 0 1 0 0 1 0 3 1 1 1 3 2 2 2 0 1 2 0 1 1 1 0 2 1 0 1 0 1 0 0 0 0 1 1 0 0 1 2 0 0 0 0 1 0 0 0 3 0 0 0 2 2 0 2 0 2 0 0 0 0 0 1 1 1 1 0 1 1 0 0 0 0 0 0 2 0 0 2 1 1 0 0 1 2 2 0 0 1 1 0 0 0 1 1 0 1 2 1 2 1 4 36
TTT_A 80 36 24 11 13 8 2 1 8 5 5 4 3 5 3 6 1 1 0 6 3 0 4 5 1 3 3 3 1 2 1 1 2 0 3 4 0 3 3 2 0 3 2 2 3 0 1 2 2 1 2 3 0 0 0 0 5 0 3 3 1 0 0 0 0 3 1 2 1 1 1 0 1 0 0 0 0 0 0 1 2 0 1 0 1 0 1 1 0 1 0 1 0 0 0 2 0 3 3 0 1 0 0 1 0 2 1 0 0 0 0 1 2 1 2 0 2 1 0 1 0 1 2 0 0 0 1 0 0 0 0 2 0 0 4 1 0 0 1 0 0 1 0 0 1 1 0 0 1 1 1 0 1 0 1 2 0 0 0 0 0 0 0 0 1 0 1 0 0 0 0 0 0 1 1 2 0 0 1 0 3 0 1 0 0 1 2 0 0 0 0 0 1 0 0 0 0 1 0 1 0 1 2 1 0 1 1 3 0 0 0 1 7 23
TTT_C 238 77 57 42 38 24 25 27 20 18 9 14 8 17 11 13 13 14 9 8 4 11 11 7 6 9 7 0 4 1 6 6 7 8 7 4 2 5 5 7 7 9 5 3 4 8 3 7 4 4 9 5 2 3 4 4 4 4 6 6 3 2 4 6 5 4 3 2 8 2 3 2 7 4 4 6 4 4 2 7 3 0 1 2 5 1 5 5 1 2 5 2 2 1 2 1 2 7 1 1 3 3 8 3 4 3 3 0 2 0 1 0 2 4 2 4 3 1 2 1 0 2 3 6 5 4 1 2 5 2 1 1 3 2 0 1 3 5 4 0 1 0 2 1 3 1 5 0 4 2 0 3 2 0 1 2 2 4 1 1 0 3 3 2 2 3 2 1 1 1 1 5 4 0 3 4 2 3 4 0 0 1 0 0 4 1 0 1 0 5 2 1 1 0 1 2 2 4 2 1 1 5 3 2 1 1 4 1 2 4 1 5 17 60
TTT_G 143 59 44 25 22 13 8 11 11 10 3 8 2 5 5 6 10 2 11 3 7 2 4 6 4 4 1 3 5 5 1 2 4 2 5 6 7 2 1 3 3 2 3 6 4 9 2 1 0 6 2 2 0 2 1 1 2 0 2 2 2 2 4 1 1 2 3 1 1 0 1 1 0 1 1 0 4 1 1 0 2 0 0 2 1 2 2 2 0 0 1 1 1 3 2 0 2 4 0 2 4 0 1 0 2 0 2 4 1 2 2 0 0 3 0 1 2 2 2 0 0 1 1 0 2 2 2 0 2 0 1 0 0 2 1 0 3 0 0 2 1 1 0 0 1 1 0 2 0 1 0 0 1 1 0 1 2 1 0 2 0 2 1 1 1 1 0 0 0 2 1 2 4 0 0 1 2 2 2 1 1 1 3 3 1 2 0 2 0 2 2 0 0 0 1 1 1 1 1 0 1 1 0 1 3 1 1 0 3 5 3 1 5 52
