Mut 1 2 3 4 5 6 7 8 9 10 11 12 13 14 15 16 17 18 19 20 21 22 23 24 25 26 27 28 29 30 31 32 33 34 35 36 37 38 39 40 41 42 43 44 45 46 47 48 49 50 51 52 53 54 55 56 57 58 59 60 61 62 63 64 65 66 67 68 69 70 71 72 73 74 75 76 77 78 79 80 81 82 83 84 85 86 87 88 89 90 91 92 93 94 95 96 97 98 99 100 101 102 103 104 105 106 107 108 109 110 111 112 113 114 115 116 117 118 119 120 121 122 123 124 125 126 127 128 129 130 131 132 133 134 135 136 137 138 139 140 141 142 143 144 145 146 147 148 149 150 151 152 153 154 155 156 157 158 159 160 161 162 163 164 165 166 167 168 169 170 171 172 173 174 175 176 177 178 179 180 181 182 183 184 185 186 187 188 189 190 191 192 193 194 195 196 197 198 199 200 201 202 203 204 205 206
AAA_C 109 41 22 21 12 18 15 14 7 4 7 7 6 7 4 5 10 2 5 3 6 7 5 4 3 2 6 3 6 3 2 1 3 3 2 4 3 0 5 4 2 1 2 2 2 7 4 1 2 0 1 2 4 3 3 2 1 1 5 0 0 2 1 0 1 2 0 5 0 4 3 1 0 4 0 4 1 8 3 0 3 1 0 3 1 1 2 2 1 0 1 2 3 3 3 1 1 0 0 1 0 0 5 4 0 4 1 1 0 2 1 0 3 0 1 2 2 1 1 2 1 1 2 1 3 3 2 5 2 1 0 1 1 1 2 1 0 1 0 1 0 4 1 0 1 1 1 0 1 0 3 5 2 1 0 3 1 1 0 0 2 1 1 0 1 2 1 2 3 0 0 2 2 1 0 2 0 1 2 0 0 1 1 1 0 1 3 2 2 0 2 1 1 1 1 1 1 2 3 2 4 1 6 3 7 52
AAA_G 198 70 38 38 29 20 14 14 16 9 14 4 9 10 10 10 4 9 9 11 9 4 8 6 9 8 8 5 9 8 4 8 7 4 5 3 3 5 6 4 6 5 8 3 4 8 4 5 6 3 2 4 2 7 4 6 4 2 2 3 1 0 4 4 4 4 5 2 4 9 2 1 3 2 4 3 2 8 2 4 1 8 2 3 3 0 3 2 2 2 6 4 1 6 5 4 2 2 2 0 2 1 2 1 4 3 1 4 2 4 4 1 1 0 3 2 1 6 4 0 4 3 2 2 4 0 2 2 3 1 2 1 6 5 2 2 0 1 0 3 1 2 2 1 0 1 0 1 0 2 0 0 2 3 4 5 2 3 0 1 1 2 1 4 1 0 3 3 1 1 3 3 2 2 3 4 6 1 3 2 3 1 0 1 3 2 2 4 6 3 3 0 0 2 2 2 2 3 4 2 3 1 3 5 15 90
AAA_T 57 18 14 8 8 11 10 1 5 3 5 1 6 2 4 4 4 4 0 3 0 9 1 1 3 3 4 3 4 2 3 2 3 3 3 0 3 2 1 2 1 1 3 1 2 1 3 0 2 1 4 1 2 3 2 0 2 1 0 4 0 1 1 1 1 0 0 1 1 1 0 2 0 0 1 1 1 1 0 1 0 0 1 1 1 3 0 3 2 3 1 0 2 0 0 0 1 1 0 1 1 1 1 0 2 2 0 1 3 1 1 1 1 2 2 0 0 0 0 0 0 2 2 3 1 0 1 0 2 0 1 0 0 1 1 2 1 0 0 1 1 0 2 1 1 0 0 0 0 0 0 0 0 1 1 0 0 0 0 0 1 1 0 1 0 0 0 0 2 0 2 0 0 0 0 0 5 0 0 0 0 1 0 1 0 0 1 1 0 2 1 3 1 4 0 1 2 1 1 0 4 0 1 1 5 34
AAC_C 56 29 11 8 7 2 4 2 3 5 2 4 0 2 1 1 4 0 1 2 2 0 2 0 0 2 1 1 1 1 3 0 0 2 1 0 0 1 0 0 0 0 0 0 2 2 0 0 2 0 0 0 0 1 0 1 1 1 1 1 2 1 1 0 0 0 0 0 1 0 1 0 0 1 2 1 0 1 0 0 1 0 0 2 0 2 1 4 0 1 0 0 0 0 2 0 0 1 2 0 2 0 0 0 0 0 1 0 0 1 2 2 0 0 1 0 0 2 0 0 1 0 1 0 1 0 1 1 1 0 0 0 0 0 0 1 0 0 1 0 0 0 0 0 0 0 0 0 1 1 0 1 0 1 0 0 1 1 1 0 0 0 0 0 0 5 0 0 0 0 0 1 0 1 1 1 0 0 0 0 0 0 0 0 0 0 0 0 1 1 1 1 0 1 0 0 0 0 4 0 2 0 0 3 3 26
AAC_G 124 48 24 18 16 10 13 12 14 3 10 9 11 6 6 5 5 4 7 5 5 8 8 7 9 5 1 8 5 3 2 3 2 4 5 3 4 6 4 2 0 1 4 3 2 2 6 3 1 6 3 4 3 4 3 1 2 0 1 5 0 0 3 2 1 1 3 2 3 2 4 1 3 0 1 1 2 2 5 4 1 2 0 0 3 2 2 2 1 1 0 0 2 0 1 2 2 1 5 2 0 2 2 0 1 4 3 3 3 0 1 0 1 3 1 1 0 0 1 4 2 3 0 1 5 1 2 3 2 1 4 4 1 4 3 2 2 0 1 0 2 0 0 2 0 1 0 0 6 0 2 1 2 0 1 5 0 2 0 0 0 0 3 1 2 5 2 1 5 2 1 1 6 4 2 0 2 1 2 2 3 0 0 1 1 1 4 0 3 1 4 4 4 4 1 1 3 2 5 2 1 1 3 3 8 71
AAC_T 24 22 7 8 3 1 4 4 4 3 2 0 2 2 3 2 1 2 2 0 0 2 0 0 0 0 0 0 4 3 0 0 0 3 1 1 2 0 1 1 0 0 0 0 0 0 0 1 2 0 1 2 0 1 0 0 0 0 1 1 2 0 0 1 1 0 1 1 1 0 0 0 0 0 1 1 1 0 0 1 2 0 0 0 1 0 0 1 1 0 0 0 2 2 1 1 0 0 0 0 0 0 1 2 0 1 0 0 0 4 1 0 0 0 0 1 0 0 0 1 0 0 1 1 0 0 0 0 0 1 1 0 0 1 1 0 0 0 0 1 0 0 0 0 0 0 0 0 0 1 0 0 0 0 1 1 0 0 1 0 0 1 0 0 0 1 1 0 0 0 1 0 0 0 0 0 0 0 1 0 0 0 0 0 1 1 1 0 1 1 1 0 0 0 0 0 0 0 0 0 0 0 1 1 5 13
AAG_C 48 21 17 6 9 8 5 6 6 1 1 0 4 3 2 2 2 3 1 0 1 3 3 3 6 2 0 0 1 2 4 3 2 1 2 3 1 0 1 1 1 1 0 0 1 0 0 1 3 2 0 0 0 1 0 1 0 0 1 0 1 0 0 1 1 0 2 1 0 1 0 0 0 0 1 1 1 1 2 0 1 2 0 0 1 2 0 0 1 1 0 0 1 0 2 2 1 0 1 1 1 1 0 0 5 1 3 1 1 1 0 0 0 0 1 0 0 0 0 0 2 0 0 0 1 0 1 0 0 0 0 0 1 0 0 1 0 1 1 1 0 0 1 2 0 0 1 0 1 0 0 0 0 0 0 0 0 0 0 1 0 1 1 0 0 1 0 0 0 0 0 1 0 0 0 0 2 1 0 1 0 1 0 0 0 1 0 0 0 0 2 0 0 0 0 0 0 0 1 0 0 0 1 1 3 20
AAG_G 142 55 31 22 18 15 19 14 7 5 6 2 8 4 7 3 6 5 7 6 5 5 4 3 1 3 5 2 6 7 5 3 3 5 3 7 7 6 3 2 5 3 6 2 2 1 3 2 3 2 3 4 2 2 1 4 1 3 1 2 5 0 3 2 6 4 4 5 0 4 2 1 2 2 2 3 1 1 2 1 2 3 1 2 3 2 3 4 4 0 2 3 2 1 2 2 1 2 3 1 1 4 2 4 1 4 2 1 5 1 1 2 3 2 2 1 0 5 3 4 4 2 0 5 1 2 4 5 1 0 3 1 3 2 0 1 0 1 2 1 0 0 3 0 0 1 3 0 0 3 1 4 3 1 1 2 3 1 1 2 3 0 0 0 2 5 1 0 2 3 1 1 2 0 2 3 4 1 0 0 5 1 1 1 2 1 0 1 3 7 2 3 1 2 2 2 1 4 2 2 3 2 2 5 9 110
AAG_T 17 10 7 4 4 5 7 1 2 3 0 1 0 0 4 2 1 0 1 2 2 0 0 3 1 1 1 1 0 0 1 2 1 1 0 1 1 1 1 1 0 1 1 0 1 0 0 1 1 2 3 1 0 1 0 0 1 1 0 0 2 0 0 1 1 0 1 0 2 0 0 2 1 1 1 0 0 1 0 1 1 1 0 1 1 2 0 1 0 0 1 0 1 1 1 0 0 0 0 0 0 0 0 0 2 1 0 1 0 1 0 0 0 0 0 1 2 1 0 2 0 0 0 0 0 0 0 0 0 0 1 0 1 1 0 0 0 1 1 0 0 0 1 0 0 0 0 1 0 1 0 0 1 1 0 1 0 0 1 0 1 0 0 0 2 0 0 0 0 0 0 0 1 0 0 0 0 1 0 0 0 1 0 0 0 0 0 0 0 0 0 0 1 0 1 0 0 0 1 0 0 0 0 1 2 17
AAT_C 41 17 12 2 7 11 4 6 0 0 4 0 2 2 2 2 5 1 2 0 2 3 1 1 0 0 2 2 2 2 1 2 0 0 4 1 2 0 0 4 0 1 2 1 2 0 0 1 1 2 0 1 0 0 1 0 0 2 0 0 0 1 1 1 0 0 1 1 0 1 0 0 0 2 0 2 1 0 0 2 1 0 0 2 0 0 1 0 0 2 1 0 1 0 1 0 1 0 1 1 1 4 0 1 2 2 0 1 0 0 0 0 2 0 0 0 0 0 0 1 0 2 0 1 1 0 0 2 1 0 0 0 1 0 1 1 1 0 0 1 0 0 2 1 1 0 1 1 0 2 0 0 1 0 0 0 0 1 0 0 2 0 0 0 0 2 0 1 0 0 0 0 0 1 0 1 0 1 1 0 1 0 1 0 0 2 0 0 0 0 1 1 1 1 1 1 1 3 1 1 1 0 0 0 5 23
AAT_G 316 111 77 58 32 35 27 25 19 15 10 12 13 18 15 13 15 12 12 10 11 13 15 9 9 15 13 13 16 9 7 9 8 6 12 6 3 5 13 6 7 3 7 4 3 5 8 4 5 3 11 8 1 4 6 7 4 4 5 4 3 3 3 5 5 9 8 1 3 3 3 4 2 6 3 5 6 10 7 10 2 9 2 3 2 3 3 4 5 4 6 8 6 4 5 4 2 5 1 4 3 3 6 8 8 8 5 6 6 8 3 3 0 3 6 4 4 4 4 6 2 1 3 5 4 6 6 1 7 3 2 3 3 0 4 0 2 3 3 5 2 1 3 2 1 1 3 1 2 0 2 0 5 3 3 10 2 2 2 3 1 2 1 1 3 5 4 2 3 3 3 8 3 4 1 2 5 7 6 5 4 3 1 2 5 5 6 3 4 4 4 1 2 5 3 2 0 7 6 6 3 4 5 2 10 132
AAT_T 57 14 13 8 7 2 5 5 2 3 3 1 3 5 2 2 2 1 3 3 3 5 1 2 3 1 2 2 1 1 1 2 4 2 1 1 2 2 2 2 1 1 1 2 1 1 2 1 2 1 1 0 0 1 0 0 0 0 1 1 0 1 1 1 1 0 2 2 0 0 1 0 1 1 1 0 2 0 0 3 0 1 1 1 0 0 1 0 1 2 0 1 1 1 0 0 1 0 1 3 1 2 1 1 1 1 1 1 0 1 0 1 1 1 0 0 0 2 0 0 1 0 0 1 0 0 2 1 0 0 0 0 0 0 0 0 0 0 0 1 0 0 0 1 0 0 0 0 0 0 0 0 0 0 1 0 0 0 0 0 0 0 1 1 0 0 0 0 0 0 1 0 1 1 0 1 0 1 1 0 2 0 2 1 1 1 0 0 1 0 0 1 1 2 2 0 1 1 0 1 1 1 3 2 4 41
ACA_A 100 50 26 18 10 7 15 16 10 4 4 5 6 3 6 3 3 9 2 3 5 1 2 3 1 1 2 3 9 3 4 0 4 1 2 1 1 2 1 1 1 4 1 0 2 3 4 3 3 5 1 1 1 1 3 0 2 0 2 2 1 1 3 0 0 4 3 0 1 3 1 1 2 0 1 1 2 3 2 2 0 1 1 1 1 0 0 2 2 1 0 1 2 2 2 1 0 0 1 3 2 3 2 2 2 1 1 0 0 3 1 1 1 1 2 0 2 0 0 1 0 0 0 2 1 0 1 1 1 1 1 2 2 0 3 0 1 2 1 0 0 2 0 1 1 0 0 0 1 2 1 0 0 2 0 2 1 1 2 1 0 2 1 0 0 0 0 0 1 0 1 2 0 0 0 1 0 2 3 2 2 3 4 2 0 0 3 2 2 0 3 1 2 0 0 0 3 1 2 1 0 1 2 1 9 50
ACA_G 59 42 25 13 10 6 17 5 11 1 3 5 6 8 5 5 8 4 6 2 4 3 1 2 2 1 2 4 1 3 0 1 4 2 2 0 4 4 1 3 1 4 2 0 2 3 1 0 7 0 1 4 1 2 1 1 2 1 2 1 5 5 1 2 3 2 2 3 0 0 2 0 3 0 2 2 1 1 0 2 4 1 3 1 0 1 2 1 0 1 0 2 2 1 2 0 0 0 1 3 3 2 0 1 3 0 1 1 1 4 0 0 3 0 1 0 0 4 2 3 1 0 1 0 5 1 1 1 1 0 0 0 1 0 3 1 0 0 2 0 0 1 2 0 1 1 0 0 1 0 1 1 1 1 0 0 2 3 1 2 0 2 1 1 0 0 1 0 0 2 1 0 0 0 0 1 0 2 2 0 2 1 1 0 1 0 0 1 0 1 1 1 1 0 3 2 0 2 1 0 1 2 3 2 7 52
ACA_T 390 134 88 76 40 36 37 22 27 15 14 20 10 15 26 10 16 17 11 11 9 9 11 8 5 13 9 11 10 14 10 15 5 4 4 8 7 4 3 5 5 5 12 6 8 7 5 8 7 4 12 6 4 5 7 3 5 3 5 5 8 5 8 5 1 3 8 5 2 10 3 5 4 3 5 4 7 7 4 7 6 4 6 5 9 1 4 1 1 6 7 2 2 4 5 7 5 4 6 5 4 4 2 6 4 5 6 7 3 3 2 3 3 2 5 2 4 0 2 3 4 0 3 2 2 2 5 3 1 5 7 2 6 2 6 1 1 3 3 2 3 2 2 1 0 1 0 2 4 3 2 4 3 3 4 5 2 5 3 2 2 7 3 3 2 1 3 4 3 4 3 6 4 1 1 1 4 6 2 5 2 3 3 3 2 2 5 4 3 4 4 7 1 7 4 5 6 6 2 6 3 5 11 11 21 243
ACC_A 129 66 38 15 15 11 12 10 10 5 5 8 8 4 3 8 3 7 6 4 4 7 3 4 7 2 7 7 3 0 1 3 3 3 3 2 5 2 1 3 0 4 4 2 2 3 2 1 3 4 8 3 4 5 2 2 3 1 1 1 4 1 3 1 2 1 4 3 3 3 5 0 1 1 1 1 4 4 1 2 1 2 0 2 2 3 1 1 2 2 1 0 0 1 0 0 0 0 2 6 1 3 0 0 0 3 2 0 3 0 0 1 1 2 0 1 3 1 0 2 0 2 0 2 1 1 1 2 4 2 1 0 0 5 0 3 1 1 1 2 0 2 1 0 0 0 0 0 1 3 0 0 2 4 1 0 2 0 1 1 0 1 2 0 2 1 1 3 0 1 2 1 0 1 2 4 1 2 1 6 3 0 0 1 0 2 0 0 3 0 1 3 1 2 1 0 0 0 2 1 2 1 4 3 9 53
ACC_G 63 29 19 10 8 11 5 4 0 3 4 1 5 4 4 2 6 2 1 1 2 6 3 3 2 1 1 1 2 2 0 4 1 3 2 1 0 1 2 5 2 2 1 3 0 2 1 1 0 2 1 1 0 1 0 0 0 1 1 1 0 1 1 0 1 1 0 1 1 0 1 0 1 1 2 3 1 3 1 2 3 0 3 1 3 0 0 0 0 1 0 1 1 0 2 2 1 1 3 2 4 1 0 2 0 0 2 2 2 1 0 2 1 0 0 0 1 1 0 3 0 0 1 0 0 0 0 0 2 1 0 1 1 1 1 1 0 0 1 0 1 1 0 2 0 0 1 0 1 1 2 0 0 1 0 2 0 0 1 0 0 0 2 0 2 0 0 1 1 0 1 2 0 1 1 2 1 2 1 1 1 1 0 1 1 0 1 0 1 0 3 0 0 3 0 2 2 3 2 1 2 2 2 2 0 38
ACC_T 251 97 44 34 31 23 22 21 7 11 16 10 8 12 12 14 14 9 4 9 9 7 7 7 8 8 9 8 1 7 6 7 7 7 4 8 6 6 2 6 7 7 2 11 6 3 5 4 6 8 2 5 7 3 7 5 6 1 3 1 1 4 1 2 3 3 5 2 0 2 6 4 3 3 3 4 2 5 5 2 0 7 2 3 6 3 2 4 0 4 2 9 0 1 3 1 4 2 3 6 6 5 3 2 4 3 6 2 5 3 1 2 4 5 4 3 2 3 0 2 1 1 1 0 2 1 2 0 2 1 2 5 1 2 1 4 3 2 3 3 4 3 0 1 3 1 0 1 0 1 2 3 2 3 5 3 3 1 3 1 2 0 3 0 6 1 4 1 3 2 0 1 2 3 2 2 0 1 2 4 6 4 3 1 0 2 4 1 2 3 4 3 1 4 3 1 1 2 2 4 5 5 9 3 13 84
ACG_A 38 16 11 4 2 4 1 9 3 2 4 3 2 0 0 2 3 2 0 1 2 2 3 1 2 2 2 4 1 0 0 0 2 0 0 1 0 1 0 1 0 0 1 1 1 1 1 0 1 0 2 0 1 0 1 1 0 0 1 0 0 0 1 0 1 0 0 0 0 0 0 0 0 3 1 1 0 0 2 0 0 0 1 0 1 0 0 0 0 0 0 2 1 0 0 0 1 1 0 1 0 2 1 0 1 1 0 0 0 0 0 1 1 0 0 0 1 2 3 1 0 1 0 1 1 0 1 1 2 0 0 1 2 0 0 0 1 0 2 0 0 0 0 0 1 0 1 1 0 1 1 1 0 0 0 0 2 1 1 0 0 0 1 1 0 0 0 0 1 0 0 0 0 1 0 3 1 1 0 0 0 2 0 0 0 1 0 0 2 0 2 0 0 0 0 0 0 1 0 0 0 0 0 0 0 16
ACG_G 32 12 6 6 3 2 5 3 2 2 3 1 3 2 1 3 3 2 5 3 1 0 1 0 1 0 0 0 2 0 3 2 3 0 0 1 0 1 0 1 0 1 1 0 0 0 2 0 0 1 1 0 0 1 1 1 1 2 0 0 0 0 0 1 0 0 1 1 3 1 0 0 2 1 0 0 1 0 0 1 0 0 1 0 1 1 0 1 0 1 0 0 0 0 0 0 1 0 0 1 1 0 1 0 2 1 1 0 2 1 0 0 1 0 0 1 0 1 0 0 1 0 0 0 0 0 0 2 1 1 2 0 1 0 0 1 0 0 0 0 1 0 0 0 0 1 1 0 2 0 0 0 1 0 2 0 1 0 1 0 0 0 0 0 0 1 0 0 1 0 0 0 1 0 0 0 1 0 0 0 0 0 0 0 0 1 0 0 0 0 0 0 0 0 1 1 1 0 1 0 0 0 0 0 6 25
ACG_T 1028 323 182 102 86 82 87 56 49 47 26 40 34 44 36 42 34 23 22 33 18 17 24 26 29 23 13 28 24 12 27 23 23 24 13 19 16 9 11 12 17 15 10 15 6 15 15 16 16 16 12 17 11 15 11 12 8 9 11 8 10 8 9 9 16 16 15 15 13 14 15 3 10 7 14 11 14 9 13 11 10 11 10 9 13 10 9 11 6 8 13 8 4 5 5 11 7 9 8 12 10 11 6 15 5 14 12 5 7 6 11 2 10 4 8 8 10 8 10 11 6 2 10 11 13 8 4 14 8 7 5 7 8 8 8 6 10 8 5 6 5 7 9 7 5 3 2 1 8 5 9 6 6 11 6 7 3 11 9 6 8 6 3 8 3 6 6 4 2 7 7 5 1 5 6 8 9 13 5 7 5 4 6 9 7 7 10 9 7 10 9 2 10 7 6 3 13 7 10 8 9 13 9 20 38 345
ACT_A 56 23 11 5 4 5 8 3 2 2 4 1 1 2 3 4 2 5 1 0 3 0 0 2 1 0 2 0 1 0 2 1 2 1 0 1 1 1 3 0 1 0 2 1 2 1 3 0 0 1 0 2 3 2 0 0 1 0 0 0 0 0 0 1 1 0 1 0 2 0 0 0 1 0 1 1 1 1 0 0 0 0 1 1 0 0 0 2 0 0 0 1 1 0 0 0 0 1 1 0 0 1 0 2 1 2 2 0 3 0 2 0 0 1 0 0 1 1 1 0 0 0 0 1 2 0 0 1 1 1 1 0 0 0 1 0 0 0 1 0 0 0 0 0 0 0 0 0 1 1 0 0 1 2 1 1 0 0 0 0 0 0 0 0 1 1 0 1 0 1 0 0 0 0 0 1 0 0 0 0 0 0 1 0 1 1 0 0 1 0 0 0 1 0 1 0 1 2 0 0 1 0 1 1 7 15
ACT_G 73 30 18 13 11 13 12 4 3 4 3 3 2 3 6 4 5 4 4 5 2 4 2 2 3 1 0 3 3 1 5 1 2 6 1 1 3 1 1 2 1 4 1 2 1 1 1 1 1 5 3 0 3 2 4 3 2 1 0 0 1 1 1 1 4 2 1 2 0 2 3 1 0 1 2 0 1 1 3 2 1 1 1 0 1 1 2 1 1 0 1 2 1 1 1 3 3 2 1 4 0 1 2 2 1 1 2 1 1 1 3 0 0 0 1 0 1 1 1 1 1 2 0 0 1 1 1 0 0 1 0 0 1 1 2 1 0 0 1 1 2 1 1 1 0 0 0 1 0 0 0 0 1 0 0 0 2 2 1 2 1 2 1 1 0 0 0 1 0 1 0 1 1 0 3 1 1 1 0 0 1 2 0 0 0 0 0 1 0 0 2 3 0 0 1 1 0 2 0 1 0 1 3 1 7 34
ACT_T 187 91 55 32 23 31 22 21 17 19 8 13 10 11 12 3 5 7 11 6 5 7 6 10 12 5 4 8 6 3 8 12 4 7 3 3 5 6 3 1 5 5 6 4 2 4 4 6 6 6 7 1 4 3 2 2 4 3 2 1 3 5 3 8 2 3 2 7 6 4 2 2 3 5 2 2 4 4 4 4 11 5 6 4 2 3 3 5 6 2 1 4 4 2 3 3 4 3 1 3 0 6 1 3 5 2 3 1 2 0 3 4 4 4 4 0 1 2 7 2 3 2 1 2 3 2 2 7 1 7 2 4 3 3 2 0 1 3 1 2 1 0 2 2 0 1 2 4 3 2 1 2 1 3 2 5 3 2 4 1 1 1 1 1 2 2 1 2 2 2 0 4 0 2 1 1 3 2 2 4 0 0 3 0 3 1 2 1 3 2 4 3 0 3 3 2 1 1 5 4 3 5 5 5 17 158
AGA_A 215 83 60 29 26 23 22 21 10 18 11 19 8 13 12 6 13 7 9 7 9 4 6 1 5 6 6 6 9 12 6 5 8 9 3 2 4 2 2 4 3 5 2 4 4 6 8 8 6 8 4 5 3 6 2 2 3 4 2 3 3 3 1 5 3 4 0 8 4 2 7 2 5 3 6 2 3 4 1 1 4 5 3 1 2 5 6 1 4 4 2 2 4 4 3 2 2 1 4 8 3 2 4 3 1 4 4 1 2 2 2 3 1 3 2 4 3 3 1 4 4 0 4 4 4 3 4 1 0 2 3 0 3 0 2 2 1 2 0 3 1 2 3 2 4 2 2 1 1 0 4 2 0 5 3 4 2 2 0 4 1 1 1 1 0 3 0 1 0 3 1 6 0 3 1 1 1 3 1 3 3 0 2 1 3 4 0 3 0 0 2 2 1 2 2 4 2 1 1 6 5 2 3 1 13 83
AGA_C 101 58 33 26 12 14 17 16 7 8 15 4 7 10 7 5 10 4 7 3 5 2 3 3 3 5 1 5 3 1 3 5 7 6 3 2 7 4 3 1 4 2 3 2 1 4 5 2 2 3 5 4 1 3 2 2 2 0 1 4 2 2 1 2 4 1 2 5 2 2 3 5 3 1 3 3 3 7 2 1 3 3 3 1 2 4 3 5 1 2 2 1 3 3 1 3 2 2 1 3 2 3 2 0 2 1 2 1 3 3 1 1 4 3 3 0 2 1 0 3 1 1 3 3 0 0 0 2 2 0 0 0 2 1 1 0 1 1 3 2 0 0 1 1 1 1 0 1 0 0 2 0 2 2 1 1 2 2 2 0 1 2 2 3 1 0 2 3 1 2 1 0 0 2 0 1 1 3 2 2 1 0 2 1 0 0 2 1 3 2 1 0 1 2 2 1 2 4 1 1 1 5 4 3 8 55
AGA_T 74 28 20 7 6 4 6 3 4 3 6 6 4 1 1 1 3 1 1 5 3 0 3 1 5 0 1 2 3 3 1 2 1 2 6 0 4 2 2 1 2 0 1 2 1 3 3 2 0 2 2 0 2 1 2 0 3 0 1 3 1 2 2 0 4 0 2 0 2 7 2 0 2 1 1 0 0 1 0 3 2 1 1 1 1 1 2 2 3 1 0 1 0 1 0 1 3 1 1 2 2 1 1 4 1 0 3 1 0 0 0 0 1 0 2 0 2 3 2 1 0 0 0 1 1 2 1 1 1 1 0 2 1 0 1 0 0 0 1 0 1 2 1 1 1 1 1 0 0 2 0 1 2 0 0 2 2 0 1 1 0 0 0 1 2 0 0 0 0 0 1 0 0 0 1 0 1 1 2 0 0 0 0 0 1 2 2 0 2 0 1 1 0 0 0 0 1 1 1 1 0 1 1 0 5 33
AGC_A 256 108 51 34 38 16 18 20 19 16 17 12 16 17 15 21 17 10 14 13 3 12 8 5 3 4 9 3 7 12 9 7 7 6 7 7 9 5 3 6 5 6 5 6 7 3 4 5 4 7 6 4 4 2 5 3 5 4 1 1 3 3 1 4 2 7 2 3 5 3 2 4 3 3 8 6 5 3 5 2 2 2 5 0 2 1 2 3 1 4 5 4 3 2 4 4 6 5 3 2 4 3 4 5 3 3 5 3 3 0 6 2 1 2 3 1 2 3 2 4 6 1 3 1 2 2 2 5 2 3 0 1 0 1 1 5 1 3 3 3 2 1 1 2 2 3 4 3 3 2 6 1 3 2 4 6 0 1 0 0 1 2 4 2 4 2 1 0 3 2 2 3 3 1 2 2 2 1 0 0 2 2 1 2 0 2 3 4 2 1 3 1 4 2 0 1 4 4 4 4 1 2 7 4 9 101
AGC_C 60 28 18 11 8 11 13 7 2 2 5 4 2 3 7 4 7 3 1 1 2 4 1 4 5 2 6 3 1 4 0 2 1 2 0 0 2 2 1 1 1 3 2 3 3 1 2 2 1 4 1 0 1 3 1 0 2 1 2 2 3 0 0 2 1 0 0 0 0 2 0 0 0 1 2 1 0 4 0 2 2 1 0 2 1 1 1 2 0 0 1 1 1 1 0 1 1 2 0 1 2 1 2 2 2 3 0 3 0 1 2 1 1 1 1 0 0 2 1 2 1 0 0 0 1 0 0 1 1 0 1 1 0 0 1 0 0 0 0 0 1 0 1 1 1 0 0 1 1 0 0 0 3 0 0 1 0 0 0 0 1 1 1 1 3 1 0 0 0 2 0 2 0 0 0 0 0 0 0 0 0 0 0 1 0 1 0 0 2 0 2 1 1 0 0 1 3 1 0 1 3 1 1 1 1 29
AGC_T 49 25 7 10 5 5 8 6 4 3 6 4 0 3 8 3 3 2 3 0 4 3 2 1 3 4 0 0 1 0 2 1 0 2 5 0 0 2 3 1 1 2 1 0 1 1 0 1 2 2 0 1 2 0 0 1 0 0 0 1 0 1 0 1 1 0 1 2 0 0 2 2 0 0 2 0 1 3 0 1 0 0 1 0 1 0 1 3 0 0 1 1 1 1 4 2 2 1 0 1 1 1 1 0 1 1 0 0 1 2 0 0 0 0 0 0 1 3 0 0 1 0 1 0 2 0 1 0 0 0 2 0 0 0 0 1 0 0 0 0 1 0 0 1 0 1 0 1 3 1 2 0 1 1 0 2 0 1 2 1 0 0 0 1 0 0 0 0 0 0 1 1 0 1 1 1 1 0 0 0 1 0 1 0 0 3 0 0 0 0 1 0 1 0 0 1 1 1 0 1 4 2 0 2 5 35
AGG_A 329 124 100 64 42 39 31 34 26 25 22 16 12 22 27 13 17 14 11 13 17 18 12 11 16 13 14 11 13 10 5 10 11 11 12 6 18 12 8 13 5 7 6 7 5 8 6 6 8 7 7 11 7 8 7 5 5 4 5 6 6 3 6 4 2 7 4 6 3 5 9 7 1 7 8 5 9 10 9 8 1 2 7 3 6 7 9 6 2 3 3 9 7 10 5 5 2 4 2 2 5 4 2 3 4 4 1 5 3 1 5 1 1 5 4 4 4 7 4 3 3 3 2 2 8 4 3 4 7 2 2 5 5 6 3 1 3 4 2 2 0 0 3 3 1 0 0 2 3 2 3 3 2 1 3 3 3 2 3 3 2 1 3 3 2 4 0 3 4 1 5 5 2 2 2 7 4 3 2 6 2 2 5 5 5 0 2 3 4 4 2 5 9 9 2 2 5 5 5 4 3 5 13 9 16 126
AGG_C 116 45 32 9 15 16 9 14 11 8 6 9 5 5 10 3 6 2 7 4 5 4 5 5 6 6 3 2 4 3 1 5 3 2 5 1 1 0 1 3 3 0 1 5 2 1 2 5 1 3 2 3 3 1 2 2 4 2 0 2 2 2 1 2 2 4 3 1 0 2 3 2 1 3 2 4 0 1 3 3 2 3 1 2 1 1 2 4 3 0 1 0 2 2 2 3 3 0 1 0 0 2 2 2 2 2 2 0 0 0 1 1 3 0 2 1 2 1 2 0 0 1 1 0 2 1 1 0 1 0 2 1 1 1 0 0 0 0 0 1 2 0 2 0 0 0 1 0 1 1 0 1 1 0 4 0 0 0 3 0 2 1 3 1 0 1 2 1 3 1 2 4 0 0 3 0 0 0 0 2 2 1 2 5 0 3 1 1 0 1 2 3 0 1 2 2 0 1 3 1 1 1 3 1 3 41
AGG_T 50 28 20 14 7 3 2 7 8 4 3 5 2 6 6 2 3 3 3 0 1 0 1 3 3 1 1 3 0 1 2 1 0 1 0 2 0 0 0 1 0 0 2 1 2 2 2 0 2 2 1 0 0 0 1 1 0 0 0 1 1 0 2 1 1 0 0 1 0 0 1 0 0 0 1 0 2 3 3 0 3 3 0 0 1 0 1 0 1 0 0 0 2 1 0 0 0 1 0 1 0 0 3 2 1 1 0 0 2 1 1 1 0 1 0 1 0 2 1 1 1 2 0 2 3 0 0 1 0 0 2 1 1 0 0 0 0 1 0 0 0 0 0 0 0 1 1 1 0 1 1 0 0 2 0 0 0 1 1 0 1 0 1 0 0 1 0 1 0 0 0 1 1 1 1 1 0 1 0 0 0 0 1 0 0 1 1 0 0 0 0 5 0 1 2 0 3 0 1 0 1 0 1 1 1 26
AGT_A 196 83 49 30 22 29 19 21 16 12 4 7 7 16 8 10 12 8 9 7 8 7 10 6 4 5 4 5 6 6 8 7 11 3 6 3 1 4 4 7 8 1 5 5 2 2 5 3 6 6 7 7 2 2 1 1 5 2 0 4 1 2 3 5 3 1 3 0 6 4 2 2 5 1 2 6 9 4 3 2 5 4 4 2 1 3 3 5 1 2 2 3 1 4 2 3 2 3 3 1 6 3 1 2 3 0 0 1 3 1 6 1 3 1 2 3 5 2 0 6 5 3 2 5 6 1 1 1 3 2 1 4 1 2 2 2 2 2 2 2 1 3 1 0 1 1 2 1 0 1 2 0 3 5 2 1 1 1 4 2 6 0 5 1 2 1 0 1 4 2 2 2 0 1 3 1 4 3 1 6 4 1 0 1 0 1 4 1 1 6 3 4 2 2 4 1 4 3 4 5 5 8 7 7 22 199
AGT_C 71 21 20 12 11 7 7 6 5 9 4 5 3 7 1 2 3 3 3 2 4 1 3 3 2 5 2 4 2 1 1 3 2 2 2 1 2 3 0 1 3 0 1 1 3 5 3 2 2 3 3 1 3 1 3 2 1 1 1 2 1 1 3 1 0 0 2 3 2 1 0 4 1 1 0 0 2 1 1 0 0 1 2 1 2 1 1 1 4 2 3 1 2 2 2 0 0 1 1 2 0 0 0 2 1 2 1 1 1 1 0 1 0 0 2 0 2 0 0 3 0 0 2 1 1 1 0 2 0 1 0 1 1 1 0 0 0 0 0 1 1 0 1 0 0 1 0 0 2 1 0 0 0 0 1 0 1 3 1 2 1 0 0 1 2 0 0 1 1 0 0 1 2 2 0 0 1 0 1 0 1 0 2 2 2 1 0 0 0 1 3 0 1 1 1 0 2 2 3 0 3 1 5 4 5 27
AGT_T 50 21 12 9 5 3 5 3 4 0 3 0 2 5 1 3 2 1 1 2 1 2 1 3 0 2 1 1 2 1 1 1 0 2 0 2 3 0 2 3 0 1 0 1 0 2 1 2 1 0 1 3 1 0 2 1 1 0 0 0 3 1 1 0 1 1 0 0 0 0 2 0 0 2 0 1 0 3 1 1 2 0 0 0 1 0 2 2 0 0 0 0 1 0 0 2 0 2 0 2 1 1 1 0 1 0 1 2 0 1 0 0 1 0 0 1 1 0 0 1 0 0 2 1 1 0 1 3 0 0 0 0 0 0 0 2 0 0 0 0 1 0 3 1 1 1 0 1 1 2 1 1 0 0 0 0 1 1 2 0 2 1 0 1 2 0 0 0 0 1 1 1 0 0 0 0 2 0 1 0 0 1 2 1 1 2 1 1 0 0 2 0 0 4 0 2 2 0 1 2 1 3 2 0 3 24
ATA_A 57 22 10 8 5 5 5 5 4 0 1 1 3 1 3 1 2 1 1 1 2 2 2 0 0 4 0 1 1 2 1 1 1 0 2 1 3 0 0 1 0 2 0 1 0 0 1 1 1 1 0 1 0 0 0 0 0 1 1 0 0 1 1 1 0 1 1 0 0 1 0 0 4 0 1 1 1 0 0 0 1 1 1 1 0 0 0 0 1 0 2 0 0 0 0 2 0 0 0 2 0 1 2 1 0 0 0 2 0 1 0 1 0 0 1 1 0 0 0 1 1 0 0 1 1 0 1 1 0 1 0 0 2 0 0 1 1 1 0 0 1 0 0 1 0 1 0 0 2 0 0 2 0 1 1 2 1 1 1 0 0 0 1 2 0 1 0 1 0 0 0 0 2 2 1 0 0 0 1 3 0 1 3 0 1 0 1 0 0 0 0 2 3 1 0 1 0 0 5 0 1 0 2 2 7 28
ATA_C 311 101 79 47 31 37 33 31 20 21 18 19 13 22 18 10 17 16 13 19 5 12 13 10 8 15 7 9 13 4 11 5 8 5 3 8 5 6 11 7 5 7 7 10 5 5 10 5 5 10 4 7 8 7 6 7 4 4 3 3 2 5 3 7 2 4 1 6 7 4 4 3 4 4 3 1 4 10 8 4 5 4 6 5 6 4 6 4 3 3 2 4 5 8 2 3 5 3 3 3 4 4 9 8 4 5 6 5 2 4 3 7 8 5 3 2 4 5 4 5 5 1 6 3 7 2 5 3 2 2 4 6 2 2 3 4 3 3 4 1 3 0 2 2 0 5 5 2 1 1 2 0 2 9 4 4 3 3 2 0 3 0 5 2 1 3 2 4 5 1 7 5 2 1 2 7 4 9 2 1 1 1 2 4 1 2 2 0 3 2 4 7 0 4 5 4 4 5 9 2 3 3 6 7 15 166
ATA_G 31 11 4 8 3 1 2 1 1 0 3 1 5 1 2 3 3 1 1 1 1 1 0 2 2 1 4 2 1 2 2 0 1 0 0 0 1 1 0 1 0 0 0 0 0 0 1 0 0 0 0 0 0 0 4 1 0 0 0 0 2 0 1 0 1 1 1 2 0 0 0 0 0 0 0 2 1 2 0 1 0 0 0 0 0 1 0 1 0 0 0 0 0 0 0 0 1 0 2 1 1 0 0 0 0 2 1 0 1 0 0 0 0 0 0 0 0 0 0 0 0 1 0 0 1 3 2 0 0 0 0 0 1 0 0 0 1 0 1 0 1 2 1 0 3 0 0 0 2 2 0 0 0 1 0 2 1 0 2 0 0 0 1 1 0 0 1 0 0 0 2 0 1 0 1 0 0 0 0 0 1 0 0 0 0 0 0 0 0 1 0 0 0 0 0 2 1 2 2 2 1 0 1 2 3 19
ATC_A 54 29 18 9 5 7 8 5 3 3 5 2 1 3 4 0 4 5 2 2 2 3 1 3 4 1 2 3 3 2 1 0 1 0 0 1 1 0 0 1 2 0 0 0 4 1 3 0 1 1 2 3 1 0 1 2 2 1 2 0 0 1 0 0 0 3 2 0 0 1 1 1 0 0 0 2 0 0 1 3 0 0 1 3 0 1 1 0 1 0 2 2 0 1 0 0 1 0 1 0 0 0 0 1 1 0 0 2 1 1 1 1 2 0 0 1 1 0 0 0 0 0 1 3 1 0 2 0 0 0 1 0 0 1 0 0 2 1 1 0 1 2 1 2 0 0 0 0 0 2 1 0 0 1 1 0 1 0 0 1 2 0 0 0 1 1 0 0 0 0 0 0 0 2 1 2 1 0 0 1 2 1 0 0 0 1 0 1 0 0 0 0 1 0 0 0 1 1 1 0 0 1 0 0 0 20
ATC_C 94 41 46 23 22 15 6 6 6 10 3 9 3 10 5 5 0 4 6 8 2 4 2 4 7 6 3 2 5 1 2 4 8 2 2 5 3 2 8 2 4 2 3 5 4 2 1 1 5 1 2 2 1 2 4 1 1 4 2 3 4 1 1 3 1 5 2 4 1 3 3 1 6 1 2 3 2 0 2 4 2 4 1 4 2 2 3 4 2 1 3 1 1 0 3 3 4 3 1 3 5 2 1 3 1 1 5 2 1 1 2 2 1 0 0 1 0 3 2 2 0 2 2 2 3 2 1 2 3 2 1 1 0 0 1 1 2 1 2 2 0 1 1 0 1 0 3 0 0 0 6 1 2 3 2 0 1 1 1 3 0 3 0 0 0 1 2 3 2 0 2 2 0 1 1 3 0 0 2 5 1 1 4 1 0 1 1 1 2 3 5 2 0 1 0 2 2 3 4 2 2 2 3 3 13 100
ATC_G 27 12 7 1 4 2 4 2 2 4 1 3 1 2 0 0 1 1 0 2 2 0 0 0 1 0 0 2 1 0 1 0 2 0 0 2 1 0 0 2 0 0 0 0 0 0 1 0 0 0 1 1 2 1 3 1 0 1 0 0 1 1 0 2 0 0 0 0 0 2 0 1 1 2 0 2 0 1 1 0 2 0 0 0 2 0 0 0 0 1 2 0 1 1 0 0 0 0 0 1 0 0 0 0 0 1 0 0 1 1 1 0 0 0 1 0 0 0 0 0 0 1 0 1 2 0 0 0 0 0 0 0 0 1 0 0 0 0 0 1 0 0 0 0 1 0 1 0 0 0 1 0 0 0 0 0 0 0 1 0 1 0 0 0 1 0 1 0 0 0 0 1 0 0 0 1 0 0 0 0 0 0 0 0 0 1 0 0 0 0 0 0 1 0 0 1 0 0 0 1 1 0 0 2 3 14
ATG_A 55 25 17 6 7 7 9 3 9 1 4 8 3 5 3 5 1 3 3 3 2 2 1 4 3 3 5 1 0 3 1 1 2 2 3 1 2 1 1 1 5 0 1 1 6 2 0 1 1 3 3 1 1 1 2 0 1 0 2 1 1 1 1 1 0 1 4 1 0 4 1 0 1 1 0 1 1 1 2 0 1 2 0 1 2 1 1 1 0 0 0 1 0 1 1 1 0 0 1 1 2 1 0 1 1 2 3 0 0 2 1 1 1 0 1 0 1 2 1 0 0 0 0 1 0 2 0 1 2 1 3 1 1 0 1 0 1 0 0 1 0 0 0 1 1 0 1 0 0 1 1 2 1 1 1 1 1 3 0 0 0 0 1 0 0 0 0 0 2 1 2 1 1 2 0 0 2 0 1 1 3 1 0 0 2 0 0 1 1 1 0 0 0 3 3 0 0 1 1 0 1 1 1 4 3 20
ATG_C 375 144 97 64 46 45 45 28 18 22 18 11 19 22 20 9 11 15 13 15 10 15 10 9 16 16 10 11 19 17 6 15 13 13 9 5 6 8 10 15 7 11 14 6 5 10 5 9 7 12 6 10 13 7 10 4 10 4 12 6 8 6 10 6 10 7 7 3 8 5 10 11 9 7 4 6 6 7 13 9 11 2 1 3 8 5 6 13 7 11 6 11 8 12 9 5 3 1 7 9 2 6 5 7 7 10 2 4 2 5 5 3 10 5 3 3 2 5 9 8 5 6 11 3 6 5 7 8 8 7 4 4 2 3 4 7 2 8 6 6 4 5 3 1 4 2 9 3 7 7 7 4 8 10 2 4 6 6 4 4 4 5 10 7 6 7 5 6 8 3 4 7 5 5 9 10 8 4 5 8 8 9 8 3 3 6 6 10 14 5 7 3 5 13 7 8 16 16 15 12 17 15 12 34 111 1417
ATG_G 65 28 11 11 11 5 5 7 4 2 4 2 0 4 1 3 4 2 2 2 2 0 0 1 2 1 2 1 2 1 1 3 0 2 2 1 0 1 2 3 0 0 2 2 3 1 3 0 2 3 1 1 2 2 2 1 1 0 3 0 2 0 0 2 1 0 1 2 1 1 3 1 0 0 1 1 0 1 2 0 1 1 2 1 3 1 0 0 1 0 2 0 2 2 0 2 0 0 0 0 2 1 1 4 0 1 1 0 1 1 0 1 0 0 0 0 0 2 0 1 2 1 0 0 1 1 0 0 2 0 1 1 1 0 1 1 0 1 1 0 0 0 1 0 1 0 0 0 1 0 0 0 1 0 0 0 2 0 2 0 0 1 0 1 0 0 1 0 3 1 0 0 0 0 0 0 1 1 0 0 2 1 1 1 0 0 1 1 1 1 0 1 0 1 1 0 2 1 1 1 2 1 0 1 3 35
ATT_A 56 22 13 8 7 9 4 3 5 5 3 3 4 4 1 3 1 3 0 2 3 2 4 0 0 3 2 0 2 3 2 0 1 0 2 1 5 0 3 2 1 0 2 2 2 0 1 2 1 0 3 4 2 0 1 0 3 2 2 1 0 1 0 2 3 2 1 0 1 1 0 1 0 0 1 2 2 1 1 1 0 2 0 2 1 0 1 0 0 1 0 1 0 0 0 2 0 0 1 1 1 2 0 2 1 0 0 1 0 0 0 4 0 0 1 2 1 0 1 0 0 1 0 1 3 0 0 1 0 0 1 0 1 0 1 0 2 0 0 1 0 0 0 1 1 0 0 0 0 1 0 0 1 0 0 0 0 3 0 1 0 0 0 0 3 2 0 1 0 0 0 0 0 2 0 1 4 0 0 0 0 0 1 2 1 0 1 0 1 2 0 1 0 0 0 1 0 0 1 1 1 1 3 1 8 41
ATT_C 293 118 75 47 36 30 28 30 18 22 12 12 9 13 18 10 9 21 9 8 13 13 6 16 6 16 10 14 12 7 5 8 11 4 3 8 9 10 2 8 8 3 10 5 9 10 9 8 8 7 2 5 3 3 6 6 2 4 7 0 4 3 5 5 3 1 6 6 2 6 4 3 6 5 4 4 4 11 4 4 3 0 2 4 3 2 6 3 6 3 4 5 10 8 4 7 4 0 5 4 2 3 4 6 3 3 5 3 1 4 4 4 3 2 2 2 3 2 4 6 2 3 2 2 1 2 3 7 2 1 2 5 4 2 3 1 1 3 1 3 6 1 4 0 2 1 0 2 1 1 2 2 0 4 4 4 2 4 0 1 0 1 5 5 4 5 2 1 6 1 5 0 2 4 4 3 4 2 2 5 3 6 2 7 3 0 1 0 5 3 4 3 4 2 2 1 1 3 6 5 2 3 7 7 16 138
ATT_G 41 20 14 5 4 2 9 2 0 1 5 2 0 3 1 3 1 0 1 2 3 1 0 1 3 2 2 2 3 3 1 3 0 1 1 1 0 0 2 2 2 1 1 1 2 0 0 0 2 0 0 0 2 2 0 1 1 0 0 0 1 0 0 0 1 0 1 3 0 0 0 0 0 0 2 4 1 0 1 2 0 1 1 1 1 0 0 1 0 0 0 1 0 0 1 0 0 0 0 0 0 0 0 0 0 0 1 1 1 0 0 1 0 1 0 0 1 2 0 0 0 0 0 0 0 0 1 0 0 0 1 1 2 2 0 0 0 1 0 0 1 0 0 2 1 1 0 0 0 0 0 1 2 0 1 1 0 0 1 1 0 0 0 0 1 0 1 0 0 1 0 0 0 1 0 1 2 0 0 0 0 0 1 0 2 1 0 0 0 0 0 0 0 1 0 1 0 1 0 0 1 1 0 0 5 25
CAA_C 53 18 21 8 5 11 4 4 3 4 4 3 2 3 6 4 3 4 2 2 6 2 2 0 1 0 4 3 2 3 1 1 4 3 4 0 3 1 2 1 0 1 3 2 1 3 1 3 0 2 1 2 1 3 2 0 0 3 2 1 1 2 4 1 2 1 0 1 1 1 2 1 0 3 2 3 1 2 2 1 0 0 1 1 1 1 0 3 0 2 3 0 0 1 1 2 3 0 2 1 2 1 1 1 0 0 1 0 2 0 3 0 1 0 0 1 1 0 0 1 0 1 0 2 1 0 0 0 0 0 1 2 2 0 2 0 2 0 1 0 1 0 0 1 0 1 0 0 0 0 1 1 0 1 0 1 0 0 0 1 1 0 0 1 0 2 0 1 0 2 0 2 0 0 0 0 1 0 1 0 2 0 3 0 1 0 1 1 3 2 2 0 1 0 1 0 1 1 0 2 2 2 3 0 6 38
CAA_G 139 56 31 29 17 19 11 11 13 10 7 5 10 11 5 7 5 3 3 5 1 5 9 3 10 3 5 8 2 4 6 5 5 3 6 4 3 3 5 9 2 6 1 3 2 4 6 2 6 3 3 2 2 4 1 5 5 1 4 5 2 1 1 5 4 5 3 2 4 1 0 0 4 0 3 3 2 5 1 1 12 6 2 2 3 2 2 0 1 3 1 5 2 1 4 4 3 1 1 0 4 3 2 1 4 1 4 3 1 2 4 1 2 1 1 0 2 2 0 3 3 3 4 1 4 0 2 3 0 4 2 2 3 2 0 1 2 2 1 5 2 1 2 3 3 0 1 0 4 2 0 2 5 2 4 6 4 0 1 0 0 2 2 2 1 2 2 2 3 1 2 5 5 2 3 2 8 5 2 3 6 2 3 3 0 2 3 3 4 4 7 6 2 5 2 4 5 1 5 5 5 9 12 14 48 574
CAA_T 28 5 3 4 4 2 3 3 1 3 1 4 1 1 2 1 1 3 0 1 0 2 2 1 0 1 2 1 1 0 0 1 0 0 3 1 0 1 2 1 2 0 1 1 1 0 0 1 0 0 1 0 0 1 1 0 1 0 0 0 0 1 1 0 0 0 0 1 0 3 2 0 1 1 0 0 0 0 0 0 1 0 1 0 0 0 0 1 1 0 1 1 0 0 0 0 1 0 0 0 1 0 0 1 0 0 0 0 1 0 1 0 1 2 0 0 0 0 0 0 0 0 0 1 0 1 0 0 0 1 0 1 0 0 0 0 0 0 1 0 0 0 0 0 0 1 0 0 1 0 0 0 0 0 1 0 0 0 1 0 0 0 1 2 0 0 0 0 0 0 0 0 0 1 0 0 0 0 0 0 0 0 0 0 0 1 0 0 0 0 0 0 0 0 1 0 0 0 1 1 0 0 0 0 2 7
CAC_C 112 29 20 20 6 8 8 3 1 6 2 5 1 1 5 2 4 6 6 3 1 4 3 1 1 5 4 3 4 0 1 1 2 2 1 2 1 1 3 1 0 1 1 0 1 0 3 1 0 2 3 0 0 2 2 1 2 0 1 1 0 1 0 2 1 2 2 1 3 4 0 0 0 0 0 1 4 2 2 1 1 3 0 0 3 0 1 2 2 4 1 2 1 1 1 0 1 0 3 1 0 3 4 0 1 2 2 2 2 0 0 1 1 1 1 1 1 1 0 0 0 0 2 0 1 1 1 0 1 0 0 1 2 0 1 1 0 0 2 0 1 1 2 0 0 1 0 0 1 0 0 3 1 1 1 0 0 3 1 0 4 0 0 1 0 1 0 2 1 1 2 2 0 1 0 4 1 1 0 0 0 1 1 3 1 1 0 0 1 1 0 1 0 2 0 2 0 1 1 1 3 0 2 1 5 39
CAC_G 177 82 54 39 22 26 20 18 16 14 21 7 9 10 18 11 6 11 14 7 9 5 9 7 9 5 6 10 8 2 7 6 8 6 3 9 4 4 2 3 5 6 10 5 9 7 5 4 2 6 6 4 3 2 2 3 6 4 0 3 1 8 6 6 4 1 5 3 5 3 9 6 5 8 4 5 5 5 6 5 4 11 1 5 2 5 7 5 4 4 1 6 3 5 5 9 7 7 2 5 2 9 4 3 4 6 3 6 5 5 6 3 2 5 2 4 2 1 3 1 4 1 7 8 2 1 3 4 2 4 5 3 4 1 7 2 3 3 2 2 1 1 4 0 8 6 3 1 2 3 4 2 1 4 2 4 5 3 3 3 2 4 2 5 5 2 4 3 1 2 6 5 4 7 7 5 3 7 4 3 2 2 3 3 8 7 5 3 3 3 7 6 5 6 2 8 8 13 7 9 15 20 14 40 90 984
CAC_T 43 21 13 5 6 3 3 4 3 1 0 2 0 3 5 2 2 3 1 1 0 4 0 4 1 0 1 1 1 0 0 1 2 2 1 1 1 2 0 1 1 0 2 3 0 0 3 1 1 3 1 0 2 1 1 2 0 1 0 0 1 0 3 0 2 0 4 1 1 1 0 2 0 1 2 2 1 2 1 0 1 0 0 2 1 0 2 0 1 2 0 1 1 0 1 0 0 2 0 0 0 0 1 0 0 0 1 2 0 0 1 0 1 0 1 0 0 1 0 3 0 0 1 2 0 0 0 0 1 0 0 0 0 0 0 0 0 1 1 1 0 1 0 0 1 0 0 0 0 1 0 0 0 2 0 0 0 0 0 1 0 0 0 1 1 0 0 1 0 1 1 0 0 0 0 1 0 0 0 1 1 0 0 1 1 0 3 0 0 0 0 0 3 1 1 0 1 1 1 0 1 1 0 1 0 20
CAG_C 75 35 22 17 12 9 6 4 5 6 2 6 2 0 1 2 4 3 2 5 4 3 1 2 2 0 3 3 1 4 0 5 2 1 2 1 3 1 2 2 1 3 2 2 1 1 1 2 2 2 2 1 1 0 2 2 2 2 1 1 1 1 1 1 0 1 2 0 3 0 2 1 2 1 0 2 2 1 3 3 1 1 2 1 0 1 1 0 0 0 0 1 1 2 3 1 0 0 0 1 1 0 0 2 0 2 0 1 0 0 2 3 2 1 0 0 0 0 2 1 1 0 2 0 1 0 1 1 1 2 0 1 2 1 0 0 0 0 0 1 0 0 2 0 1 1 2 1 2 0 0 0 0 0 1 1 0 0 1 0 0 1 0 0 3 1 0 0 1 0 0 1 1 1 2 1 2 0 0 3 0 1 1 0 0 1 1 1 0 1 1 0 0 2 1 0 1 2 1 0 2 0 0 1 3 26
CAG_G 277 114 54 39 36 33 35 23 17 18 11 10 11 19 17 11 8 16 10 14 13 11 5 9 11 6 8 11 8 7 7 11 7 8 12 9 8 8 3 13 6 4 4 1 11 6 7 7 9 6 6 8 5 6 8 1 6 2 9 2 4 6 7 7 4 3 6 6 3 6 7 5 3 4 8 16 6 7 12 3 9 6 7 6 8 5 5 8 2 1 7 7 6 9 7 4 1 5 2 10 4 9 11 3 13 5 5 5 3 3 6 5 3 4 5 6 6 7 3 7 6 6 4 6 3 7 5 5 6 11 7 4 2 7 3 3 6 7 2 2 5 3 5 3 2 4 3 4 3 6 5 4 2 9 6 4 3 4 5 3 5 3 5 4 2 4 6 9 5 4 8 4 7 9 2 5 5 3 2 9 2 3 3 11 6 2 7 12 9 8 9 8 12 10 7 8 8 7 13 14 16 13 23 43 116 1309
CAG_T 51 24 12 9 4 6 8 5 2 4 3 1 4 4 2 2 2 3 4 5 0 3 1 3 3 0 2 1 1 1 3 1 2 1 0 0 2 0 0 0 1 1 1 3 1 1 2 2 1 1 0 2 1 6 0 1 2 1 1 0 0 0 1 1 0 0 2 1 0 1 1 1 1 1 0 0 2 0 0 2 1 0 0 1 2 2 1 2 0 2 1 1 0 0 0 0 0 0 0 1 1 1 0 0 0 0 0 0 1 0 2 0 1 0 0 1 2 1 0 0 0 2 1 4 1 0 0 3 0 1 0 0 1 0 1 2 0 0 1 1 0 0 0 0 0 0 0 0 0 0 2 0 1 0 0 1 0 0 0 0 0 0 0 0 0 0 1 1 0 1 0 1 0 0 0 0 1 0 0 1 1 1 0 0 0 1 1 0 0 0 1 0 0 0 0 1 1 1 3 1 0 2 1 1 5 20
CAT_C 84 27 21 8 5 8 5 6 1 4 6 2 2 2 2 3 1 2 2 2 3 0 1 1 3 1 3 0 3 1 0 2 1 0 4 1 0 1 2 1 0 4 1 3 1 1 0 2 0 2 4 3 1 0 3 0 0 2 0 1 2 1 1 1 1 1 2 2 1 4 0 0 0 4 0 0 2 1 3 2 0 2 0 0 1 2 0 2 1 0 1 1 2 4 0 1 0 1 1 0 1 4 0 1 0 1 1 1 0 0 1 0 3 0 1 0 1 2 0 3 0 0 1 1 0 0 1 2 3 0 1 1 0 0 3 1 2 0 0 0 1 0 0 0 0 1 1 0 1 0 0 1 0 0 0 3 0 1 0 2 1 1 1 0 0 1 0 1 0 1 0 0 0 1 1 1 2 3 0 1 0 0 2 1 2 2 0 0 1 0 1 1 3 2 0 1 1 3 0 1 0 1 1 1 3 20
CAT_G 335 145 80 60 32 38 46 25 27 30 22 33 19 18 10 15 26 21 15 19 10 12 17 9 15 15 15 8 20 13 8 16 9 14 12 6 10 7 6 8 7 11 13 6 9 5 13 7 7 7 2 7 10 11 5 6 4 7 8 9 5 4 3 7 5 5 8 10 6 5 5 3 5 7 5 7 5 6 17 9 10 10 7 4 4 7 9 5 7 3 3 7 7 13 9 8 5 4 6 12 5 9 4 11 7 5 6 6 4 9 3 9 8 7 4 1 6 6 7 7 7 4 8 4 6 3 11 5 3 8 5 5 5 7 4 7 10 3 2 8 9 4 2 3 10 3 3 2 7 7 2 5 4 10 4 6 4 4 7 2 2 7 6 5 6 6 4 8 10 4 4 11 9 8 8 13 6 8 5 4 8 3 4 5 7 9 7 12 12 6 4 13 9 6 8 6 15 7 17 10 12 22 29 56 104 1441
CAT_T 57 19 10 17 10 7 7 6 5 6 3 3 3 4 3 2 4 3 4 3 3 1 1 1 8 4 0 3 1 1 2 2 3 2 2 3 1 3 2 2 0 2 1 2 1 2 0 2 0 1 2 1 1 3 4 0 1 0 0 0 2 0 1 1 1 0 1 1 2 0 1 0 0 2 0 2 1 1 1 2 1 5 0 1 1 0 0 3 2 2 1 2 0 3 1 1 1 0 1 0 1 0 1 0 1 0 1 0 1 1 2 1 2 0 0 0 0 2 2 0 0 1 0 0 1 0 0 0 1 3 1 0 0 0 2 0 0 1 1 0 2 0 0 2 0 0 1 3 1 0 1 0 1 0 1 0 0 4 2 1 1 0 0 1 1 1 0 0 1 0 1 2 0 0 0 0 4 1 1 0 0 0 0 0 0 0 0 0 1 1 3 0 1 1 3 0 5 0 0 0 2 1 0 1 7 22
CCA_A 63 28 16 15 5 9 6 7 5 7 5 4 4 2 2 2 4 2 3 3 2 1 1 2 5 2 2 6 4 1 2 1 2 4 2 4 0 2 2 3 2 0 1 2 1 2 2 1 4 1 3 1 1 1 0 1 2 0 2 0 1 1 1 1 0 0 2 1 0 1 1 1 1 0 1 2 2 1 2 2 0 0 1 0 1 1 1 1 0 1 2 2 0 0 0 0 1 0 1 2 1 0 1 0 2 0 0 0 0 1 0 1 1 1 2 0 0 1 0 2 1 0 1 1 0 0 0 2 1 0 0 0 0 0 0 0 1 0 0 0 0 0 0 1 1 2 0 1 1 0 0 0 0 2 0 0 0 0 2 1 1 0 2 1 1 2 0 0 0 1 1 1 1 1 0 2 0 1 1 0 0 0 1 1 1 0 1 1 0 1 0 0 0 1 1 0 0 0 2 0 0 0 2 3 3 39
CCA_G 66 21 17 15 10 6 3 5 3 3 0 5 1 3 5 5 2 3 2 5 0 1 1 1 4 3 3 2 1 1 1 2 0 3 1 1 3 1 0 1 2 2 1 0 0 0 1 3 3 4 2 3 0 2 2 2 2 0 2 1 0 2 5 1 2 1 4 1 2 1 0 0 0 2 4 1 6 2 1 1 0 1 1 0 2 0 1 3 2 1 1 1 3 0 1 0 0 2 2 1 2 1 0 2 1 0 1 0 0 1 2 0 1 0 0 0 1 0 0 1 1 1 2 2 1 1 0 3 0 0 1 0 3 0 1 1 0 0 0 1 0 1 0 0 0 0 1 1 0 2 0 1 0 1 3 0 0 0 0 0 0 1 1 1 0 1 1 2 2 1 2 0 0 1 2 2 0 0 0 2 1 1 3 1 2 0 2 1 0 1 1 1 2 0 0 0 0 2 0 0 2 0 4 2 1 37
CCA_T 295 127 65 43 35 36 28 27 20 19 9 14 16 10 17 17 17 17 16 9 8 11 12 10 11 8 11 7 11 11 12 11 8 6 1 5 6 7 5 3 5 1 6 5 6 6 9 7 6 3 7 4 2 8 2 7 6 3 3 6 3 4 6 9 4 8 9 8 6 3 4 9 8 8 7 7 9 8 7 4 8 5 2 5 3 7 2 6 1 3 1 2 3 3 4 4 2 3 4 2 4 4 11 6 5 2 4 1 3 3 0 2 2 2 2 0 5 1 4 3 1 1 1 7 4 4 4 2 3 5 3 2 1 2 3 2 1 0 3 1 3 2 2 4 0 3 2 2 2 3 2 4 2 2 1 3 0 2 2 1 0 4 1 5 2 3 1 4 2 4 7 1 3 1 1 3 3 5 1 3 1 4 1 4 3 3 3 4 2 3 1 4 3 5 1 3 5 1 2 4 6 5 5 6 13 105
CCC_A 111 38 19 13 6 8 11 9 8 9 2 2 6 5 7 1 6 7 3 5 5 2 2 4 5 0 3 4 5 1 0 6 0 1 3 2 2 2 4 2 2 1 1 3 2 2 3 1 2 3 1 5 5 2 1 4 3 1 3 3 3 0 2 3 0 2 2 1 1 1 3 0 0 0 1 2 1 2 1 2 0 2 1 2 1 0 0 1 1 0 1 0 3 0 1 0 1 2 0 2 3 3 2 1 2 1 2 1 0 0 1 2 3 1 0 2 1 2 2 2 2 4 0 0 1 0 0 1 0 1 1 4 1 3 0 1 2 0 0 1 0 0 0 0 0 2 1 1 1 0 1 1 0 1 3 2 0 0 1 0 1 0 1 0 0 3 0 2 0 1 2 2 3 2 1 3 0 0 0 2 0 0 0 2 0 1 3 0 1 1 0 3 2 0 1 1 1 1 1 1 2 1 2 2 3 29
CCC_G 123 50 26 23 12 10 15 11 11 4 3 4 6 8 6 7 3 4 8 2 6 4 2 3 0 4 2 0 3 4 3 0 1 2 5 2 2 3 0 3 3 2 1 2 1 3 1 0 2 6 5 0 1 2 1 3 2 3 2 2 0 1 1 3 1 3 1 0 3 2 0 3 2 0 0 4 1 3 2 0 2 1 2 1 1 1 4 0 2 1 3 2 2 4 3 2 2 2 3 5 1 0 1 0 2 0 3 0 1 2 0 1 2 3 0 1 0 3 2 2 1 1 0 1 4 1 1 2 3 2 1 2 1 0 1 3 2 0 1 1 1 1 0 2 2 1 1 1 4 1 2 2 1 2 0 4 0 0 1 0 1 0 1 1 0 1 0 1 2 2 0 2 0 2 0 2 1 0 0 0 0 1 0 1 0 2 0 2 0 1 2 0 1 2 2 2 3 0 1 0 3 1 0 2 7 43
CCC_T 332 123 75 47 34 34 22 38 25 17 21 23 21 21 20 12 7 19 13 9 3 8 10 11 11 7 7 11 12 10 8 5 8 8 3 6 7 4 7 6 11 8 9 5 9 7 6 8 7 10 9 5 4 7 5 6 9 3 3 3 2 5 3 6 8 5 5 4 7 7 4 6 4 6 4 8 6 8 10 6 3 6 3 4 4 7 3 4 2 7 4 5 2 11 6 3 8 5 3 4 5 8 6 7 3 9 5 6 2 4 2 1 3 1 2 1 8 5 1 6 2 0 1 7 4 2 2 5 5 2 4 6 0 1 1 6 2 1 6 2 3 1 4 4 2 4 3 4 3 0 3 1 3 5 1 4 5 1 2 3 2 2 1 2 3 1 1 2 7 0 4 4 8 4 4 3 2 3 6 6 2 2 2 2 1 6 1 4 2 2 4 1 5 2 4 2 5 4 5 3 7 1 3 7 7 135
CCG_A 42 14 8 6 5 6 6 4 2 4 3 4 3 2 1 1 3 4 1 1 3 0 1 0 2 1 1 1 1 2 1 0 1 0 1 0 2 1 0 0 0 1 1 2 0 0 1 0 0 1 0 1 1 0 2 2 0 0 0 2 0 0 1 1 1 1 1 0 1 0 1 1 0 1 0 1 2 2 2 1 0 1 1 2 0 1 1 0 0 0 2 1 0 0 0 0 1 1 0 0 3 1 0 0 0 0 0 0 0 1 0 1 2 2 0 0 1 1 0 0 0 0 1 1 1 0 0 2 0 0 1 0 0 0 0 0 0 0 0 1 1 0 0 0 1 1 1 0 0 2 0 1 0 0 1 2 1 1 0 0 0 0 0 0 1 0 0 0 0 0 1 0 0 0 1 1 0 0 1 0 1 1 1 0 1 0 0 0 1 1 0 0 0 2 1 1 0 0 2 0 0 0 0 0 2 20
CCG_G 50 28 6 5 7 3 6 4 2 4 5 3 2 1 3 2 1 1 1 5 1 1 0 2 2 1 2 2 3 2 0 3 6 3 2 0 2 0 1 0 0 0 0 2 0 1 1 0 0 1 2 1 2 1 3 1 0 1 0 0 1 1 2 0 2 1 0 1 0 1 0 1 3 1 1 1 2 2 3 0 0 3 1 0 1 0 3 2 0 0 0 0 0 0 2 2 3 0 0 3 1 0 1 0 3 1 0 2 2 1 0 0 0 1 1 0 0 0 0 0 0 0 0 1 1 0 1 2 2 1 0 0 2 2 1 0 1 1 0 0 0 1 1 0 0 1 2 0 1 1 1 0 1 0 2 0 0 1 1 0 0 0 0 0 0 0 0 0 0 1 1 1 1 0 0 2 0 1 0 1 0 1 1 0 1 0 0 0 0 0 1 1 1 2 1 0 2 2 1 0 0 0 1 2 1 16
CCG_T 1255 352 218 154 110 94 99 84 55 62 39 48 43 56 42 45 54 51 28 39 28 33 24 26 31 27 19 24 23 23 25 25 13 21 32 19 25 22 17 24 9 20 21 11 17 12 21 13 19 14 13 12 19 6 8 17 17 13 12 9 11 16 18 5 7 19 17 18 12 10 13 3 9 9 12 15 14 19 10 10 15 17 9 14 13 12 13 20 11 16 15 18 9 16 9 9 11 14 12 7 13 11 8 10 12 13 10 12 5 12 7 9 14 10 1 4 13 8 10 3 7 9 4 15 12 7 10 9 7 12 9 11 8 6 10 7 0 3 9 5 6 6 2 7 5 4 6 2 9 6 13 6 7 9 17 8 5 7 9 5 3 1 5 5 6 8 11 5 10 9 4 9 10 9 4 6 10 6 7 7 11 9 10 9 10 10 7 9 9 8 16 14 6 6 6 5 8 18 5 13 9 15 19 26 38 350
CCT_A 49 21 16 13 3 4 5 7 5 2 3 2 1 5 1 2 4 3 1 3 2 0 2 2 0 4 3 1 0 2 1 1 1 1 1 1 0 2 2 1 1 0 3 2 0 0 1 1 0 1 2 3 0 4 2 1 2 0 0 1 0 1 0 0 0 2 1 1 2 1 0 2 1 0 2 2 1 1 1 0 2 1 2 0 5 1 0 1 1 2 0 0 0 1 1 1 0 2 0 1 2 0 2 0 1 0 1 1 1 1 0 2 0 1 0 0 1 1 0 0 2 0 0 2 1 0 0 1 1 2 0 1 1 1 0 1 0 0 1 0 1 0 0 0 0 0 1 1 0 0 0 1 1 0 0 1 1 0 0 2 0 1 1 0 0 1 3 2 1 0 0 0 1 2 0 0 0 0 0 0 1 0 1 1 0 2 1 0 0 2 1 1 1 1 1 0 0 0 0 0 1 3 3 2 3 29
CCT_G 109 53 26 17 12 9 15 16 8 11 3 4 2 4 3 5 6 6 4 8 5 2 4 1 2 4 4 5 4 2 1 3 4 4 3 4 2 0 0 3 1 2 1 1 5 2 4 1 4 3 2 1 2 3 1 0 3 3 1 1 3 1 1 2 1 3 2 3 0 4 1 1 1 0 2 1 3 3 0 0 3 2 2 1 1 1 0 2 0 1 2 2 1 0 0 0 1 0 2 2 4 3 0 1 2 1 3 1 1 1 0 0 0 0 1 0 1 2 1 1 1 2 0 1 1 0 2 2 1 2 0 2 0 0 1 2 1 0 2 1 2 0 0 1 0 1 1 1 0 3 0 0 4 3 1 2 0 0 1 0 1 0 2 1 0 3 1 1 1 1 3 2 1 1 0 2 0 1 0 2 0 0 3 0 0 0 0 2 1 1 0 1 1 1 2 1 0 1 0 2 1 1 1 2 3 51
CCT_T 322 124 77 42 43 37 23 23 21 25 11 26 24 20 33 16 18 14 12 14 19 11 8 10 9 14 7 15 11 10 5 12 8 7 8 11 6 13 12 11 6 6 12 7 11 6 7 4 10 7 11 6 9 7 12 6 10 5 2 6 1 12 1 7 3 3 5 3 2 5 4 5 3 4 4 3 3 7 10 5 8 6 2 3 3 5 7 7 5 4 5 7 8 4 5 4 3 3 4 9 3 7 8 5 7 6 7 3 0 3 3 8 2 6 4 2 5 2 7 7 3 4 4 10 4 3 6 7 3 8 2 4 6 7 1 5 2 4 2 2 0 2 5 1 1 1 1 3 3 0 4 2 5 7 3 1 3 2 3 2 7 4 3 3 1 2 2 2 4 1 5 3 3 3 4 2 4 2 0 6 3 4 4 1 1 8 2 4 7 2 5 6 5 4 5 2 1 4 5 5 3 2 9 16 12 126
CGA_A 656 202 115 81 66 53 45 45 29 21 26 23 17 24 27 40 19 18 16 17 11 13 12 12 19 13 16 12 18 8 15 14 10 18 10 12 12 10 6 14 7 15 10 7 9 7 14 5 12 12 13 13 12 12 10 6 7 8 7 9 12 4 12 6 9 10 7 8 7 11 1 8 5 7 7 10 7 10 10 5 9 9 9 6 6 4 14 6 9 4 5 9 2 12 7 5 4 2 9 7 4 9 4 6 3 7 3 7 5 5 5 2 8 3 5 4 3 7 5 4 10 1 4 6 10 5 4 5 8 4 0 5 4 3 3 3 2 5 2 5 3 7 5 2 5 4 4 4 2 4 4 0 3 6 3 5 3 3 7 4 3 1 6 0 4 5 5 1 7 2 7 1 2 3 8 7 3 2 2 7 6 3 5 2 2 9 1 7 2 2 8 12 0 5 3 4 4 11 8 7 5 7 5 6 16 178
CGA_C 27 13 4 2 4 7 3 8 1 1 3 1 0 1 1 3 1 1 1 1 0 1 0 1 0 1 0 0 0 3 1 0 2 0 2 2 0 0 0 3 0 0 1 1 0 1 1 0 2 0 1 0 0 0 0 0 1 1 1 3 4 1 0 0 2 2 1 1 1 2 0 0 1 0 1 1 2 1 0 0 1 1 2 2 0 2 2 0 0 0 0 0 0 1 0 0 1 0 2 1 0 0 0 1 0 1 0 1 3 1 0 0 2 1 0 0 0 0 0 0 1 0 1 3 0 0 0 0 1 0 0 0 0 0 0 0 0 0 0 0 0 0 0 0 1 0 0 0 1 1 0 0 0 0 0 1 0 0 0 0 0 0 1 0 0 0 0 0 0 1 0 0 0 1 0 0 1 0 1 1 1 0 0 0 2 0 0 0 1 1 2 1 0 1 0 0 1 1 0 1 2 0 2 2 2 25
CGA_T 26 6 5 6 3 4 3 2 0 3 2 1 1 0 2 1 1 2 2 0 1 2 2 3 0 0 1 0 1 1 2 1 1 0 2 0 2 0 1 1 1 1 0 0 0 0 0 0 1 1 0 0 0 0 2 1 0 0 0 0 0 1 0 1 1 0 2 2 0 0 1 1 0 0 1 1 0 0 0 3 1 1 0 0 0 0 1 0 0 1 0 0 0 0 1 0 1 0 0 2 0 1 0 1 1 1 0 0 1 0 0 0 2 1 0 0 0 0 0 2 1 1 0 0 0 0 0 0 0 0 0 1 0 1 0 0 1 2 1 2 0 0 0 0 0 0 1 0 0 0 0 0 0 0 0 0 0 1 1 0 1 0 0 0 1 0 0 1 0 0 0 0 1 0 1 0 0 0 0 0 0 0 0 0 0 1 0 0 0 0 0 0 1 1 0 0 1 1 2 0 1 1 0 0 3 12
CGC_A 900 298 184 103 88 69 79 48 60 42 31 51 30 39 44 30 32 19 31 37 31 19 18 23 24 29 15 8 19 16 13 12 16 15 15 13 10 11 16 15 6 20 11 13 10 22 17 9 18 14 8 15 14 19 13 11 16 10 8 10 11 14 11 9 7 12 7 18 10 16 6 7 11 18 8 11 9 12 11 14 9 11 10 6 16 12 6 9 2 7 8 11 10 12 14 8 8 9 10 12 3 7 11 13 10 13 11 7 8 11 8 7 12 10 7 10 10 10 8 8 9 6 8 13 6 6 6 10 11 10 4 9 8 5 3 7 7 6 9 5 2 4 6 4 5 2 6 9 5 5 11 4 8 6 7 10 6 5 9 1 10 4 5 3 7 6 7 4 12 3 6 9 9 6 8 6 4 7 1 7 5 3 5 3 6 8 7 11 3 5 9 12 7 6 1 2 5 8 10 9 7 6 9 14 33 241
CGC_C 21 9 6 3 5 5 3 4 2 1 1 1 2 1 3 2 1 2 1 3 1 1 0 2 1 0 2 1 0 1 1 1 1 0 1 2 0 0 2 1 0 1 4 0 2 2 1 0 0 1 0 0 1 0 0 1 1 2 0 1 1 0 2 2 0 1 2 0 2 1 0 1 1 0 0 0 1 0 1 0 2 1 0 1 0 2 2 0 0 0 0 2 0 1 0 0 1 1 0 2 0 1 1 0 0 0 0 0 0 0 1 0 0 0 0 0 0 0 0 0 0 0 1 0 0 0 0 0 0 1 0 0 0 0 0 1 1 0 0 0 0 0 0 0 1 0 0 1 0 0 0 0 0 0 0 0 0 0 0 0 0 0 0 0 1 0 0 1 1 0 0 1 0 0 0 0 1 0 0 1 1 0 0 0 1 1 0 1 1 1 0 2 0 0 1 0 0 1 1 0 0 0 0 0 0 19
CGC_T 49 17 20 9 10 4 5 5 5 1 2 2 4 4 3 5 3 2 1 1 3 1 0 2 1 3 0 3 1 2 1 1 1 2 1 3 2 1 1 1 0 0 0 2 1 1 2 0 1 0 0 3 1 0 0 0 1 0 0 0 3 0 0 2 0 0 1 0 2 0 0 0 0 1 2 0 2 0 0 2 0 0 3 1 0 2 0 1 0 0 1 1 0 1 2 0 1 1 0 0 0 1 0 1 0 1 0 0 0 2 0 1 0 1 0 0 1 1 1 1 1 0 2 2 0 1 0 1 0 1 0 0 0 0 0 1 1 0 0 0 0 1 1 0 0 1 0 2 3 1 1 0 0 0 1 2 1 1 0 0 2 0 0 0 0 0 1 1 0 0 0 1 0 1 3 0 0 1 1 0 2 0 1 0 1 0 1 0 2 0 1 1 2 0 0 0 0 0 1 0 2 0 2 2 4 20
CGG_A 1273 380 218 170 120 97 106 66 61 58 42 35 50 41 54 47 45 22 39 43 40 27 27 24 29 41 26 29 25 27 16 29 19 23 25 19 17 20 24 14 15 12 16 22 13 22 24 9 15 11 21 13 16 16 17 14 18 4 19 15 10 13 16 10 13 11 11 17 16 19 7 15 17 14 20 13 14 6 12 5 14 16 8 9 11 18 9 8 8 9 8 11 9 8 13 11 9 7 11 16 14 6 6 18 16 7 8 9 8 10 9 14 8 12 8 7 8 6 15 9 15 5 10 11 18 8 8 10 13 9 6 10 11 9 5 4 5 6 10 7 7 5 12 9 4 3 4 5 9 3 6 8 6 9 14 14 6 8 11 6 7 6 8 2 6 9 3 3 11 6 5 16 10 6 7 5 4 7 4 6 6 3 8 8 6 2 8 14 8 7 7 13 6 11 9 7 9 8 16 13 15 23 10 20 32 328
CGG_C 30 16 13 10 7 4 4 7 7 7 3 2 1 2 3 3 3 3 1 1 3 4 1 0 2 1 2 2 6 1 1 3 1 4 0 0 1 0 0 2 0 0 1 1 1 0 0 1 1 0 0 1 0 2 0 2 3 2 1 1 1 2 1 0 1 0 1 1 1 1 0 1 0 0 1 0 1 3 2 0 1 1 0 0 1 1 0 1 2 1 0 0 1 0 0 1 0 0 1 1 0 0 0 0 1 0 1 1 0 2 1 0 0 1 1 0 0 1 1 1 0 0 1 0 0 0 0 2 0 1 1 0 0 1 1 0 0 2 1 0 0 0 2 1 2 2 0 0 0 0 2 0 0 0 0 3 0 0 1 1 1 0 0 0 0 0 0 0 3 0 0 0 0 2 0 0 1 0 0 0 1 1 0 0 1 0 0 1 0 0 0 3 1 2 1 1 0 2 0 1 1 1 0 4 1 23
CGG_T 41 9 8 4 8 5 2 2 0 4 2 2 2 3 2 5 1 3 1 2 4 1 1 1 2 0 1 0 0 0 2 1 1 1 0 2 0 1 5 0 0 1 1 1 1 0 1 1 1 0 2 2 0 3 0 1 1 2 0 1 0 0 0 0 1 1 1 0 0 1 1 0 0 0 0 0 0 0 0 0 0 1 0 0 0 0 0 0 1 0 1 0 1 0 1 0 0 0 1 0 2 3 0 0 1 1 1 1 0 1 0 0 2 1 0 0 0 0 2 0 0 1 0 1 1 0 0 0 0 2 0 1 0 0 0 0 0 0 0 2 1 0 1 0 0 1 1 0 0 0 0 0 0 1 0 0 1 0 0 0 0 0 0 0 0 0 0 0 1 0 1 0 0 2 0 0 2 0 0 3 0 0 0 1 0 0 0 0 0 1 0 0 1 0 0 0 2 0 1 1 1 0 3 0 1 23
CGT_A 1028 304 178 107 103 70 71 62 66 49 28 42 38 53 43 29 28 30 30 27 23 23 31 20 29 18 19 24 14 24 15 30 23 17 20 17 12 11 10 16 13 18 19 14 17 21 19 12 16 17 13 15 6 14 13 7 19 7 8 13 10 7 19 7 8 14 13 19 10 6 8 11 9 8 11 17 18 16 10 11 17 20 9 12 8 14 8 9 5 10 12 11 7 8 4 9 7 5 11 16 2 9 12 14 11 7 3 6 9 7 7 9 9 5 10 13 7 8 5 8 6 8 7 15 13 7 5 7 12 11 7 7 3 5 6 6 7 7 5 6 7 4 7 9 4 6 5 6 3 11 7 3 5 6 7 7 8 5 8 5 8 3 5 6 5 2 5 7 11 5 7 7 5 6 1 3 5 5 7 6 7 2 4 5 11 9 9 6 8 5 8 9 3 7 7 3 9 15 9 8 18 8 19 17 45 346
CGT_C 29 13 11 5 5 4 1 3 4 2 4 0 1 0 2 2 2 0 3 1 1 0 1 0 0 2 0 4 1 2 1 0 1 0 0 0 3 1 2 2 0 0 1 2 0 1 0 0 0 0 1 0 0 1 1 1 2 0 1 1 0 0 0 1 0 0 1 0 0 0 1 2 0 1 1 0 0 0 1 1 1 0 1 0 0 0 0 0 0 0 1 0 1 1 0 0 0 0 0 0 0 1 1 1 1 0 1 0 0 0 1 1 0 1 0 1 0 0 1 0 0 1 0 0 1 0 1 0 0 1 0 0 0 0 0 0 2 0 2 0 1 0 0 0 1 1 0 0 0 0 0 0 0 0 0 1 0 0 2 1 0 0 0 1 0 0 0 1 0 1 1 1 0 0 0 1 0 0 0 0 0 0 0 0 0 0 0 1 0 2 0 0 0 0 1 0 1 2 1 3 0 0 0 1 1 34
CGT_T 31 14 7 5 2 0 2 3 4 1 3 1 2 0 3 2 2 2 2 2 1 2 2 1 2 2 0 2 0 1 0 0 1 0 0 0 0 1 0 0 1 0 3 1 0 2 2 3 0 1 0 0 0 3 1 0 1 1 2 0 0 0 2 0 1 1 1 0 2 0 0 0 0 1 1 0 1 2 1 0 0 2 1 0 0 1 1 0 1 0 0 1 0 1 1 1 1 1 1 0 1 2 0 4 1 0 1 0 1 0 1 1 0 0 0 0 0 0 0 0 0 0 1 0 0 0 1 0 1 1 0 0 1 0 0 0 0 1 0 1 0 1 0 1 0 1 0 0 0 0 0 1 1 0 1 0 0 1 2 1 0 0 1 0 0 0 1 0 0 0 0 0 1 0 0 0 0 1 0 0 0 0 2 1 0 0 0 0 0 0 0 0 0 0 2 1 0 0 0 0 0 0 0 1 1 18
CTA_A 18 3 2 5 3 2 3 1 2 0 1 1 0 2 0 2 0 0 0 0 0 0 0 0 1 2 0 0 1 0 0 0 0 0 0 1 0 0 0 0 0 0 1 0 0 0 0 0 0 0 2 0 1 0 1 0 0 0 1 0 1 0 0 0 0 1 0 1 1 0 1 0 0 0 0 1 0 2 0 0 1 0 0 0 0 0 1 0 0 0 0 0 0 0 0 0 1 0 0 0 0 0 0 0 0 0 0 0 0 0 0 0 0 0 2 0 0 0 0 2 0 0 0 0 0 1 0 0 0 0 0 0 0 0 0 2 0 0 0 0 0 0 1 1 0 0 0 1 2 0 0 0 0 0 0 0 0 1 0 1 0 0 0 0 0 0 0 0 0 0 0 0 1 0 0 0 0 0 0 0 0 0 0 1 0 0 1 1 0 0 0 0 1 1 0 0 0 0 1 0 0 1 0 0 0 12
CTA_C 102 42 27 17 14 12 9 6 11 9 3 8 10 8 5 5 3 2 8 5 5 4 2 3 5 2 3 3 4 4 4 1 2 0 2 1 4 6 5 2 7 1 2 2 3 1 2 3 3 0 1 3 3 3 2 2 2 4 1 2 1 1 3 1 2 3 2 2 1 2 2 0 0 2 1 4 3 2 2 2 2 2 1 1 3 2 2 4 4 2 2 2 2 2 2 3 4 0 2 3 1 4 1 3 2 1 3 0 3 1 0 3 1 2 1 2 3 1 1 3 0 1 1 2 5 0 1 3 1 2 2 1 1 4 1 0 0 1 0 1 0 0 0 1 0 2 1 0 2 1 0 0 1 1 4 1 3 1 0 1 1 1 2 0 2 0 1 0 1 0 0 0 1 2 1 4 0 3 2 1 4 1 1 2 2 0 0 1 1 0 3 1 1 1 1 0 0 5 1 3 2 4 5 2 9 86
CTA_G 19 16 2 2 1 3 2 0 4 0 1 0 1 2 2 0 0 0 1 1 1 0 0 0 2 1 3 1 1 1 1 0 1 0 0 2 1 1 1 0 0 1 0 0 0 0 1 0 0 1 0 0 0 0 1 0 2 0 0 0 1 1 0 0 0 0 1 0 1 0 0 1 0 0 0 1 0 2 0 0 2 0 0 0 0 1 0 1 0 0 1 1 0 0 0 1 0 0 0 0 0 0 2 2 0 1 2 0 0 0 0 0 0 0 3 0 1 0 0 0 1 1 1 0 0 0 1 0 0 0 0 1 0 0 0 1 1 1 2 1 0 0 0 0 0 0 0 1 1 2 2 0 0 0 0 0 1 0 0 0 0 0 0 0 0 0 0 0 0 1 0 0 0 0 0 0 0 0 0 0 0 1 1 0 0 0 0 0 0 0 0 1 0 0 0 0 0 0 0 0 1 0 0 1 2 16
CTC_A 27 13 6 8 5 6 5 0 0 3 1 1 1 2 3 0 1 2 1 2 1 0 5 2 0 0 2 0 1 1 1 1 1 5 0 1 3 0 1 0 0 1 1 0 0 1 1 1 0 1 2 1 0 0 2 0 1 0 1 2 1 2 0 1 0 0 0 1 0 0 1 2 1 1 2 3 0 0 1 0 3 2 0 0 0 1 0 1 2 0 0 0 1 1 0 0 0 0 0 0 0 0 0 0 0 0 0 0 1 0 0 0 0 1 0 1 0 0 0 1 0 1 0 0 1 1 0 2 0 0 0 1 0 1 0 0 1 2 1 0 0 0 0 2 1 1 0 2 1 0 0 0 0 1 0 0 1 0 0 0 0 0 0 1 1 0 0 0 1 0 0 0 0 1 0 0 0 0 0 0 2 5 1 1 1 3 0 1 0 1 3 0 0 0 0 0 1 0 1 0 0 0 0 1 3 14
CTC_C 152 49 26 16 20 16 17 13 9 9 5 7 7 3 4 1 4 7 6 8 1 4 3 2 3 5 3 4 1 2 4 3 5 3 1 1 2 3 2 6 2 0 0 3 0 0 2 4 2 3 4 1 2 1 5 2 1 1 3 2 2 2 1 0 1 0 4 4 1 2 3 2 1 2 2 1 1 2 4 1 3 2 2 3 2 3 3 0 2 2 3 2 3 3 3 3 3 1 2 3 2 6 1 3 6 1 0 2 2 1 3 0 0 0 3 0 3 2 1 2 2 1 1 1 0 1 0 5 0 0 1 2 1 2 1 0 5 3 2 3 1 2 0 1 0 1 2 1 1 3 2 0 3 4 1 1 3 5 1 1 0 0 3 2 0 3 1 0 2 0 2 1 1 3 1 2 2 1 1 1 2 1 1 2 2 1 0 2 3 0 3 1 3 2 1 2 3 3 3 4 2 4 4 6 11 95
CTC_G 48 23 9 10 7 0 7 3 3 2 4 8 1 8 5 1 1 0 1 2 1 2 4 0 4 1 5 0 3 0 0 3 1 1 2 0 0 3 0 1 1 4 2 0 1 2 1 2 2 1 1 1 1 2 1 0 1 0 1 0 1 1 0 1 0 1 0 0 0 1 0 0 1 2 1 0 1 0 2 0 4 1 0 1 1 0 2 2 0 1 1 0 1 1 2 0 1 0 1 1 0 0 2 1 0 1 0 0 1 0 0 0 1 1 0 0 1 0 1 1 0 0 0 0 1 1 0 1 1 1 0 0 0 0 1 0 0 1 0 1 0 1 1 0 1 0 1 1 0 1 1 2 0 1 0 1 0 0 0 0 0 1 0 0 1 2 0 0 1 0 1 3 0 1 0 0 0 1 0 1 0 0 1 0 1 0 1 1 1 2 0 0 1 0 1 1 1 0 0 0 0 0 2 2 3 27
CTG_A 52 16 17 9 4 7 4 6 4 1 2 0 3 2 4 2 2 2 1 2 2 2 2 7 2 1 1 1 2 0 2 1 3 2 1 0 1 0 0 0 3 1 0 0 0 0 0 0 1 2 1 3 2 1 0 1 2 1 0 0 2 0 1 0 0 1 0 2 0 0 1 1 2 1 1 1 0 0 1 0 1 1 0 1 1 1 0 0 1 1 0 0 1 1 1 4 0 0 1 1 2 0 1 0 1 2 1 0 0 1 0 0 0 2 1 1 0 0 1 0 1 0 1 0 0 0 0 0 2 0 0 2 0 0 1 0 0 0 1 0 0 1 1 3 0 1 0 0 1 0 2 0 0 0 0 1 0 1 0 1 1 0 1 1 0 0 1 1 0 0 1 0 0 1 0 0 0 1 0 0 0 0 0 0 0 1 0 0 0 0 1 4 1 2 1 0 1 0 0 0 2 0 1 1 1 27
CTG_C 274 115 78 45 35 32 26 28 18 18 14 15 13 12 13 18 15 10 10 10 11 8 19 9 8 13 11 8 7 12 9 4 10 6 6 9 12 6 9 8 10 7 6 3 4 9 9 2 6 7 6 3 7 6 9 6 8 3 3 10 7 10 9 6 8 6 5 8 9 7 3 11 9 3 7 9 5 7 8 4 13 4 4 7 5 4 7 6 6 6 7 7 5 11 4 5 2 7 5 8 4 6 3 7 5 5 6 4 5 6 8 1 3 5 6 7 6 4 7 6 2 2 4 8 7 9 2 6 4 7 3 4 6 3 6 5 5 4 8 7 3 3 6 5 4 8 8 6 5 5 4 4 7 7 8 4 6 1 7 3 4 1 4 6 5 4 4 8 2 4 6 8 6 4 5 4 6 10 4 7 6 4 4 3 6 7 6 6 3 4 6 9 11 7 6 8 11 10 11 14 17 18 17 20 113 1310
CTG_G 71 35 18 17 6 15 4 6 6 7 4 4 4 9 6 0 4 1 3 4 2 2 3 0 3 8 1 5 1 4 0 3 2 0 1 4 1 1 0 4 0 0 2 1 3 0 0 1 0 4 1 1 0 1 2 2 0 0 1 2 1 0 4 0 3 2 3 1 0 2 1 0 0 0 2 0 2 1 2 0 2 1 1 3 0 1 2 0 0 1 1 2 5 3 0 1 2 0 1 2 0 0 1 1 0 0 0 2 1 1 1 0 1 2 2 1 1 1 2 2 1 1 1 0 0 0 2 0 1 0 0 1 1 0 2 2 0 0 0 0 0 1 1 0 0 1 2 1 1 0 1 1 1 0 1 1 0 0 0 1 0 1 2 0 0 1 2 1 0 0 0 1 0 1 1 1 1 1 0 0 2 0 0 2 1 0 1 0 0 0 0 0 1 0 0 0 0 2 1 0 3 1 2 1 5 29
CTT_A 26 5 7 7 6 3 4 2 1 2 0 2 4 0 1 2 1 0 2 2 0 1 1 0 2 1 3 0 0 1 0 3 0 1 0 0 0 1 3 0 1 1 0 1 0 1 0 1 2 2 1 0 1 1 0 0 0 0 1 1 1 1 1 0 1 0 0 2 0 1 0 0 1 0 1 0 3 0 0 0 3 1 0 1 0 1 0 1 1 1 0 1 0 0 0 0 1 0 0 2 0 1 0 0 1 0 0 0 0 0 0 0 0 0 0 0 1 0 0 0 0 0 0 0 0 1 0 0 0 0 1 0 0 1 1 0 0 0 1 0 2 0 0 0 0 0 0 0 0 1 2 0 1 1 2 0 2 0 0 1 1 1 2 0 0 0 0 1 0 0 1 0 0 1 0 0 1 0 0 1 0 0 0 0 0 0 1 0 0 1 0 0 0 0 0 0 1 1 0 1 0 0 1 1 1 12
CTT_C 117 62 30 28 15 11 14 19 8 12 4 4 8 11 8 8 9 5 5 4 5 6 2 4 7 1 2 4 7 4 4 3 5 4 9 3 6 2 1 4 4 5 6 2 2 4 3 5 3 2 0 1 2 4 4 2 6 3 2 1 2 1 4 3 2 7 3 5 2 4 6 1 2 2 1 3 5 1 2 3 6 3 3 2 3 2 1 1 2 0 2 2 1 5 3 2 3 4 0 4 3 5 2 3 4 1 1 1 3 3 5 4 4 3 3 2 0 3 2 0 2 1 0 0 3 3 2 1 5 3 1 2 2 0 1 1 0 1 2 1 2 1 2 1 0 3 2 1 1 4 1 2 3 0 2 2 2 0 0 2 0 0 0 3 0 1 0 3 2 0 1 3 4 1 3 3 1 1 1 0 1 0 2 2 0 1 3 0 0 2 4 5 1 2 0 2 3 4 1 0 3 2 4 1 8 102
CTT_G 38 18 16 6 3 2 6 6 4 3 3 2 5 6 2 3 3 2 6 2 2 0 1 0 2 3 2 1 4 0 0 2 1 3 0 0 0 3 0 1 0 2 2 0 2 0 3 1 2 1 0 0 1 2 3 0 1 0 0 0 0 0 2 0 0 1 0 4 1 2 1 0 0 0 0 3 1 2 0 0 1 2 0 1 1 0 1 0 0 0 0 2 0 0 1 1 1 0 0 2 0 1 0 0 1 2 2 3 1 0 0 1 0 2 1 1 1 1 0 1 0 0 1 0 0 0 0 0 2 0 0 1 1 1 1 1 0 0 0 1 0 0 0 2 1 1 0 0 0 1 2 1 0 1 0 0 0 0 0 0 0 1 1 0 0 1 1 0 1 0 1 0 0 0 1 0 0 0 1 0 0 0 1 1 0 1 1 1 1 1 0 0 0 1 2 1 0 5 2 2 0 0 1 2 2 14
GAA_C 30 12 12 6 7 6 5 3 1 2 1 1 1 2 1 4 5 0 2 1 2 2 2 1 0 1 0 0 2 1 1 2 3 1 1 0 2 0 3 5 0 0 5 3 1 2 2 3 1 1 1 1 2 0 0 1 3 2 1 0 2 0 1 1 0 0 0 0 2 0 2 1 0 1 0 2 1 0 1 2 1 3 0 1 0 2 0 0 0 0 0 0 1 0 1 2 0 0 1 1 0 0 0 2 0 0 2 1 1 1 0 0 0 1 0 0 0 1 1 2 1 1 1 1 1 0 2 0 0 0 2 0 0 0 2 0 0 0 0 1 1 0 2 0 0 1 0 0 0 0 0 0 0 1 0 1 0 1 0 1 0 0 0 3 0 1 0 1 1 1 0 0 0 1 0 0 0 0 1 3 0 0 1 0 1 1 0 0 0 0 2 0 1 1 0 0 0 2 2 0 0 0 2 0 3 28
GAA_G 104 31 14 14 14 10 10 12 4 5 2 6 3 7 7 4 7 6 3 7 4 2 3 2 4 4 2 4 3 2 3 8 6 2 5 1 3 1 3 2 3 2 2 3 2 3 3 1 0 1 0 3 3 4 2 0 1 0 3 0 2 0 2 4 1 2 1 0 3 3 1 2 1 2 2 1 3 1 3 2 5 2 1 5 3 2 1 1 2 1 4 2 2 2 0 0 3 2 2 3 2 1 3 3 1 3 0 0 0 5 3 0 1 2 0 1 0 2 0 1 0 1 2 1 2 0 1 2 0 4 2 2 2 3 1 1 0 2 0 2 0 1 1 2 4 2 2 3 0 1 2 2 1 4 0 3 0 0 1 1 2 3 2 0 0 0 1 2 0 1 0 3 3 2 2 0 1 3 3 2 3 0 0 2 2 3 1 3 2 2 0 3 1 2 1 0 2 3 1 2 1 1 1 1 5 69
GAA_T 23 7 8 3 1 7 2 7 4 3 0 2 2 2 0 1 1 2 1 1 1 0 2 0 4 1 1 0 1 0 1 1 1 1 0 0 0 1 1 0 0 0 0 2 1 1 0 0 2 1 0 0 0 0 1 0 0 1 0 1 0 0 0 1 0 0 0 0 2 0 0 0 0 1 0 1 0 1 0 2 1 0 0 0 0 1 0 0 2 0 0 0 0 0 1 0 0 0 0 0 0 1 0 0 0 0 0 2 0 0 1 1 0 0 1 0 0 0 0 0 1 1 0 0 0 0 0 0 0 0 0 1 0 0 0 0 0 0 1 2 0 0 0 0 0 0 0 0 0 0 0 0 0 0 0 1 1 1 1 0 0 0 1 0 1 1 0 0 0 0 1 0 0 0 0 0 0 0 3 0 1 2 0 0 0 0 1 0 0 0 1 0 0 1 2 0 0 0 0 0 0 0 0 1 0 10
GAC_C 21 12 3 8 1 2 1 5 2 0 1 1 2 1 1 0 3 0 0 0 0 0 0 1 2 0 0 1 1 1 3 0 1 0 0 0 0 2 0 0 1 2 1 0 0 1 2 0 1 0 0 0 0 0 0 0 0 0 0 0 1 0 0 1 0 0 0 1 0 0 0 0 0 0 1 1 0 1 0 0 0 1 0 1 0 0 2 0 1 0 0 1 0 0 0 1 1 2 0 0 1 0 1 0 0 0 0 1 0 0 0 0 0 0 0 0 1 0 0 1 0 0 0 1 0 0 0 0 0 0 0 1 0 0 0 0 1 0 0 0 0 0 0 0 0 0 0 0 0 0 0 1 0 1 1 1 0 0 0 0 0 0 1 0 0 0 0 1 0 0 0 0 1 0 0 0 1 0 0 1 0 1 0 0 0 0 0 1 1 0 0 0 0 1 0 0 1 1 0 0 0 0 0 0 3 15
GAC_G 87 26 25 11 7 11 7 12 9 7 9 7 3 6 5 4 3 4 7 1 3 4 3 3 4 2 2 0 2 5 3 3 4 2 4 2 4 2 0 3 2 3 3 1 6 3 0 0 3 1 4 3 4 3 0 1 1 2 0 3 0 4 2 0 0 4 2 1 4 2 0 2 1 2 3 3 3 1 0 1 2 0 2 1 0 1 1 2 1 1 4 2 1 1 2 1 2 0 0 1 5 0 2 2 2 1 2 1 0 0 1 2 0 1 1 1 0 2 0 1 0 0 2 1 1 2 2 0 4 1 0 1 0 2 2 3 3 0 3 2 1 0 0 0 1 2 0 0 0 2 0 1 0 1 1 1 1 5 1 1 1 0 0 2 2 1 2 0 2 1 3 0 0 3 2 0 2 2 2 3 3 2 1 0 0 0 1 0 1 1 2 3 0 2 1 1 3 1 1 4 2 0 3 6 10 74
GAC_T 36 14 7 1 7 3 3 3 0 7 0 1 0 1 2 4 0 1 0 1 1 0 2 1 4 1 1 0 3 0 0 1 2 0 1 0 1 0 0 0 1 0 1 1 1 1 0 0 0 1 0 2 0 1 2 0 0 0 1 1 0 2 1 0 0 1 0 1 0 0 1 1 0 1 2 0 1 0 1 0 0 0 0 1 1 2 1 0 1 0 1 0 1 0 0 0 0 0 0 2 0 0 1 1 3 0 0 0 0 0 0 0 0 0 1 0 0 0 0 0 0 0 0 0 1 0 0 1 1 1 0 0 0 0 0 1 0 0 0 0 0 0 0 0 0 0 1 0 1 0 1 1 1 0 0 0 0 1 0 0 1 0 0 0 1 0 0 0 0 1 1 0 1 0 0 0 0 2 0 0 0 0 0 0 0 0 0 0 0 0 0 0 0 0 1 1 0 0 1 1 0 1 0 2 2 8
GAG_C 40 19 15 13 8 4 5 3 4 1 4 2 3 4 1 4 2 4 3 2 1 1 0 2 0 2 2 4 3 4 5 1 1 2 2 1 3 0 0 0 0 0 0 0 1 1 0 1 0 2 4 0 2 0 1 1 3 0 2 0 3 2 0 1 2 1 0 1 1 0 1 1 0 0 0 0 1 0 0 0 2 0 1 2 2 1 0 2 0 0 1 3 0 0 1 1 1 0 0 0 0 0 1 2 1 0 1 0 0 0 0 0 0 0 1 1 0 1 2 0 1 1 1 2 0 1 1 1 0 1 1 0 0 0 0 0 0 0 1 1 2 0 1 1 0 1 0 0 0 0 1 0 0 1 0 0 2 0 2 0 0 0 0 0 1 1 0 1 1 2 0 1 0 0 0 0 0 4 0 0 1 0 1 1 0 1 1 1 0 1 0 0 0 0 0 0 1 0 0 1 3 1 2 2 3 26
GAG_G 135 55 23 17 14 7 17 7 8 6 8 1 6 5 4 2 5 4 6 8 3 3 5 7 5 4 3 2 6 4 4 2 3 3 3 1 5 2 4 4 3 5 2 0 2 6 5 2 1 1 1 5 2 4 4 4 0 1 3 1 3 6 1 5 2 0 2 1 4 3 1 3 3 5 3 1 3 3 3 1 5 0 2 2 1 2 5 3 4 0 1 2 2 2 0 2 4 1 3 1 4 4 1 6 1 3 4 1 0 2 3 0 1 3 3 3 1 2 1 1 4 2 3 3 3 2 3 1 8 5 3 2 2 1 0 1 1 1 0 3 0 0 0 3 2 4 0 1 3 2 1 1 1 1 3 2 0 1 5 0 1 0 0 1 2 3 2 3 3 0 1 2 1 2 0 0 4 1 1 1 1 0 4 0 3 4 1 1 2 1 4 2 2 1 1 1 2 3 3 3 1 1 3 3 12 105
GAG_T 39 12 13 7 6 9 1 6 2 1 3 6 0 2 1 1 3 3 2 1 0 2 3 3 0 0 2 1 0 1 1 2 0 1 3 0 2 0 1 0 2 0 0 1 1 1 0 0 0 0 0 3 0 2 1 0 1 3 0 0 1 1 1 1 1 0 0 0 0 0 1 0 0 0 1 2 1 1 0 0 0 0 0 0 0 1 3 0 1 0 0 0 0 0 0 0 0 0 4 0 0 0 1 0 0 1 0 1 1 1 0 1 1 2 1 0 1 1 2 0 1 0 0 0 1 1 1 0 1 0 0 0 0 0 0 0 0 0 1 0 0 0 0 1 0 0 1 0 0 0 0 0 0 1 0 0 0 0 1 0 1 0 0 0 1 0 0 1 2 0 0 1 0 1 1 0 3 0 0 0 0 0 0 0 0 0 1 2 0 0 0 0 0 0 1 2 1 0 0 0 2 0 0 2 1 16
GAT_C 22 10 4 3 0 5 5 1 1 1 0 0 1 1 0 4 1 0 1 1 0 0 1 0 0 0 0 0 1 1 0 0 2 1 0 0 1 2 0 1 0 1 0 0 0 0 1 0 0 1 3 0 0 1 0 0 0 0 1 0 0 0 0 2 0 0 0 0 0 1 0 0 0 1 0 0 0 0 1 0 0 0 1 0 0 1 0 0 0 0 0 1 2 1 0 1 0 0 1 0 0 0 3 1 0 1 0 0 0 0 0 0 0 0 0 0 1 0 1 0 0 0 0 1 0 0 0 0 1 1 1 1 0 0 2 1 1 1 0 0 0 0 0 0 0 0 0 0 0 0 2 0 0 0 0 1 0 0 1 0 0 0 0 1 0 0 1 0 0 1 0 0 1 0 0 0 0 0 0 0 0 0 0 1 0 0 0 1 0 0 0 0 0 0 0 0 1 0 1 1 0 0 0 1 3 6
GAT_G 110 47 22 16 12 10 9 18 4 5 1 6 8 6 8 7 7 5 6 4 3 5 6 7 5 2 4 6 2 4 4 4 2 4 4 2 3 4 0 3 2 5 6 2 1 3 3 0 5 3 5 2 4 0 3 1 0 2 2 1 2 3 4 2 4 2 3 1 0 0 1 1 3 3 1 1 2 4 1 2 2 1 1 1 3 2 2 4 2 0 2 2 3 4 1 2 0 2 2 3 2 3 1 3 1 3 4 1 0 1 1 1 5 2 1 0 0 3 2 0 2 1 1 1 0 2 0 1 2 0 1 3 0 1 4 0 1 1 2 0 1 1 0 1 1 1 1 0 1 0 1 0 2 4 2 3 1 1 3 0 0 1 0 1 0 3 2 0 1 3 3 1 0 1 0 3 5 2 3 3 1 0 0 0 1 1 2 2 1 0 2 4 2 1 0 1 2 3 2 1 5 2 1 1 10 88
GAT_T 58 33 12 10 6 9 5 5 7 5 0 4 3 2 4 3 2 0 1 2 3 2 2 0 2 2 1 2 1 1 1 1 0 2 1 0 1 0 0 1 0 1 2 2 1 0 0 1 0 3 1 0 1 0 1 2 1 1 1 0 2 0 0 1 1 0 1 0 0 2 0 1 1 1 1 0 0 3 3 0 0 1 0 2 0 0 0 0 0 0 0 0 0 0 0 1 2 0 1 0 1 0 2 0 0 0 1 1 2 0 0 0 2 0 0 0 2 0 1 0 0 0 1 1 3 0 1 1 3 1 2 0 2 0 0 0 0 0 0 0 0 0 1 0 1 0 0 1 0 0 0 0 2 0 0 2 0 1 2 0 0 0 0 0 0 1 0 3 0 0 0 2 1 0 0 1 1 0 0 1 0 0 1 1 0 1 2 1 1 0 0 0 1 2 0 0 0 0 0 0 0 1 0 1 6 23
GCA_A 84 37 20 7 11 2 8 9 8 4 4 4 1 2 6 1 3 2 4 1 3 2 3 1 6 2 2 3 3 2 1 4 2 4 2 2 2 1 2 2 0 1 4 2 2 3 1 0 1 0 0 3 1 1 1 1 1 1 0 2 1 1 0 2 1 2 2 1 3 1 2 3 2 0 0 2 2 2 2 2 2 2 0 1 0 4 1 1 0 2 3 0 1 4 3 2 2 0 2 0 0 2 1 1 1 0 0 2 0 0 0 1 2 1 0 0 0 1 1 1 1 0 0 2 1 0 1 1 0 1 1 1 1 1 1 0 0 0 0 0 0 1 1 0 0 0 1 0 1 0 1 0 1 0 2 0 3 2 2 1 0 0 0 0 0 0 0 2 1 1 0 1 0 0 1 1 1 0 1 0 1 0 0 1 0 0 1 0 2 1 0 2 0 1 0 1 3 1 3 1 0 1 4 1 5 34
GCA_G 57 20 10 7 10 5 4 3 6 1 2 3 4 0 4 3 1 0 2 2 2 1 2 1 1 3 3 1 2 1 1 0 1 3 0 1 3 3 0 2 3 1 0 2 1 4 1 1 0 0 1 1 0 2 0 2 0 1 0 1 2 0 0 1 0 0 2 3 0 0 0 0 3 0 0 0 0 2 1 3 2 1 0 0 1 0 0 2 1 0 0 2 1 0 2 1 0 0 0 1 1 2 1 0 0 1 0 0 0 1 0 1 1 0 0 1 0 0 0 0 0 1 0 0 0 1 0 1 1 0 2 1 1 0 2 1 1 0 1 0 0 1 0 0 0 0 0 1 0 1 0 2 0 0 0 0 0 0 1 0 0 0 2 0 0 1 0 0 0 0 0 1 2 0 0 1 1 2 0 0 0 0 0 0 0 1 0 0 0 2 0 2 0 1 0 0 0 0 0 1 1 0 2 0 5 17
GCA_T 211 87 57 42 21 26 16 19 18 13 12 9 16 11 10 7 15 13 9 10 7 6 4 10 7 8 6 3 9 5 6 7 6 7 6 3 10 8 5 7 5 1 5 4 5 3 2 2 5 2 4 2 2 4 3 5 1 3 2 2 3 2 2 7 6 4 4 1 4 3 3 3 1 6 6 4 4 2 6 2 7 2 2 3 1 5 5 3 3 6 5 6 0 5 5 2 5 3 2 6 1 2 3 1 7 3 2 3 1 4 1 2 4 3 2 1 1 1 3 2 2 2 0 5 3 1 0 4 1 3 2 0 2 3 1 2 1 0 0 2 0 2 1 3 0 1 2 2 4 1 3 1 0 4 2 2 2 3 5 0 0 0 1 3 1 1 0 1 2 1 2 2 3 1 3 1 3 3 0 1 1 1 2 1 1 1 2 2 2 4 5 3 3 3 2 1 1 1 4 4 0 2 3 5 13 80
GCC_A 98 46 22 16 15 12 11 8 14 6 3 5 6 3 4 1 5 7 8 11 1 4 3 4 5 3 4 1 5 1 1 1 2 0 2 1 2 3 5 2 2 1 1 2 2 4 2 1 1 2 4 4 3 2 1 3 1 4 1 1 0 0 1 1 3 1 1 1 0 6 0 2 1 1 1 0 4 0 2 2 3 1 1 1 2 1 0 2 0 0 2 2 2 4 0 0 1 0 0 2 1 0 3 1 0 0 3 1 2 0 1 0 1 1 1 1 1 2 3 1 0 0 0 0 1 0 2 0 1 0 2 0 0 1 1 2 2 0 1 1 1 1 0 1 2 1 0 0 1 1 0 1 0 0 1 0 1 1 1 2 1 0 0 0 1 0 0 1 1 1 1 1 0 1 0 1 1 0 2 0 2 2 2 1 1 1 1 0 0 1 2 2 1 2 2 1 1 0 2 1 5 0 0 2 3 32
GCC_G 73 36 15 18 10 9 12 8 6 2 4 4 3 6 3 1 1 2 2 0 4 4 1 2 2 0 2 0 2 1 0 4 4 2 2 1 0 1 2 0 4 2 0 0 0 0 2 1 2 2 0 2 0 2 1 0 0 1 1 0 3 1 1 2 2 1 0 1 1 1 0 1 1 2 1 1 1 2 1 0 3 0 1 1 1 3 2 1 2 1 2 0 1 0 3 2 0 0 0 1 1 1 1 0 1 1 0 0 1 1 1 0 0 1 1 1 0 0 0 0 0 1 0 1 2 1 0 1 2 1 2 1 3 1 0 1 0 0 0 2 0 0 0 0 1 1 1 1 0 2 0 0 0 2 1 1 2 1 2 0 1 0 1 1 1 2 1 2 2 1 0 1 1 0 1 0 1 0 0 0 0 0 0 1 0 1 0 0 1 0 2 0 0 0 0 2 0 2 1 2 0 0 0 2 1 18
GCC_T 262 132 62 46 31 39 32 24 17 17 11 15 9 9 14 9 16 10 13 13 5 6 12 12 15 5 4 7 8 7 8 7 4 6 9 7 12 7 4 6 11 4 3 6 3 3 7 3 4 5 7 5 3 5 5 4 4 1 5 5 4 6 9 4 3 5 7 5 5 5 1 6 4 6 2 3 4 3 4 2 4 3 2 1 2 5 5 7 3 4 3 4 1 1 5 7 3 3 1 3 8 3 3 7 2 6 4 6 2 2 1 3 2 3 1 1 3 1 3 3 6 2 2 3 1 1 1 3 3 2 4 3 1 1 4 1 2 6 2 3 2 0 3 0 1 3 1 7 3 1 3 2 3 1 4 0 3 2 5 1 4 6 1 2 1 2 1 4 3 3 3 2 1 3 1 2 1 2 3 5 3 3 2 0 3 2 3 4 4 4 3 6 3 3 2 2 2 2 2 10 2 2 8 8 14 102
GCG_A 54 21 18 8 3 6 6 9 7 1 1 2 0 8 6 4 6 4 3 1 2 1 2 1 3 3 0 2 3 4 0 0 1 2 1 0 0 1 1 0 0 0 0 1 0 0 2 0 2 2 1 1 0 1 0 2 1 0 0 0 1 2 1 0 0 2 1 2 1 1 2 2 1 0 2 1 1 0 1 0 2 2 0 0 0 0 3 0 1 1 2 0 1 0 1 0 0 0 1 3 1 3 0 1 0 0 1 0 0 0 0 0 1 2 2 0 0 0 0 1 0 2 0 1 0 1 0 0 1 0 1 0 1 0 1 0 0 0 0 1 0 0 0 1 0 0 1 1 0 1 0 1 1 0 0 0 0 1 1 1 0 0 0 0 0 1 0 0 1 0 0 0 0 0 2 0 0 0 2 0 0 0 0 0 0 0 1 0 1 2 1 1 1 0 1 1 1 0 0 1 2 1 1 1 3 25
GCG_G 21 12 7 5 3 2 4 1 1 3 2 1 1 0 3 1 2 0 1 2 3 1 3 0 1 0 2 1 2 2 0 1 2 1 1 0 2 1 0 1 1 2 0 0 1 0 0 0 0 1 0 1 1 1 0 0 0 0 1 0 0 0 0 1 0 0 0 0 0 1 1 0 2 1 1 0 0 0 1 0 1 0 1 0 0 1 1 1 0 2 1 1 0 0 0 1 1 0 0 1 0 2 0 1 0 0 1 1 0 2 1 0 0 1 1 1 1 0 0 3 0 0 0 0 1 1 0 1 1 0 1 0 0 0 2 1 0 0 0 0 1 0 2 0 0 0 0 1 0 0 0 1 2 0 0 0 0 0 0 0 0 0 0 0 0 1 0 0 0 0 0 0 0 1 0 0 0 1 1 0 2 0 0 1 0 0 0 1 0 0 0 2 1 0 0 0 1 0 1 2 2 0 0 1 0 18
GCG_T 913 268 159 108 91 90 80 55 50 49 28 39 31 51 35 24 34 25 29 33 21 20 18 29 29 24 18 22 20 19 10 18 23 26 19 15 10 12 10 12 13 10 14 21 20 11 14 5 19 9 9 16 15 11 10 5 11 3 6 4 14 9 13 12 6 11 6 10 6 14 9 8 9 12 11 9 22 12 13 9 12 10 12 17 17 13 9 9 10 4 15 8 7 11 14 7 8 6 14 9 8 14 14 9 8 10 3 10 4 3 7 8 8 6 9 9 5 5 8 10 8 14 10 6 9 8 5 9 9 11 3 6 5 3 5 7 4 9 4 11 4 3 5 2 4 6 8 4 7 7 9 2 8 5 8 11 4 12 7 7 5 4 3 3 10 11 5 6 7 5 9 13 3 6 9 6 5 8 4 11 6 2 3 6 4 10 5 11 7 8 11 9 8 5 9 10 10 9 14 4 11 11 10 15 36 247
GCT_A 52 25 14 14 6 10 5 2 6 3 3 3 3 2 3 1 4 1 2 1 3 3 2 2 2 2 0 3 2 1 5 4 1 1 0 2 2 0 0 0 3 0 1 4 1 0 1 0 2 0 1 0 0 4 1 0 0 2 1 0 0 0 1 1 0 0 1 1 1 2 0 0 2 0 1 0 1 1 3 2 1 3 1 0 1 1 1 1 0 0 1 0 0 3 3 1 1 1 0 2 0 0 0 0 0 0 0 2 0 2 0 1 1 0 1 2 0 0 1 0 0 1 0 0 1 0 0 1 0 0 1 0 0 0 0 0 1 0 0 0 0 0 0 0 0 0 0 0 0 0 0 0 0 0 3 0 1 1 0 0 1 1 0 1 0 0 0 0 0 0 0 1 0 0 0 1 0 2 0 0 1 0 1 0 1 0 1 1 0 0 1 1 0 0 1 0 1 0 0 1 1 0 1 1 1 17
GCT_G 55 21 20 18 8 5 9 6 5 5 3 1 4 0 4 0 2 2 4 2 2 2 2 3 4 2 0 2 3 0 2 4 2 5 2 1 4 1 2 1 1 1 1 0 0 1 0 1 4 3 2 0 2 0 0 2 1 2 0 0 4 0 2 2 2 1 1 1 1 4 1 1 0 1 3 0 3 4 0 1 0 1 2 2 0 1 1 3 0 1 0 1 1 1 3 1 0 1 0 0 1 0 1 0 2 0 2 3 0 1 0 0 0 0 0 2 0 2 1 1 0 0 1 1 0 0 0 0 2 1 0 0 0 0 2 0 1 0 0 1 1 0 0 1 0 0 0 0 1 0 0 0 0 5 2 1 1 0 0 0 0 0 0 0 0 0 0 1 0 0 1 0 0 2 0 1 0 1 0 1 0 1 3 0 1 0 1 1 2 0 0 1 0 1 0 0 1 0 2 1 0 1 2 2 7 35
GCT_T 244 93 58 47 29 24 27 15 10 8 9 14 7 18 12 9 9 2 12 5 5 7 10 7 5 6 8 11 9 8 3 7 8 5 3 10 4 5 7 7 3 4 4 6 3 3 5 2 7 4 6 8 3 4 5 6 5 3 7 4 3 4 3 4 4 4 3 3 1 6 3 4 7 2 5 6 1 3 4 3 3 4 3 1 2 3 4 2 2 4 1 4 1 1 1 1 1 4 2 5 3 3 5 3 5 2 4 6 4 1 2 2 2 0 2 1 2 1 3 1 2 1 1 1 1 0 2 1 2 3 5 3 1 0 8 1 2 3 2 3 3 3 1 2 3 1 1 3 2 1 5 1 1 2 2 2 2 1 1 0 1 2 2 1 1 2 1 2 6 0 2 2 1 3 1 2 1 2 2 2 3 2 1 5 2 0 2 2 4 2 2 4 3 4 2 0 1 2 2 4 2 3 4 4 9 106
GGA_A 260 94 72 37 38 22 23 8 23 13 16 10 17 9 15 11 13 7 9 12 4 9 15 9 6 9 5 7 14 14 3 7 5 8 7 7 8 3 6 3 5 0 7 6 8 4 5 6 4 4 5 3 3 5 5 5 3 2 4 5 7 5 6 3 3 3 2 3 5 2 9 4 4 1 4 2 9 6 4 4 6 5 2 4 7 4 3 3 3 2 3 4 3 6 1 2 1 2 1 6 1 2 4 1 4 3 2 2 2 1 3 4 3 1 3 2 2 1 1 3 2 2 1 1 4 6 3 5 3 1 3 4 2 1 1 1 0 2 2 0 5 1 3 2 3 1 5 3 2 0 2 0 1 5 5 5 3 0 1 1 2 5 2 2 4 2 3 3 3 3 2 2 1 0 1 1 4 2 2 5 2 1 4 0 3 1 2 1 4 1 3 3 0 0 3 2 2 1 3 7 3 6 2 1 13 90
GGA_C 69 37 21 20 14 9 11 8 2 6 1 5 5 7 4 2 6 2 7 2 0 3 5 5 3 4 5 3 4 3 2 2 1 2 3 2 3 2 4 2 1 0 1 3 3 1 1 2 2 4 1 4 2 2 1 3 2 0 1 1 1 0 1 0 2 3 1 2 0 1 2 2 1 2 1 1 1 1 1 1 1 3 1 1 2 1 3 1 1 2 0 1 0 0 0 0 1 1 0 1 2 2 1 1 2 1 2 0 0 1 2 0 4 2 2 1 0 0 1 0 1 0 1 2 2 3 1 1 0 0 2 0 2 1 0 3 2 2 0 2 0 0 2 0 0 1 0 2 1 0 0 2 1 2 0 0 1 1 2 2 1 1 1 0 0 0 0 1 1 0 2 7 0 1 3 0 0 2 0 1 0 1 0 1 2 2 1 3 1 0 4 3 0 1 0 1 0 1 0 0 1 4 3 3 5 19
GGA_T 79 42 26 11 6 8 10 8 6 5 2 2 3 2 4 2 2 0 1 4 1 3 2 3 3 2 2 5 3 2 0 1 1 1 0 2 1 1 3 4 2 1 4 2 1 2 2 2 4 2 3 1 3 0 4 1 1 0 2 0 0 1 2 0 1 0 1 2 0 4 2 0 0 3 2 1 1 2 2 1 0 0 2 1 1 0 1 1 0 1 2 1 0 0 1 1 0 1 2 1 0 1 3 0 0 0 2 0 0 1 0 1 2 0 0 0 1 2 1 0 0 0 1 1 0 2 1 1 1 1 0 1 2 0 0 2 1 1 1 1 0 0 1 0 1 1 0 1 1 0 1 2 0 1 0 2 2 1 0 0 2 0 0 1 1 1 1 0 1 0 0 0 1 1 0 2 0 1 1 1 1 0 2 1 2 0 0 0 0 0 0 1 0 1 1 0 0 2 1 2 2 0 0 1 1 33
GGC_A 310 129 68 50 31 38 25 16 19 17 14 14 10 14 14 12 13 12 13 10 8 6 10 8 7 11 10 4 14 7 10 5 8 3 11 7 11 5 7 2 10 8 6 1 4 2 10 2 6 2 5 2 7 6 8 3 2 2 3 4 2 7 2 5 4 6 1 3 1 5 6 2 4 3 5 3 9 6 4 7 4 3 5 1 8 5 0 6 0 3 3 5 3 4 3 1 3 4 1 5 3 4 2 3 4 3 6 2 2 3 4 4 3 3 0 0 6 3 2 7 4 1 5 5 6 1 2 4 3 4 3 3 3 2 2 2 0 3 2 5 3 1 3 4 3 0 4 1 0 2 5 4 3 0 5 8 1 6 6 2 4 1 1 3 2 3 2 0 1 3 6 5 0 2 5 5 2 2 1 3 0 0 2 4 3 1 3 3 4 2 3 2 3 7 2 3 2 1 7 3 3 8 8 5 10 96
GGC_C 65 41 14 15 11 9 6 6 7 4 4 4 3 3 4 2 2 6 3 1 2 2 1 0 3 5 0 0 1 3 2 1 1 5 2 2 2 1 3 2 2 0 2 0 1 1 2 0 2 1 1 1 4 0 0 3 1 0 0 0 3 3 2 1 0 3 2 3 0 0 3 0 1 0 1 2 1 1 0 0 1 0 2 1 0 2 0 2 1 0 1 3 1 1 3 4 2 1 2 0 2 2 2 1 1 1 2 2 1 0 1 1 3 1 0 1 0 1 0 0 1 0 0 1 2 1 2 0 1 0 2 1 0 1 0 0 1 0 0 1 1 1 1 1 2 1 0 1 0 0 1 1 2 1 1 0 0 0 2 0 0 0 2 2 0 0 0 1 1 1 0 1 0 0 0 1 1 3 2 2 0 1 1 0 1 0 1 1 0 0 4 3 0 2 2 0 0 2 0 1 2 2 1 3 4 32
GGC_T 101 38 22 15 12 11 8 17 10 2 5 8 5 10 6 2 4 2 1 7 4 5 3 0 5 3 1 3 3 2 1 4 3 3 0 3 1 1 2 4 3 0 2 1 6 3 1 0 3 1 1 4 1 2 2 3 2 1 1 0 0 1 2 1 1 2 1 1 3 2 0 0 3 2 1 3 3 5 3 0 2 2 0 0 2 0 3 1 2 1 0 0 2 1 2 1 1 4 2 1 1 3 0 3 0 2 1 2 2 2 1 1 1 0 0 0 2 1 0 0 0 0 2 0 3 0 0 2 1 2 3 1 4 1 2 1 2 1 1 0 0 0 1 0 1 2 0 1 0 2 1 1 1 1 0 0 0 1 2 0 0 1 0 2 0 1 1 2 1 2 3 1 1 1 0 1 1 0 1 1 0 2 0 1 0 2 0 1 1 0 1 1 0 1 1 1 2 1 1 1 2 0 1 2 6 22
GGG_A 329 125 65 51 35 37 39 24 33 20 16 25 13 22 15 17 17 20 15 25 11 15 8 8 15 5 8 11 12 8 6 8 8 9 11 7 9 2 7 4 4 9 7 3 4 5 7 9 6 5 6 9 3 5 10 5 2 2 7 5 3 4 5 5 5 9 7 7 1 1 7 4 4 1 8 8 8 5 3 7 4 4 3 1 4 4 4 2 3 4 4 4 5 5 3 4 0 4 6 8 5 11 3 4 4 8 2 4 2 7 7 4 4 3 6 2 6 4 3 8 4 3 1 7 5 2 1 6 1 7 1 5 1 3 3 1 5 3 2 2 2 0 3 2 0 1 5 2 6 4 0 2 3 6 3 2 1 4 6 1 3 0 3 3 1 1 3 5 3 3 1 1 0 0 0 1 4 2 6 7 2 3 4 4 6 0 2 2 2 5 7 3 2 8 1 0 3 4 4 1 4 1 6 5 20 120
GGG_C 108 55 30 17 16 9 5 9 11 8 5 9 3 4 1 2 10 5 1 3 5 5 6 4 7 2 2 2 5 4 2 6 1 3 8 2 2 5 3 2 1 3 6 1 3 1 3 0 3 2 3 0 0 2 0 0 2 1 2 1 3 3 1 2 4 2 3 3 2 0 1 0 2 2 4 4 1 2 3 0 3 3 3 0 1 0 2 0 2 3 2 4 1 0 1 0 1 1 1 1 0 0 3 1 1 1 2 1 0 2 0 0 3 0 2 3 1 0 0 1 3 1 2 2 1 0 1 0 2 1 1 0 5 1 0 1 0 1 1 3 0 1 0 0 1 4 2 1 0 1 1 0 2 1 1 0 1 1 2 0 0 2 0 1 0 1 0 0 0 2 1 1 0 0 0 1 3 0 1 0 1 1 3 1 2 3 2 3 4 1 1 0 0 4 1 1 2 1 3 1 0 0 3 2 10 43
GGG_T 94 48 25 23 17 12 9 8 10 4 7 13 2 7 8 4 6 3 4 3 2 2 5 3 3 6 1 7 3 4 5 3 2 3 1 4 3 1 3 5 1 2 4 2 3 2 3 2 3 0 2 1 3 1 2 1 0 0 1 2 5 0 3 3 1 3 5 1 2 2 0 2 0 2 0 2 1 2 2 3 4 4 0 1 1 0 2 3 1 0 1 2 1 0 1 1 1 3 5 0 2 0 0 5 2 1 1 1 2 2 2 0 2 0 1 0 1 1 0 2 1 1 2 0 0 1 0 3 2 1 0 0 2 1 2 0 1 1 1 1 0 0 2 0 1 0 0 3 0 2 1 0 0 0 1 0 0 1 2 0 0 1 1 1 2 1 1 1 0 0 0 0 0 1 0 1 1 0 1 0 0 0 0 1 0 3 1 1 0 1 1 0 1 2 1 0 0 0 2 1 2 1 3 4 3 35
GGT_A 278 99 55 40 33 24 32 21 17 20 9 11 4 14 14 10 9 10 10 13 9 10 8 11 11 2 9 11 9 8 8 5 4 11 7 7 13 4 4 7 0 6 4 7 5 3 5 5 9 2 7 5 3 5 6 1 5 6 2 3 5 6 3 5 2 1 5 4 4 5 3 6 2 3 5 2 4 1 6 5 4 5 3 3 4 1 5 4 2 2 3 2 3 4 3 4 3 8 6 7 2 0 3 6 6 5 1 0 1 4 2 2 1 3 1 1 1 2 1 3 3 5 2 1 5 4 3 5 1 3 1 3 3 2 3 1 3 2 2 3 1 0 3 2 2 1 2 1 1 2 3 0 2 2 6 2 3 3 3 4 4 0 2 2 0 9 1 1 4 1 2 3 3 3 3 5 2 3 1 3 1 2 0 0 3 1 3 1 4 3 3 2 2 2 4 3 3 2 1 5 3 2 3 1 15 114
GGT_C 51 20 9 11 8 9 14 6 3 5 2 3 5 6 3 3 5 7 1 6 0 1 2 2 6 2 3 2 2 2 2 3 1 3 3 2 1 1 1 5 0 1 2 1 1 1 1 1 2 3 2 1 0 2 1 1 1 0 0 2 2 0 1 0 0 1 3 1 0 0 1 0 1 0 1 1 1 0 0 3 1 5 0 1 2 0 0 1 1 2 0 0 0 1 1 2 0 1 0 1 1 1 1 0 1 2 0 1 0 2 0 0 0 1 2 2 0 3 1 0 1 1 0 1 1 0 0 2 1 0 1 0 2 0 0 0 2 0 1 0 0 0 1 1 1 0 0 1 1 3 1 0 0 1 0 1 0 1 1 1 1 0 0 0 0 1 1 0 3 0 1 2 1 1 0 0 1 0 1 0 0 1 2 1 0 2 1 1 0 0 1 0 1 0 0 1 1 0 0 1 1 3 0 1 3 40
GGT_T 137 58 33 18 17 10 17 7 12 13 2 3 6 6 4 4 5 8 4 4 5 6 2 3 5 5 4 5 5 3 0 0 3 7 5 2 4 1 0 2 3 0 0 2 1 2 3 2 5 2 3 2 2 0 6 1 2 2 3 2 0 1 3 3 2 0 4 1 5 0 0 1 2 5 2 2 4 2 0 3 1 2 1 0 2 0 2 4 1 1 2 1 3 3 2 1 0 0 2 3 0 1 1 2 4 2 0 2 3 1 4 1 1 1 1 1 3 2 0 1 0 2 1 2 3 0 3 1 2 2 0 0 0 0 1 0 3 1 0 0 1 0 1 3 0 2 1 0 2 3 3 0 0 1 2 2 1 0 0 3 2 1 0 0 0 1 1 2 1 2 2 2 1 0 1 1 0 1 0 2 2 0 1 0 2 0 2 3 1 2 0 0 1 0 2 0 2 3 2 3 3 4 4 5 6 53
GTA_A 24 4 2 1 2 3 1 2 2 1 1 0 2 1 1 1 0 3 0 1 0 1 0 0 0 1 1 2 1 0 0 0 0 0 1 1 0 0 1 2 0 1 1 1 0 0 0 0 0 0 0 0 0 1 0 0 0 2 0 0 0 0 0 1 1 1 0 0 1 0 0 0 1 1 0 0 0 0 0 0 1 0 0 0 0 0 0 0 0 0 0 1 0 0 0 0 0 0 0 2 0 0 1 0 1 0 0 0 0 0 0 0 0 0 1 0 0 0 0 0 0 0 0 0 0 1 0 0 1 0 0 0 0 0 0 1 0 1 0 0 0 0 0 0 0 0 0 0 1 0 0 0 0 0 0 0 0 0 0 1 0 1 0 0 0 0 0 0 0 2 0 1 0 0 0 0 0 0 0 1 0 0 0 0 0 1 0 0 1 0 0 0 0 0 0 0 0 0 0 0 0 0 0 0 0 6
GTA_C 119 44 39 11 17 13 13 11 8 7 8 6 2 7 6 7 6 6 2 3 1 3 4 2 3 6 1 4 5 1 2 3 3 1 4 2 3 3 1 3 2 3 2 0 3 3 6 3 2 1 2 1 0 5 4 1 4 0 0 1 1 2 1 4 3 3 2 3 1 2 0 1 0 3 0 1 2 2 3 4 5 4 0 0 0 2 0 0 1 0 2 1 0 3 2 1 0 2 1 3 2 2 4 0 1 2 2 1 1 1 1 2 2 2 3 1 4 1 1 0 2 2 4 2 1 3 2 2 3 1 1 0 0 1 0 0 1 0 2 1 1 2 3 1 0 2 0 1 0 2 0 1 1 1 1 2 1 0 2 1 0 0 0 0 2 1 0 3 1 1 0 4 1 1 0 1 1 1 0 0 0 1 2 1 0 1 2 1 1 1 2 1 1 1 0 0 3 3 2 0 1 2 5 2 8 84
GTA_G 21 10 5 2 3 2 2 0 1 3 1 1 0 1 1 0 1 0 1 1 2 2 0 1 1 0 0 1 1 0 0 0 0 0 0 0 0 0 0 0 0 1 1 0 1 0 0 0 0 1 0 0 0 1 0 0 1 0 0 1 0 0 0 0 0 1 0 1 0 1 0 0 0 0 0 0 0 0 0 2 0 0 1 0 0 0 0 0 1 0 0 0 0 1 0 1 1 0 1 0 0 0 0 1 0 0 0 0 1 1 0 0 0 1 1 1 1 2 0 1 0 0 0 0 0 0 0 1 0 0 0 0 0 0 0 1 0 0 0 0 1 0 0 0 0 0 0 0 1 0 0 0 0 1 0 0 0 0 0 1 0 0 0 1 0 1 0 0 2 0 0 0 0 0 1 0 0 0 2 0 0 0 0 0 0 0 0 0 0 2 0 0 1 1 0 1 1 0 0 0 0 2 1 2 1 4
GTC_A 23 21 12 11 2 4 0 3 3 1 3 0 0 3 3 3 2 1 1 2 0 3 1 1 1 2 2 1 1 1 1 0 1 1 1 0 0 1 0 0 1 0 1 0 1 0 0 0 0 1 0 0 0 2 2 1 0 0 0 0 0 0 0 0 0 0 1 0 0 0 1 2 0 0 0 0 0 5 1 1 1 0 1 0 1 1 0 1 1 0 0 0 2 0 0 1 0 0 0 1 1 0 0 0 0 0 0 0 1 0 0 1 0 0 0 0 1 0 0 0 0 0 0 0 0 2 0 0 0 1 0 0 0 1 0 0 1 0 1 0 0 0 0 0 0 0 0 0 0 0 0 0 0 0 1 1 0 0 0 0 0 0 0 0 0 0 0 0 0 0 0 0 0 0 0 1 0 0 0 0 1 0 0 0 0 0 1 0 1 0 0 0 0 0 2 1 0 0 0 1 0 0 0 0 2 14
GTC_C 89 26 20 12 11 12 11 15 2 6 5 5 4 4 5 10 5 2 3 7 3 3 5 0 2 3 0 2 3 2 1 6 2 5 2 3 1 1 2 2 1 1 4 2 2 2 4 1 5 2 1 1 4 0 3 3 3 2 1 2 2 1 3 0 0 1 2 4 2 2 1 2 1 1 2 0 1 3 2 0 0 1 0 0 3 2 3 2 3 2 6 4 3 0 0 2 1 0 0 2 0 0 2 2 0 1 2 0 2 1 1 0 0 1 0 2 3 2 0 1 2 1 1 0 1 0 3 1 1 2 3 2 0 2 1 0 1 1 3 1 0 2 1 1 2 3 1 0 0 2 3 2 0 1 2 1 1 1 1 2 1 1 0 0 2 3 0 1 2 1 1 1 2 1 0 2 1 1 0 0 0 0 2 2 1 1 0 0 2 0 5 3 2 3 1 2 4 0 1 1 0 1 1 5 10 73
GTC_G 21 9 1 1 5 0 1 5 3 1 0 1 1 2 0 1 1 1 0 1 1 1 0 1 0 2 1 1 1 0 0 0 0 0 0 1 1 0 0 0 1 1 0 1 1 0 0 1 0 0 0 0 0 0 0 1 0 0 1 0 2 0 1 1 0 0 0 1 0 0 3 1 0 0 1 1 0 0 0 0 1 0 1 0 0 0 2 1 0 0 0 0 0 0 0 2 1 1 0 2 0 3 0 0 2 1 0 0 1 0 0 0 1 0 0 0 0 1 0 1 1 1 0 0 0 0 1 0 0 1 0 1 0 0 0 1 0 2 0 0 0 0 0 1 0 0 0 0 0 0 1 0 0 1 0 0 0 0 0 0 2 0 0 1 0 2 0 0 0 0 0 0 0 0 0 0 0 0 0 0 0 0 1 0 1 1 1 1 0 1 1 0 0 0 0 0 0 0 1 2 1 0 0 1 1 12
GTG_A 46 22 12 8 6 4 6 3 3 3 2 1 1 2 4 1 1 1 1 1 2 3 2 1 4 3 1 1 3 2 2 2 0 2 1 0 1 1 1 3 0 2 0 0 0 1 1 1 2 1 2 0 0 1 2 1 0 0 0 1 1 1 0 0 2 3 0 1 2 0 1 2 1 0 0 3 0 0 0 2 0 4 1 1 1 1 2 2 1 0 0 0 1 1 0 1 0 0 0 0 0 0 1 0 0 0 2 1 0 0 0 1 0 1 2 1 1 0 1 0 1 1 0 0 0 0 2 0 1 0 0 0 0 0 1 1 2 2 0 0 0 1 0 1 1 1 0 1 0 0 0 1 0 1 1 2 0 0 2 1 3 0 0 0 2 0 0 0 0 0 0 4 0 1 2 0 0 0 0 0 1 0 1 2 0 0 0 2 0 1 0 2 1 1 0 0 1 1 1 0 0 0 0 0 2 14
GTG_C 188 77 50 39 28 15 23 19 19 12 13 16 12 15 11 13 10 4 9 6 5 7 7 8 5 9 4 4 9 7 2 9 3 9 4 3 7 5 4 5 4 7 5 5 4 6 11 13 7 2 8 7 6 1 5 4 5 6 3 5 6 7 3 10 6 9 0 3 4 5 3 3 3 6 2 7 4 5 6 6 10 6 4 3 6 4 7 4 7 2 1 1 3 5 2 2 5 3 6 6 1 4 3 5 4 4 3 3 0 1 1 3 3 6 1 3 2 6 3 5 5 6 3 4 4 1 2 3 5 3 4 4 4 2 2 1 4 3 3 4 0 5 5 1 2 2 3 1 3 3 2 2 2 2 4 4 6 2 4 2 3 5 3 4 3 2 2 3 3 3 3 4 6 3 4 2 1 2 2 5 4 1 3 2 2 3 5 6 4 4 4 2 3 7 3 9 8 6 7 11 8 10 13 38 87 982
GTG_G 136 45 15 13 8 12 3 4 6 2 4 2 5 4 2 6 2 4 5 2 0 1 2 1 1 3 2 2 2 4 2 0 3 3 2 1 2 3 1 0 1 1 2 4 3 3 1 1 1 2 2 4 2 1 3 1 2 3 3 3 1 0 0 1 1 2 3 2 0 2 1 0 1 0 1 1 0 1 2 3 2 1 1 1 2 1 0 0 1 2 1 3 1 1 2 1 0 3 0 1 2 0 0 1 0 2 0 0 1 0 1 1 2 0 0 0 2 0 1 0 0 0 1 1 1 1 0 0 2 0 1 1 0 0 1 0 2 1 1 1 0 1 1 0 0 1 1 1 0 0 2 1 1 1 2 1 0 0 0 0 0 0 0 0 0 0 0 0 0 1 0 0 1 0 1 0 0 0 0 0 0 2 2 0 1 0 1 0 1 0 1 1 0 4 0 0 0 0 3 1 1 1 3 2 2 25
GTT_A 21 11 7 7 2 6 2 7 1 3 2 2 1 1 3 2 1 2 1 3 1 1 0 2 0 1 1 0 3 1 1 2 1 0 0 1 2 1 1 2 2 0 1 1 1 0 0 0 0 0 0 1 0 1 0 1 0 0 1 1 0 0 0 1 1 1 1 0 0 0 0 0 0 0 0 0 0 0 0 0 2 0 0 1 1 0 0 0 0 0 1 0 0 0 0 0 0 0 0 1 2 0 0 0 0 0 1 0 0 0 0 0 1 0 0 0 0 0 0 0 0 0 0 0 0 0 0 0 2 0 0 0 0 1 0 0 0 0 1 0 0 1 1 0 0 0 0 0 0 0 0 0 0 0 1 0 0 0 0 0 0 0 0 0 0 0 0 0 0 1 0 0 1 0 0 0 3 0 0 1 1 0 1 0 1 0 0 0 0 0 0 0 0 1 0 0 0 0 0 0 0 0 1 1 2 19
GTT_C 107 45 31 27 16 13 13 13 11 7 12 9 5 5 5 3 7 2 2 4 6 5 4 2 5 2 3 5 7 2 2 2 3 0 3 1 6 2 3 0 4 3 3 1 2 0 5 2 5 0 3 5 3 1 2 1 3 3 2 5 3 2 0 3 1 5 1 2 3 1 1 2 0 2 4 0 2 2 1 1 4 4 0 0 3 3 3 2 2 5 0 1 1 2 0 3 3 3 1 2 1 1 4 2 3 2 0 1 2 1 6 0 2 0 1 0 1 2 1 1 2 2 2 0 3 1 0 2 0 0 1 1 2 2 0 1 0 1 3 1 0 0 2 0 0 1 1 1 0 0 3 0 1 5 0 2 0 2 2 2 2 1 2 0 3 1 1 2 1 0 4 0 1 1 3 1 2 0 0 1 3 1 1 3 2 1 0 5 1 1 2 0 4 0 1 2 4 2 3 0 4 3 4 5 11 78
GTT_G 50 21 9 6 1 0 3 2 3 4 0 4 1 2 4 1 2 3 0 2 0 1 0 2 4 2 0 1 1 1 2 2 1 0 1 0 1 1 2 1 0 0 0 3 0 1 0 2 1 1 0 0 0 0 1 0 1 0 1 0 1 1 0 0 0 0 1 1 0 1 0 0 1 1 1 0 0 0 0 0 0 0 1 1 0 0 0 1 1 0 0 1 0 0 0 0 0 0 2 1 1 1 0 0 1 0 0 1 0 1 0 1 1 0 1 0 0 1 1 1 1 1 0 0 2 1 0 1 1 0 1 0 0 0 0 0 0 0 0 0 1 0 0 2 1 0 0 1 0 0 0 1 0 0 0 1 0 0 0 0 0 0 0 2 0 1 0 0 1 1 0 1 0 1 0 0 1 1 0 1 0 0 0 0 2 0 2 0 0 1 1 1 1 0 0 0 1 1 0 0 0 0 2 0 4 25
TAA_C 35 19 1 6 4 2 3 0 4 6 1 1 2 1 2 0 1 4 1 2 1 1 1 1 1 2 4 1 0 3 2 1 3 0 1 0 1 2 1 0 0 0 1 1 0 1 0 1 1 0 0 0 1 0 0 0 2 1 1 0 0 1 1 1 1 1 3 0 1 0 1 1 0 0 0 2 2 1 2 1 1 2 1 0 0 0 0 2 1 1 0 0 2 0 1 0 0 1 1 2 0 0 1 1 3 0 2 0 0 1 1 0 0 0 1 1 0 0 0 0 0 0 2 0 0 0 0 0 1 0 0 1 0 0 0 0 0 0 0 0 0 0 1 0 1 0 0 0 0 0 0 0 1 0 4 1 1 1 1 0 1 0 0 0 0 1 0 1 2 0 1 1 0 1 0 0 1 0 1 0 0 1 1 1 0 0 1 0 0 0 1 2 1 0 0 1 0 1 1 1 0 1 0 0 2 24
TAA_G 112 49 21 22 12 15 12 10 7 6 8 1 5 7 6 2 2 5 9 4 5 5 2 6 3 3 4 3 4 3 6 5 4 2 2 4 2 1 2 3 2 2 2 5 0 2 2 1 2 5 4 2 2 4 5 0 0 1 1 0 1 1 1 1 6 5 2 2 2 3 3 1 1 0 1 0 0 2 1 3 1 1 1 0 3 3 1 2 1 0 2 2 1 2 2 1 0 1 0 3 1 6 3 2 0 1 1 3 1 4 1 3 1 2 0 2 0 1 2 3 1 3 0 2 1 2 1 2 3 2 1 0 0 1 0 2 2 1 1 1 3 1 0 2 2 1 0 0 0 2 0 1 0 0 0 0 2 0 0 1 1 0 1 2 0 0 2 2 1 1 1 2 0 1 3 0 3 1 4 3 2 2 1 1 2 2 1 2 1 2 3 1 0 2 1 0 6 3 2 1 1 0 4 3 11 65
TAA_T 65 29 10 8 11 11 7 9 5 4 1 6 2 3 4 0 1 0 5 0 0 1 2 1 2 2 1 2 0 2 5 2 1 1 0 1 0 3 0 2 2 1 0 1 5 2 1 3 0 2 0 1 2 0 1 0 0 0 2 0 0 1 1 1 3 1 0 2 0 1 1 3 1 1 2 1 1 2 0 0 0 0 1 0 0 1 1 2 0 0 0 0 2 2 1 0 0 1 1 1 1 1 0 1 0 0 0 0 2 2 0 1 0 0 0 1 1 0 0 0 0 1 1 0 1 1 0 1 1 2 1 1 1 0 0 0 0 0 3 2 2 0 1 1 0 1 0 0 1 1 3 0 0 0 1 0 1 0 2 1 1 1 0 0 0 3 3 0 1 0 2 0 1 3 0 1 2 0 1 0 1 2 2 2 2 0 0 0 0 1 1 1 3 2 3 0 2 0 1 1 2 2 5 5 6 87
TAC_C 23 3 6 4 3 2 1 2 2 1 1 1 1 1 1 0 1 1 1 1 0 0 0 0 1 0 0 1 1 0 0 0 3 0 0 0 0 0 0 1 2 1 0 1 0 1 0 0 0 0 0 1 0 1 1 0 1 0 0 0 1 1 0 0 0 0 0 0 0 0 0 0 0 0 0 0 0 1 0 0 0 0 0 0 0 0 0 0 0 0 0 0 2 0 0 0 0 0 0 0 1 1 0 1 1 0 1 1 0 0 0 0 0 1 0 2 0 1 0 0 0 0 0 0 0 0 0 0 0 1 0 0 0 0 0 0 0 0 0 0 0 1 0 0 0 0 0 0 0 1 0 0 0 0 0 0 0 0 1 1 0 0 1 0 1 0 0 1 0 0 0 1 0 1 0 0 0 0 0 0 0 0 0 0 0 1 0 0 0 0 0 1 0 0 0 0 0 1 0 1 1 1 0 0 1 9
TAC_G 113 38 19 19 10 13 5 10 16 4 2 4 6 3 3 6 6 2 0 2 2 3 8 5 1 2 4 1 3 1 6 5 3 3 2 2 4 1 3 1 1 3 0 3 2 4 3 2 2 1 3 3 2 2 2 2 0 0 0 0 3 2 5 1 1 3 4 2 1 1 1 1 1 1 0 2 2 2 2 2 2 3 2 2 2 3 3 2 0 0 3 2 2 2 0 1 1 2 2 0 1 2 2 1 1 0 0 2 1 3 2 0 2 0 1 1 0 1 1 3 2 2 2 3 5 3 1 2 3 3 0 0 1 2 4 3 0 1 1 0 1 0 1 1 0 1 1 0 0 1 1 0 0 2 4 5 1 0 1 1 1 1 1 0 0 3 0 1 1 1 1 1 3 0 3 0 2 1 1 1 0 0 0 2 0 2 1 1 1 1 1 1 2 0 2 1 1 1 1 1 2 2 0 6 13 70
TAC_T 22 8 0 3 2 1 2 0 0 1 0 2 2 1 1 0 0 0 0 0 1 0 1 0 0 0 0 1 1 2 0 1 0 0 1 0 0 0 1 0 1 1 0 0 0 0 0 1 0 1 0 1 0 0 0 0 0 0 2 0 0 0 0 0 1 0 1 0 0 0 0 0 0 0 0 0 0 0 0 1 0 1 0 0 1 0 1 0 1 0 0 0 0 0 0 0 0 0 0 0 2 1 0 0 0 0 0 0 0 0 1 0 0 0 0 0 0 0 0 0 0 0 0 0 0 3 0 1 1 0 0 0 0 1 0 0 0 0 1 0 0 0 0 0 0 0 0 0 0 1 0 0 1 0 0 1 0 0 0 0 1 1 0 0 0 0 0 0 1 0 1 0 0 0 1 0 0 0 0 0 0 0 0 0 0 0 0 0 0 0 0 0 0 0 0 0 1 0 0 0 0 2 0 0 0 8
TAG_C 9 1 5 3 1 5 2 0 3 0 1 4 3 0 0 1 1 2 1 1 2 0 0 0 0 0 1 0 0 1 1 0 0 1 0 1 0 0 1 1 0 0 1 0 0 0 1 0 0 0 0 3 0 0 0 1 1 0 0 0 0 0 1 0 0 1 1 1 0 0 0 0 0 0 0 0 1 1 1 0 1 0 0 1 0 1 0 1 0 0 0 0 0 1 1 2 1 0 0 2 0 0 0 0 0 1 0 0 1 0 1 0 0 0 0 0 0 0 0 0 0 0 0 0 0 0 1 1 1 0 1 1 0 0 1 0 0 0 0 1 0 0 0 0 0 1 0 0 0 0 0 1 0 0 0 0 1 0 0 0 0 1 1 1 0 0 0 0 1 0 1 1 0 0 0 0 0 1 0 0 1 0 0 0 0 0 0 0 0 0 0 0 1 0 0 1 1 0 0 0 0 0 1 0 1 11
TAG_G 113 43 22 9 11 6 8 11 2 6 3 4 1 10 3 1 10 3 3 4 1 3 6 4 4 7 2 2 4 2 0 4 1 5 4 0 1 2 2 2 2 3 6 3 0 0 3 3 1 5 1 3 1 4 1 1 2 0 4 3 1 1 1 4 5 4 0 2 1 1 3 1 1 0 2 1 1 4 1 0 2 0 0 1 0 1 3 3 2 0 0 1 0 0 1 5 0 5 1 1 2 1 2 3 5 1 4 1 3 2 2 1 0 1 1 2 2 0 1 3 1 3 0 0 4 2 2 1 3 3 1 1 0 2 0 2 0 4 2 2 2 0 3 1 0 1 2 1 3 0 3 1 1 0 2 3 3 0 1 1 0 0 1 1 1 3 1 1 0 2 2 2 1 1 0 0 2 2 1 1 3 1 1 0 1 2 2 3 3 3 1 0 0 2 1 0 4 3 2 2 2 2 5 8 12 102
TAG_T 17 8 8 4 1 2 4 2 0 1 1 0 3 1 3 0 1 2 0 1 1 0 1 0 1 0 1 0 0 0 0 0 3 1 0 0 1 1 1 3 0 2 0 0 0 0 0 2 0 0 1 0 0 0 0 1 1 0 0 0 0 1 0 0 0 0 0 0 0 0 0 0 0 1 0 1 0 1 0 0 0 0 1 2 0 1 0 0 0 0 0 0 1 0 0 0 1 0 1 1 0 0 1 0 0 0 0 0 0 0 0 0 0 0 0 0 0 0 1 0 1 0 1 0 1 1 0 0 0 2 0 0 0 0 0 0 0 0 0 0 0 0 2 0 0 0 0 0 2 0 0 0 0 0 0 1 0 1 0 2 0 0 0 0 0 0 0 0 1 1 1 0 0 0 0 0 0 0 1 0 0 0 0 0 0 0 0 1 0 0 0 0 0 1 0 0 0 0 0 0 1 0 0 0 0 8
TAT_C 29 12 11 3 3 2 6 5 2 3 2 2 1 0 3 4 1 1 0 1 2 2 2 2 1 2 1 1 2 1 0 1 1 2 1 0 2 2 0 0 2 0 0 1 1 0 1 1 2 0 1 0 1 3 1 0 1 1 1 0 0 1 2 1 1 0 5 1 1 0 0 0 2 0 1 1 0 1 2 0 1 1 1 1 1 1 0 1 0 0 1 0 0 0 0 0 0 0 2 0 0 2 1 0 1 0 0 0 0 0 0 0 0 1 0 1 0 2 0 1 1 0 1 1 0 1 0 0 0 1 0 0 0 1 0 0 0 1 1 2 2 0 0 1 0 0 0 0 2 1 0 0 0 0 1 0 0 1 1 0 0 1 3 2 1 0 0 0 0 0 1 0 0 0 0 1 1 0 0 1 0 0 0 0 0 1 0 0 0 0 0 0 1 0 0 0 0 0 0 0 0 1 2 1 1 21
TAT_G 292 117 56 43 35 38 24 26 26 16 10 15 8 16 8 9 14 9 13 11 7 12 8 8 15 12 7 5 11 5 12 8 9 10 7 5 7 6 3 9 4 5 13 5 3 3 7 6 4 6 4 5 9 6 5 9 4 1 9 6 2 2 4 7 3 7 6 9 0 3 4 6 3 6 1 8 6 5 5 7 4 5 5 2 6 4 8 4 5 11 8 4 5 3 8 9 2 1 10 6 6 4 3 5 6 2 5 3 1 6 1 3 4 2 3 3 9 3 5 8 2 3 3 6 6 1 3 1 2 6 1 5 3 7 4 2 5 1 1 3 1 1 3 4 1 2 2 2 2 1 6 5 3 4 3 4 2 6 4 2 2 3 4 3 1 3 1 3 2 2 3 8 2 6 2 5 4 2 0 8 3 2 5 6 2 2 3 3 2 4 4 3 3 10 6 5 3 8 6 4 7 5 7 9 14 194
TAT_T 66 17 15 10 7 8 2 4 2 3 2 6 2 1 0 1 2 3 3 4 0 3 2 3 4 1 3 4 6 1 1 1 2 2 0 2 2 2 1 0 1 0 3 2 0 1 2 1 2 0 1 1 1 3 0 2 0 0 0 3 0 1 0 2 2 0 1 2 0 0 0 0 0 1 2 1 1 1 1 0 1 1 0 0 0 1 1 0 0 1 0 2 3 2 1 2 0 0 0 1 0 1 0 0 0 2 1 1 2 0 0 0 2 0 1 0 0 1 0 2 0 0 0 0 0 1 1 3 2 0 0 0 2 1 0 0 0 0 0 1 0 0 0 0 1 2 0 1 0 0 2 2 0 1 1 0 1 0 0 0 0 0 4 2 0 3 0 1 1 0 0 1 1 0 1 0 1 0 4 0 0 0 1 0 1 0 0 1 0 1 1 0 1 0 1 0 0 1 0 2 2 2 1 0 6 32
TCA_A 52 24 17 5 9 7 7 2 4 4 2 2 4 5 3 1 5 1 0 1 3 2 0 2 3 4 0 2 2 2 4 1 0 1 1 1 1 2 2 1 0 0 1 5 4 0 0 0 1 3 3 0 1 2 2 2 1 1 3 1 0 1 0 1 0 0 0 1 0 1 1 1 0 1 0 2 2 1 1 1 0 1 0 1 0 1 0 1 0 0 0 2 1 0 2 0 0 1 1 0 0 1 1 0 0 1 2 1 0 0 0 0 1 0 1 1 0 0 0 0 0 0 0 0 0 0 0 1 1 0 0 1 1 0 0 0 0 0 0 1 0 0 0 1 0 0 0 1 1 1 1 0 1 0 0 0 1 0 0 0 0 0 1 1 1 1 1 0 0 0 1 0 0 0 0 1 0 1 1 0 0 0 0 1 2 1 1 0 0 2 1 3 0 1 0 0 1 1 0 1 0 2 0 0 3 16
TCA_G 78 23 18 8 8 9 10 6 5 5 5 6 1 7 3 1 5 5 7 3 1 4 2 2 5 2 3 4 2 1 1 3 1 3 0 2 2 2 2 1 1 2 3 1 2 0 1 3 0 0 2 0 3 2 0 1 0 1 1 1 2 1 0 1 1 1 1 4 3 2 2 1 1 2 0 1 0 2 3 2 1 2 1 0 0 1 2 1 0 2 1 0 3 2 0 0 0 3 0 1 1 1 1 2 2 1 2 2 3 1 2 1 1 1 2 2 1 2 0 3 2 1 0 0 2 0 0 2 1 0 1 0 1 0 1 4 0 0 0 0 0 1 2 0 2 0 3 0 1 0 1 0 0 1 3 1 0 0 1 0 0 1 0 2 1 1 1 0 1 0 2 1 1 0 2 0 0 1 1 1 0 2 0 1 0 0 0 0 0 0 0 0 0 1 0 4 0 0 0 3 1 2 1 0 4 37
TCA_T 217 68 30 34 29 19 14 16 20 11 10 12 8 7 6 9 10 9 9 13 3 6 4 5 4 3 10 4 2 6 9 6 7 3 7 2 6 5 5 10 5 3 4 2 3 3 6 4 6 6 4 4 3 3 3 6 2 4 5 1 1 3 4 3 2 3 1 6 3 2 4 1 2 1 5 4 2 1 2 3 4 8 0 0 7 2 4 2 2 0 1 2 2 5 4 3 2 4 1 3 1 1 3 5 3 1 1 3 2 2 2 5 3 1 0 1 0 1 1 1 1 3 2 3 0 2 1 0 0 0 0 1 2 0 1 2 4 2 2 1 2 2 3 2 0 1 1 3 2 2 3 1 2 4 1 0 1 2 4 0 3 1 2 0 2 2 2 2 3 1 2 3 1 2 3 1 2 1 2 1 1 1 3 0 1 0 1 2 1 0 3 2 0 2 2 1 1 4 4 3 0 2 2 2 6 83
TCC_A 91 28 13 12 7 7 7 4 5 2 1 4 0 4 3 3 6 2 3 2 2 3 4 1 3 2 1 3 2 5 3 2 2 1 4 2 0 3 1 1 2 0 2 2 1 0 2 2 2 2 1 0 1 1 3 2 0 0 1 2 1 1 3 0 0 2 2 0 3 2 2 0 0 2 1 1 1 1 4 0 3 0 0 1 0 1 1 1 1 0 2 1 1 0 1 0 1 0 1 1 0 1 1 0 1 3 2 0 1 0 0 1 2 4 1 0 1 2 0 1 0 0 0 0 0 0 1 3 1 0 0 1 0 1 1 0 0 1 2 1 0 0 1 0 1 0 0 0 1 0 0 3 0 1 1 4 2 1 0 2 1 0 1 1 0 0 2 1 0 1 0 1 2 1 0 0 1 0 1 1 1 0 0 1 1 1 1 1 1 0 2 2 1 1 2 0 0 1 1 0 1 0 2 2 1 29
TCC_G 75 29 24 14 17 11 12 5 8 7 5 7 10 7 5 1 2 2 3 4 4 1 2 4 0 1 3 8 2 2 0 3 1 3 1 2 2 2 2 2 3 1 3 3 0 0 2 5 2 1 3 4 3 1 2 1 3 0 1 1 0 3 1 2 2 4 2 4 1 1 0 1 1 2 2 1 2 0 3 3 0 2 0 0 1 0 2 1 1 0 0 3 1 2 1 3 0 1 2 2 3 1 2 1 1 2 1 1 1 0 0 1 0 3 0 0 1 2 2 0 1 0 0 2 2 0 2 0 0 1 2 0 1 0 1 1 1 0 2 0 0 0 0 0 1 1 0 0 0 0 1 1 1 0 1 2 0 0 0 1 0 0 1 0 1 0 1 0 2 0 2 2 2 0 1 1 0 1 1 0 0 1 0 0 3 1 0 2 1 1 0 2 2 0 1 2 2 1 4 3 3 0 1 0 6 29
TCC_T 250 109 73 34 27 23 25 21 23 15 10 13 16 14 7 9 9 12 4 4 5 12 9 2 7 12 7 6 8 13 5 5 8 7 11 6 6 7 3 7 2 5 4 6 4 3 7 4 5 3 5 2 3 2 10 5 3 5 6 2 7 1 1 5 2 3 2 6 4 6 4 4 2 3 3 6 4 4 0 6 8 1 4 4 4 4 5 2 2 3 3 3 1 1 4 3 4 2 5 5 2 3 5 6 4 1 3 7 4 4 1 2 3 2 1 3 3 1 6 2 8 5 2 8 1 1 2 2 7 2 4 1 3 3 3 1 1 2 1 1 1 1 2 3 3 1 3 0 5 1 3 5 10 3 4 5 3 2 1 1 2 1 0 3 2 2 0 1 0 1 1 1 3 3 3 1 2 4 5 4 2 1 3 1 2 2 0 3 2 5 3 3 2 3 2 1 2 5 4 6 3 3 5 14 17 81
TCG_A 24 5 8 7 1 2 3 0 0 0 1 0 0 2 1 0 1 1 2 0 2 0 1 2 1 1 0 3 0 1 0 0 1 0 0 0 1 0 1 1 2 1 0 0 0 0 0 1 2 0 0 0 0 0 0 1 0 0 2 0 0 0 1 0 0 0 1 2 1 0 0 0 0 1 1 1 1 1 0 0 2 0 0 0 0 0 0 1 0 0 0 0 0 0 0 2 0 0 0 2 1 1 0 0 0 0 0 0 0 0 1 0 0 0 1 0 1 0 0 0 1 0 0 0 1 1 0 1 1 0 1 0 1 0 1 1 0 0 0 0 0 1 0 0 0 0 0 0 1 0 0 0 2 0 1 0 0 0 0 0 0 0 0 0 0 1 0 0 0 0 0 1 0 0 0 0 0 0 0 0 0 1 0 0 0 1 0 0 1 0 0 0 0 0 0 0 0 1 0 1 0 0 1 3 4 24
TCG_G 25 11 4 4 4 4 3 3 0 1 1 2 2 1 2 1 0 1 2 1 2 1 1 1 4 0 1 0 1 0 1 2 1 0 2 0 1 1 2 1 0 0 1 2 0 2 0 0 0 0 0 1 0 0 0 0 1 2 1 1 0 0 2 0 0 1 2 0 0 0 0 0 0 2 1 0 1 0 1 0 2 0 0 1 0 0 0 2 1 1 1 0 0 0 1 0 0 1 0 1 0 0 0 1 0 0 0 1 0 1 2 1 0 2 0 0 0 0 0 0 1 0 0 0 1 0 0 2 0 0 0 2 0 0 1 0 0 2 0 0 0 1 0 0 0 0 1 0 0 1 0 0 1 0 0 0 0 0 0 0 0 0 1 0 2 1 0 0 1 1 0 0 1 0 1 1 0 0 0 0 0 1 0 0 0 2 0 0 2 0 0 0 0 2 1 0 0 1 1 0 1 1 0 0 0 17
TCG_T 595 176 113 89 51 46 53 34 27 35 17 29 19 20 25 21 23 25 17 19 15 15 16 13 27 25 20 8 9 16 15 11 5 18 8 10 7 11 9 13 9 9 6 10 16 12 10 7 6 12 12 5 8 10 10 11 10 3 5 4 4 8 9 13 9 9 7 12 9 5 9 3 5 3 9 10 9 13 11 4 12 10 6 0 4 4 6 9 5 9 8 3 0 4 6 7 4 11 3 4 9 6 4 9 7 7 8 5 2 6 5 2 8 5 4 4 5 10 3 5 0 4 5 10 10 2 7 4 4 9 5 6 6 2 4 3 4 2 4 3 3 2 2 3 2 1 2 4 1 5 6 2 3 7 2 3 4 4 2 7 1 5 2 5 3 7 2 2 8 2 4 3 4 2 0 6 6 1 3 3 4 4 7 3 9 4 1 1 7 3 0 5 3 4 3 4 7 5 3 5 4 3 7 10 25 170
TCT_A 77 29 22 9 4 9 7 5 3 6 3 6 3 6 6 3 1 10 5 3 4 3 4 5 1 2 2 4 3 1 3 1 3 4 3 2 0 3 0 3 1 4 2 4 2 1 0 3 0 0 0 1 1 1 2 3 0 1 1 0 1 1 2 1 2 1 0 1 0 3 1 0 1 0 0 2 1 0 0 2 1 1 1 1 0 1 0 2 1 0 0 1 2 1 0 0 1 1 0 0 0 1 0 1 1 0 0 2 0 2 1 2 2 1 0 0 1 0 2 0 1 0 2 2 1 1 1 0 1 1 1 0 2 0 1 1 0 0 0 1 1 1 1 0 0 0 1 0 1 1 0 0 1 1 2 1 0 0 0 0 1 0 1 0 1 1 0 0 1 1 2 0 0 0 0 2 0 1 0 1 0 1 0 0 2 1 1 0 0 0 0 0 1 2 0 2 3 1 1 2 1 3 1 0 8 33
TCT_G 141 53 31 25 14 20 10 9 9 9 9 12 2 6 9 7 10 6 7 3 3 5 6 3 5 8 5 9 4 4 3 2 4 9 8 2 2 0 4 7 2 1 5 2 1 4 6 2 1 2 2 3 2 0 4 3 0 2 3 2 1 2 2 1 1 5 2 3 1 1 3 5 0 2 3 5 5 5 2 4 2 2 3 2 2 1 1 2 2 1 1 0 1 1 4 3 2 1 1 3 3 3 4 1 2 0 3 4 4 1 2 0 0 0 1 1 2 3 1 2 0 3 3 2 0 1 3 5 1 3 1 3 1 2 2 1 2 0 2 1 1 0 3 1 0 0 2 2 2 1 4 0 2 1 2 2 0 1 0 0 1 2 3 2 1 0 1 1 1 0 0 4 0 2 4 1 0 2 1 3 0 0 0 0 0 0 2 2 3 1 4 0 1 0 3 3 1 3 1 3 4 1 2 1 9 71
TCT_T 222 90 61 34 20 20 20 19 6 15 9 9 10 9 4 6 7 10 12 5 4 9 13 6 3 10 6 8 10 6 4 7 3 9 8 5 10 5 3 4 3 3 4 4 2 5 3 2 7 4 2 3 5 4 3 2 3 2 3 5 6 3 3 4 1 4 3 2 6 2 4 1 4 3 5 2 4 5 3 3 4 4 1 4 0 5 3 3 2 3 2 2 2 4 4 2 2 2 1 5 3 4 4 0 1 4 4 1 3 3 1 1 2 2 1 1 1 0 1 3 4 3 0 6 5 0 0 5 3 3 4 3 3 2 1 3 1 3 4 3 3 2 3 2 1 0 1 1 1 3 4 4 1 3 3 3 1 0 3 1 0 2 3 1 2 2 0 3 2 4 3 2 2 1 3 0 2 1 2 4 1 4 0 4 2 1 2 0 3 2 5 4 1 3 0 0 1 4 2 3 1 5 5 5 13 98
TGA_A 234 105 42 34 16 25 18 21 12 11 13 8 9 11 12 11 3 5 5 11 6 8 8 8 3 5 2 5 4 6 2 5 6 10 4 1 2 4 0 7 5 4 5 2 0 3 6 3 4 7 5 6 4 4 5 1 3 1 7 4 3 3 1 5 2 3 2 5 4 3 6 0 4 2 1 5 4 2 3 0 6 1 2 1 2 2 3 4 2 4 4 1 5 4 2 4 2 1 1 5 3 2 5 1 3 4 2 2 5 3 1 2 4 3 0 0 3 3 0 5 3 1 0 6 7 1 0 4 2 1 2 3 2 0 1 0 1 1 0 1 2 0 4 3 3 4 1 1 2 2 3 4 2 3 1 2 1 0 3 1 1 1 2 4 2 0 2 2 1 2 3 4 3 2 3 1 0 0 0 2 2 2 2 5 3 5 0 1 4 3 1 5 3 2 2 3 0 1 1 7 3 3 3 7 9 93
TGA_C 72 30 18 11 8 5 7 3 5 4 3 3 3 2 4 1 2 5 2 1 0 3 1 3 1 2 5 3 0 2 2 0 4 3 2 0 1 5 0 2 1 1 1 0 0 2 1 0 1 2 3 1 2 0 3 2 1 1 0 1 2 2 4 1 0 0 2 0 1 1 1 1 1 2 0 1 1 2 0 2 0 2 3 0 1 1 1 5 1 0 3 0 3 0 3 1 1 1 2 1 1 1 2 0 0 1 2 2 1 0 0 2 1 1 1 0 0 1 1 2 1 0 2 0 0 0 1 0 1 0 0 0 1 0 0 1 0 0 0 1 1 1 0 0 0 0 0 0 1 2 1 0 1 1 1 1 1 1 1 1 1 1 1 0 3 0 1 0 1 0 2 1 3 0 1 1 1 0 0 1 1 0 0 0 1 2 1 0 1 0 1 2 0 0 0 0 0 1 0 0 0 2 0 1 2 30
TGA_T 55 24 11 12 5 8 8 0 4 2 4 6 1 1 2 4 6 0 3 2 1 1 3 0 3 1 2 0 3 2 1 2 0 1 1 2 0 1 0 0 0 0 0 1 1 2 1 0 0 0 2 2 3 1 0 0 0 1 0 0 1 0 0 1 1 1 1 0 1 0 0 0 2 1 1 0 2 1 1 0 1 1 0 0 0 2 0 0 0 0 1 0 3 0 1 0 0 0 1 3 1 0 2 1 0 1 1 0 0 1 0 0 0 0 0 0 0 0 0 0 1 0 0 1 0 1 1 0 2 0 1 0 0 0 0 0 1 0 1 0 1 0 1 0 0 1 1 0 1 0 1 0 0 0 0 2 0 0 1 0 1 0 0 0 0 0 0 0 0 0 1 2 0 0 0 0 0 0 0 0 1 0 1 0 1 0 0 0 2 1 1 0 0 0 0 1 2 1 0 1 1 0 2 0 0 14
TGC_A 227 73 61 36 32 20 20 24 15 12 11 11 7 16 8 14 6 11 7 7 7 8 7 6 4 8 7 6 7 3 9 8 9 9 8 3 2 5 5 7 4 2 6 2 2 3 6 2 4 7 3 3 9 1 4 2 3 1 1 2 2 0 3 5 2 3 4 4 3 3 3 2 3 3 3 6 11 1 8 3 6 3 2 1 5 8 5 2 1 2 8 2 1 3 2 2 2 5 2 3 2 3 2 3 1 3 1 6 2 5 2 1 1 2 3 1 0 1 4 1 3 2 3 5 4 0 3 2 4 5 2 2 3 0 2 2 0 1 3 3 1 6 1 2 0 0 4 2 4 1 2 2 1 3 4 1 3 1 2 1 3 3 2 0 1 3 1 3 1 1 0 2 0 2 0 0 5 0 1 2 1 3 2 2 1 4 2 2 1 0 2 2 1 3 0 2 4 1 2 4 4 4 4 6 9 89
TGC_C 43 25 11 8 4 6 3 3 4 6 2 3 5 1 4 1 1 0 0 3 5 3 2 1 3 4 3 0 1 1 0 2 0 1 2 4 1 2 1 0 2 1 0 0 1 2 0 0 1 1 0 1 1 1 1 0 1 0 0 2 0 1 0 1 1 2 1 0 1 1 0 1 1 0 1 1 2 0 1 1 2 2 0 1 0 2 4 1 1 0 1 1 2 2 1 0 1 3 0 0 0 1 3 0 3 2 0 0 0 0 0 2 1 4 1 1 2 1 2 0 0 0 0 0 0 0 1 1 0 0 0 0 0 2 0 0 1 0 1 0 1 0 0 0 1 1 1 0 0 0 2 2 1 0 0 2 2 0 0 0 0 1 0 0 1 0 1 0 2 0 0 4 0 1 0 0 2 0 2 1 0 0 0 0 1 0 1 0 0 0 0 1 0 1 0 1 1 0 1 0 1 0 1 0 4 15
TGC_T 88 26 18 16 14 2 4 6 6 8 2 6 5 3 0 2 3 8 3 2 2 4 2 0 1 5 0 5 2 4 2 4 3 2 0 3 2 4 1 1 2 2 1 2 1 2 1 1 2 1 0 1 0 0 1 1 1 1 1 1 0 1 3 3 3 1 1 2 0 2 0 1 1 0 1 0 3 1 0 1 1 2 1 3 2 0 0 0 0 1 0 0 1 0 1 2 1 1 0 1 0 2 1 0 1 3 2 2 3 0 0 0 2 1 0 0 0 0 1 2 0 0 2 0 0 0 3 1 1 1 1 0 0 1 2 0 1 1 0 1 2 0 2 2 0 1 1 0 0 1 3 0 0 1 0 1 1 2 1 2 2 0 0 1 0 0 1 0 1 0 0 2 1 1 1 1 5 0 0 0 3 3 1 2 2 0 1 2 1 0 1 3 0 1 1 0 1 1 1 2 2 2 2 1 6 37
TGG_A 279 117 58 40 36 23 25 24 19 15 11 20 15 15 13 10 16 11 9 12 7 11 8 9 15 7 13 10 13 11 7 7 8 12 7 5 3 10 4 6 12 5 8 5 2 8 12 7 7 5 7 6 12 3 5 3 2 4 3 3 1 6 6 1 5 8 4 6 6 5 5 5 6 6 3 4 8 2 2 0 2 1 4 4 5 8 5 5 2 1 5 10 4 6 2 4 5 2 3 7 3 4 5 5 1 4 5 5 3 10 4 4 2 4 7 1 3 2 2 1 3 4 2 1 7 1 3 4 5 0 3 4 4 0 3 2 4 3 0 0 7 0 1 5 0 4 1 1 4 1 2 3 3 3 4 5 2 0 4 0 2 2 3 6 3 4 1 1 4 2 6 3 1 0 0 4 2 1 2 3 1 1 2 3 3 2 3 2 2 2 6 3 1 10 3 2 0 4 4 6 5 7 6 6 12 139
TGG_C 66 27 24 14 8 4 10 5 3 6 3 2 3 4 2 3 5 4 6 3 1 1 1 3 2 3 0 4 3 3 4 5 1 3 3 2 1 0 3 0 0 2 2 3 1 0 1 3 3 1 4 1 0 0 0 0 0 1 1 0 0 2 1 2 0 2 3 1 5 2 0 0 0 0 4 3 1 0 0 4 0 0 1 1 0 2 0 1 2 1 2 0 0 3 1 1 1 0 2 1 0 0 0 1 2 1 3 3 1 2 1 0 2 0 1 0 2 0 0 0 0 1 1 1 2 2 0 0 3 1 0 1 0 0 0 2 1 2 0 0 0 0 1 0 1 0 0 2 0 1 1 0 0 1 3 1 1 0 1 0 0 1 0 0 0 0 2 0 0 0 1 1 0 0 0 0 3 1 1 1 0 1 1 0 0 1 0 0 2 0 1 2 0 1 2 0 2 1 3 0 1 1 1 2 4 35
TGG_T 78 31 20 10 4 3 7 7 4 2 3 2 3 1 6 5 1 3 4 2 3 2 4 3 3 1 3 2 2 3 5 4 1 2 1 1 2 1 1 2 1 1 4 0 1 2 3 1 2 2 4 1 2 3 3 3 2 1 0 0 1 2 2 3 2 1 3 2 2 0 2 1 0 1 0 2 2 2 1 2 3 4 2 0 0 2 2 2 0 0 1 2 1 1 0 0 1 2 0 2 2 0 0 1 2 1 1 0 1 0 2 2 0 2 0 2 0 2 0 1 1 1 1 3 0 2 1 2 2 1 0 1 1 0 2 0 0 1 1 0 0 0 2 1 0 0 0 1 1 0 1 1 0 0 1 4 0 0 0 0 0 0 0 0 2 0 1 0 1 0 1 2 0 1 1 1 1 0 1 0 0 2 0 0 0 0 0 1 2 1 1 0 0 0 0 1 0 0 1 1 0 2 2 2 4 39
TGT_A 333 144 72 37 39 31 22 24 27 25 14 12 20 21 15 16 6 13 13 16 10 8 13 11 14 13 8 7 20 8 9 8 5 9 15 7 12 11 10 5 5 8 3 6 11 10 11 4 7 8 3 11 3 8 6 10 6 1 4 7 3 6 8 9 2 6 8 3 8 8 7 2 2 8 8 7 3 5 6 9 10 8 6 4 3 5 11 4 5 4 4 10 4 3 5 7 6 9 2 7 4 7 7 1 3 4 4 9 9 2 5 5 2 4 5 4 1 1 5 0 2 4 2 3 4 3 2 8 3 4 3 3 3 1 5 3 0 4 4 2 3 5 4 3 0 3 3 3 4 1 1 2 2 6 3 2 2 6 4 3 3 5 2 5 2 1 4 3 2 2 8 3 4 3 2 3 4 3 1 5 6 2 5 3 4 4 2 4 2 4 1 6 1 8 3 4 4 4 6 4 6 6 5 4 23 221
TGT_C 80 21 11 14 8 9 8 11 3 6 5 6 3 7 3 4 5 0 2 1 6 3 4 3 3 3 3 2 1 2 4 3 1 3 6 1 5 1 0 2 2 2 0 2 2 1 2 1 1 0 2 2 2 3 2 1 1 2 1 1 2 1 0 4 1 0 1 1 2 1 2 2 1 4 2 2 1 0 1 0 3 0 1 5 2 1 0 1 1 0 1 2 0 0 0 3 1 1 1 2 2 2 1 1 1 1 1 3 1 1 0 2 1 1 1 1 2 0 0 0 0 1 1 4 1 1 1 3 1 0 0 1 0 1 0 2 0 0 2 1 0 1 1 1 1 0 1 0 2 1 1 2 3 1 0 1 0 0 2 2 1 0 2 0 1 0 1 1 1 0 0 1 1 1 1 0 0 0 1 0 1 1 0 0 1 2 0 1 1 0 1 1 1 1 1 0 1 3 1 2 2 2 0 1 5 50
TGT_T 78 45 23 16 11 6 17 6 4 5 4 5 3 5 2 0 1 1 2 5 6 4 2 4 5 2 3 3 2 1 5 3 2 1 1 3 2 1 1 2 2 5 3 3 1 1 6 1 1 2 3 1 3 1 0 1 1 1 0 2 4 3 1 0 1 1 1 0 0 4 2 2 1 0 2 0 1 1 5 2 1 2 1 3 1 2 1 4 1 1 1 2 1 3 0 0 1 2 0 4 1 2 2 0 2 2 1 1 3 1 3 0 0 3 0 0 0 1 4 2 1 1 0 2 0 2 1 2 4 0 1 1 0 0 1 0 2 3 1 1 0 1 0 2 2 1 0 1 2 0 0 2 0 0 0 1 0 2 1 1 0 0 5 2 2 0 0 2 0 0 0 3 0 0 2 3 1 0 0 1 1 2 1 4 0 2 0 1 2 1 1 2 0 3 0 3 0 0 0 0 2 3 4 3 4 44
TTA_A 51 25 17 8 12 5 7 2 5 6 2 4 5 3 3 5 4 2 4 0 2 3 1 3 3 2 1 2 1 0 1 2 1 1 4 2 6 2 0 0 4 2 2 1 5 2 2 2 3 0 2 0 0 1 1 0 2 1 1 1 3 0 1 1 0 1 3 0 1 1 0 0 2 1 4 1 3 1 0 0 2 0 2 0 0 1 0 0 0 3 2 1 1 0 2 0 2 1 2 1 0 2 1 2 1 1 0 3 0 2 0 1 2 2 0 0 0 0 0 0 0 0 0 3 0 1 0 1 2 2 3 1 2 2 1 0 1 0 0 1 2 0 2 0 2 0 0 0 1 2 2 0 0 2 0 0 0 0 1 1 0 3 1 2 1 0 0 1 1 0 1 0 0 1 1 0 0 2 0 2 0 0 1 1 1 1 1 0 2 1 0 0 1 1 2 1 2 1 2 2 3 2 2 7 11 96
TTA_C 126 44 30 18 14 18 10 6 12 9 6 4 5 8 4 3 3 4 7 7 3 7 6 2 7 2 3 4 4 4 2 8 3 3 7 2 2 1 0 3 1 1 6 1 3 2 3 7 2 0 2 3 1 1 3 0 3 3 5 1 0 1 1 1 3 1 5 0 1 1 3 3 1 0 2 0 1 3 2 5 2 1 4 1 1 1 4 3 2 0 0 3 0 2 0 4 1 3 0 4 3 4 2 1 2 2 0 4 3 2 1 2 1 1 0 1 0 3 2 1 2 2 2 2 1 0 3 0 4 1 1 5 1 0 2 2 1 1 1 2 4 0 4 1 0 2 3 0 2 1 1 0 1 0 0 3 2 2 0 2 0 0 1 0 1 2 0 0 2 2 0 1 2 2 2 1 1 2 1 0 0 1 1 0 1 0 1 1 1 0 0 0 3 2 2 0 2 2 2 3 1 4 0 5 12 80
TTA_G 32 19 10 4 3 5 2 2 4 3 1 1 4 1 1 0 0 2 1 2 0 0 0 0 2 0 1 1 1 2 0 0 1 0 1 2 1 4 0 0 0 2 1 2 1 1 0 2 1 0 1 0 1 1 0 2 1 0 1 1 1 1 0 0 1 2 2 1 1 0 1 0 0 1 2 1 0 1 3 1 2 0 1 1 0 0 0 1 0 1 0 1 0 1 0 1 0 1 0 0 0 1 1 0 1 0 0 0 0 0 0 1 0 1 2 1 0 0 0 1 0 0 0 2 1 0 0 1 0 0 1 0 1 0 1 1 0 0 0 0 0 2 0 1 0 0 0 1 0 0 0 0 1 0 0 0 0 2 1 1 0 1 2 1 0 0 0 0 0 0 0 0 1 3 0 0 2 1 0 1 1 0 2 0 1 8 0 1 0 1 0 1 0 1 0 0 0 3 0 2 2 2 2 1 5 24
TTC_A 18 10 6 3 4 1 4 2 1 2 0 0 0 0 2 2 0 0 0 0 1 0 2 1 1 1 1 1 0 0 2 0 0 0 1 0 1 1 0 1 0 0 0 1 0 0 0 0 0 0 1 1 2 0 1 0 3 0 0 0 1 0 0 0 0 0 1 0 0 0 0 0 1 0 0 0 1 1 2 0 0 0 1 0 0 0 1 0 0 0 0 0 1 0 0 1 0 0 0 1 0 0 0 1 0 1 0 1 0 0 0 0 0 0 0 0 2 0 1 0 0 0 0 0 0 0 0 1 1 1 0 0 1 0 1 0 0 0 0 0 0 0 0 0 0 0 0 0 2 1 0 0 0 0 1 0 0 0 0 0 0 0 0 0 0 1 0 1 0 0 1 0 0 0 1 0 0 0 0 1 0 0 0 0 0 2 0 0 0 1 0 1 0 0 0 0 0 0 0 0 1 1 0 0 1 10
TTC_C 89 43 18 12 17 8 12 8 9 10 7 2 2 7 6 5 0 5 1 6 6 5 1 3 3 5 4 3 5 1 4 3 2 4 4 3 2 4 2 0 2 2 4 0 1 1 4 5 4 3 4 2 5 4 2 2 2 2 2 2 2 3 1 2 2 1 1 2 1 1 3 0 2 1 0 1 2 1 1 2 1 2 2 0 2 2 0 1 0 2 0 1 2 1 2 0 2 1 1 1 4 2 1 1 0 2 0 2 4 2 0 0 1 1 1 1 1 0 1 0 0 1 1 2 1 3 0 0 2 4 0 0 1 1 2 1 0 2 1 0 0 2 0 1 1 0 2 3 0 2 2 1 3 2 0 2 3 0 1 2 1 1 1 0 2 1 0 1 0 0 1 2 1 1 2 3 2 2 0 1 2 2 0 0 2 2 2 2 1 1 5 3 0 2 1 0 1 0 2 0 2 2 3 4 8 77
TTC_G 28 17 12 3 6 7 6 2 3 2 1 2 3 1 2 1 1 3 1 0 2 1 3 2 0 1 1 1 3 1 1 0 0 1 2 0 0 1 0 0 1 0 0 2 0 2 1 0 1 1 1 0 1 0 1 0 1 0 1 2 3 0 1 1 0 1 0 1 1 1 0 0 0 0 2 1 0 1 0 0 2 1 1 0 2 1 0 1 0 0 0 2 0 1 1 1 1 0 0 2 2 0 1 0 0 0 0 0 0 1 1 1 0 0 1 1 0 0 0 1 0 1 0 2 1 0 1 1 0 0 0 0 0 1 1 0 1 0 0 0 2 0 2 1 0 1 0 0 0 0 0 0 1 0 1 1 0 0 1 1 0 1 1 1 0 0 0 1 0 0 0 1 0 0 0 0 1 0 1 0 0 1 1 0 0 1 0 1 2 0 0 1 0 1 1 1 1 0 0 0 3 2 1 0 3 24
TTG_A 19 11 7 6 1 2 3 3 1 2 1 3 0 2 1 1 0 1 1 0 1 1 0 0 2 1 0 0 0 0 0 0 0 0 0 0 0 2 0 0 0 2 0 0 1 2 1 0 1 0 0 0 0 0 1 1 2 0 0 1 0 0 1 0 1 1 0 0 0 0 1 0 1 0 0 0 0 1 0 0 0 0 1 0 0 0 2 2 0 0 0 0 0 0 0 0 1 0 1 0 1 0 1 2 0 0 0 0 0 0 0 0 0 0 1 0 0 0 0 0 0 1 1 0 0 1 0 0 1 1 0 0 0 0 0 1 1 2 0 0 0 0 0 1 0 1 1 0 0 0 0 0 1 0 1 1 0 0 0 0 1 0 1 0 0 0 1 0 0 0 2 2 0 0 0 0 0 1 0 0 0 0 0 0 0 0 0 0 0 1 0 1 0 0 0 1 0 1 1 0 0 2 0 0 0 8
TTG_C 160 55 28 21 14 15 20 14 16 8 5 6 8 8 8 8 3 4 4 4 7 3 1 3 7 3 5 6 4 3 3 3 5 4 6 7 3 1 5 6 4 2 6 3 4 3 3 1 5 0 5 4 2 3 7 5 4 0 5 0 4 1 6 3 2 3 1 4 2 4 0 0 1 2 5 3 1 2 6 0 11 5 0 3 0 0 0 3 0 2 0 1 2 4 2 1 0 5 6 2 3 2 1 5 2 3 5 4 4 2 0 3 2 2 1 3 1 0 0 2 3 2 1 2 5 2 4 2 2 2 1 1 0 2 1 2 1 5 6 3 2 0 1 3 4 4 0 2 3 1 2 0 2 3 2 3 2 6 1 4 6 2 2 0 3 2 0 1 4 3 5 1 6 4 2 2 0 3 1 3 2 1 1 4 4 0 2 5 3 3 2 3 2 3 0 4 1 6 2 6 4 4 8 10 53 542
TTG_G 63 20 19 5 7 8 7 7 5 4 6 5 2 1 0 2 4 4 4 4 1 1 2 1 4 2 2 3 2 0 4 3 3 5 1 2 2 1 1 1 0 1 2 3 3 0 3 3 2 0 1 1 0 2 2 0 1 2 2 0 4 1 2 2 1 0 0 1 2 0 2 2 2 1 4 2 1 0 0 1 0 1 0 0 2 0 2 2 1 0 1 1 0 1 0 2 1 0 0 1 1 1 0 2 0 0 0 0 1 1 0 0 0 0 0 2 0 0 0 0 1 1 1 1 0 1 0 0 1 1 1 0 1 2 0 0 0 1 0 0 0 0 1 0 0 1 0 1 0 0 0 0 2 2 2 0 0 1 0 0 0 0 1 1 0 3 1 1 1 1 2 3 0 0 0 0 2 1 1 0 1 0 1 1 0 2 0 1 0 0 0 0 0 0 1 0 2 1 0 2 1 0 0 3 6 38
TTT_A 73 26 12 9 9 6 3 5 6 5 3 3 3 4 3 2 4 1 4 3 3 1 1 2 2 3 6 2 0 1 0 2 1 2 1 0 3 1 0 3 4 0 2 0 0 1 0 2 1 1 1 1 0 0 0 2 1 1 0 0 0 0 2 1 1 2 0 0 0 4 0 0 0 1 1 0 1 1 3 1 0 1 1 2 1 0 0 1 0 0 0 1 0 2 0 0 1 1 0 2 0 0 0 0 0 1 0 2 0 0 1 0 1 1 0 2 1 0 0 0 0 1 0 0 1 0 1 1 0 2 0 2 1 0 1 0 0 1 1 1 0 1 2 0 2 0 1 0 0 0 1 0 2 1 0 1 0 1 0 0 0 0 0 2 0 0 0 0 0 0 0 2 0 0 1 0 2 0 0 1 1 0 3 1 0 0 2 0 1 0 0 1 2 0 0 0 1 3 4 0 2 1 1 1 2 29
TTT_C 190 61 42 21 20 15 19 18 13 7 8 14 8 13 17 11 4 8 9 8 1 8 11 5 4 4 8 5 3 6 4 4 5 4 2 2 4 8 2 4 1 5 3 7 6 6 6 2 7 3 4 1 4 2 7 1 4 3 2 2 3 0 6 2 3 4 4 4 1 7 6 2 1 4 2 3 4 5 7 1 8 4 3 6 3 1 3 2 2 6 1 1 2 1 4 7 0 3 2 4 4 2 6 1 3 2 5 1 5 5 3 3 0 1 3 0 0 3 4 2 3 1 4 3 4 2 0 5 2 5 4 2 1 3 2 0 2 1 4 1 1 4 2 1 1 3 1 3 2 3 2 1 3 0 1 3 2 0 0 2 1 1 3 1 3 3 0 2 3 2 1 0 2 0 1 0 3 2 1 3 0 0 3 3 2 2 2 2 2 2 2 5 0 0 0 5 3 2 4 6 5 1 4 5 12 76
TTT_G 110 53 23 17 14 14 9 11 11 4 4 5 6 5 6 6 4 6 2 8 4 3 5 5 8 5 2 5 3 2 2 2 4 5 1 0 1 1 2 1 3 4 3 2 2 5 0 2 1 4 3 3 2 3 2 1 1 1 2 1 1 2 3 1 0 0 0 1 1 6 0 2 1 0 0 2 1 2 2 2 3 1 1 0 0 3 3 0 3 2 2 2 0 2 0 1 3 2 1 3 1 4 0 0 4 2 0 0 0 1 0 0 0 1 4 4 3 1 1 2 0 1 3 3 2 0 1 0 3 1 2 3 2 1 1 0 0 1 1 3 0 2 2 0 1 0 0 1 1 0 1 1 0 1 2 2 0 0 0 0 0 0 2 0 2 0 0 1 1 1 1 0 2 0 0 1 2 2 1 0 3 2 0 1 2 1 1 0 0 0 1 1 2 1 0 1 1 3 1 2 1 1 2 3 8 59
