Mut 1 2 3 4 5 6 7 8 9 10 11 12 13 14 15 16 17 18 19 20 21 22 23 24 25 26 27 28 29 30 31 32 33 34 35 36 37 38 39 40 41 42 43 44 45 46 47 48 49 50 51 52 53 54 55 56 57 58 59 60 61 62 63 64 65 66 67 68 69 70 71 72 73 74 75 76 77 78 79 80 81 82 83 84 85 86 87 88 89 90 91 92 93 94 95 96 97 98 99 100 101 102 103 104 105 106 107 108 109 110 111 112 113 114 115 116 117 118 119 120 121 122
AAA_C 247 144 74 53 51 42 32 20 28 25 21 14 18 7 9 10 16 9 12 12 5 5 9 3 6 5 8 7 7 10 4 5 8 5 5 4 6 2 4 11 2 4 5 4 3 5 1 3 3 5 4 1 2 4 4 5 2 5 4 2 1 2 0 6 0 2 1 4 2 0 1 3 1 1 0 3 2 1 4 2 3 2 3 2 2 3 1 3 4 4 2 2 1 4 1 0 3 1 4 2 1 3 4 1 0 2 6 3 1 2 3 1 6 2 0 4 4 2 5 6 7 23
AAA_G 418 206 140 91 60 61 44 55 29 31 36 23 24 16 15 13 18 19 23 17 18 10 14 11 12 9 10 16 14 7 10 7 9 10 7 14 12 9 7 10 12 3 5 5 6 4 4 4 9 3 4 3 14 7 1 5 5 4 7 5 5 5 1 4 5 6 1 4 7 6 1 5 4 2 5 1 5 5 1 2 3 5 3 2 2 3 4 5 2 9 4 3 5 3 3 4 5 1 4 2 3 2 5 4 4 7 2 6 2 3 2 1 6 5 6 4 5 4 8 6 10 44
AAA_T 143 71 41 29 27 15 16 10 14 12 7 5 8 6 8 7 4 7 5 10 7 5 8 3 6 4 2 4 5 2 3 0 3 6 4 2 1 3 4 7 2 1 0 2 2 2 4 4 4 3 1 3 5 4 2 2 1 1 0 2 2 1 0 0 1 2 1 0 1 2 1 3 0 2 1 0 0 1 0 1 0 2 0 1 2 0 0 3 2 0 2 0 0 1 1 1 1 4 2 0 1 1 4 1 2 0 1 0 2 1 1 3 1 0 0 1 2 2 2 0 7 19
AAC_C 100 52 31 23 12 11 12 9 8 6 3 2 2 5 4 6 3 2 4 3 3 3 2 1 2 1 2 1 2 1 1 0 1 0 2 3 1 2 1 1 2 0 2 0 3 1 1 0 3 1 0 0 0 1 1 1 3 2 0 1 1 1 3 0 0 2 1 2 0 0 0 3 0 1 2 0 1 0 0 2 0 2 0 1 1 1 2 0 0 1 0 1 1 0 0 0 0 0 1 2 0 2 4 0 2 0 0 0 1 0 0 2 2 1 0 1 2 1 1 1 1 19
AAC_G 309 155 100 53 45 42 33 35 38 27 13 25 14 17 11 15 11 18 11 7 15 8 12 13 12 6 11 8 7 4 6 4 3 7 3 2 10 7 4 10 9 0 3 7 7 3 6 5 6 5 3 3 2 5 2 5 4 5 3 5 2 4 3 2 5 4 5 5 2 3 0 3 3 7 3 2 2 2 2 5 1 1 0 1 3 2 1 0 5 2 2 2 3 3 6 2 3 2 5 3 2 1 4 3 3 1 1 4 3 4 1 1 0 5 5 4 3 7 2 5 6 40
AAC_T 60 38 18 19 16 14 11 8 7 2 3 4 0 1 2 2 4 2 2 0 3 2 1 4 1 2 2 6 2 1 1 1 1 2 1 0 0 1 1 0 1 2 1 0 0 2 1 1 0 4 1 0 0 1 0 1 0 1 0 1 1 0 2 2 0 0 0 1 2 0 0 1 0 1 0 1 2 0 0 2 0 0 0 0 1 0 0 2 1 0 0 1 0 0 1 0 0 1 0 1 0 0 2 0 1 4 0 1 1 0 0 2 4 0 1 0 0 1 1 1 2 5
AAG_C 109 65 40 24 22 12 18 19 9 5 4 8 7 4 6 2 3 5 2 5 2 4 2 4 4 3 4 3 4 1 1 2 1 1 1 1 5 3 0 2 4 0 0 0 1 2 2 3 0 2 2 2 1 2 0 0 0 0 1 0 3 2 1 1 1 1 0 1 0 4 0 2 2 0 1 3 2 1 1 0 0 0 0 0 0 0 1 0 1 1 1 2 0 0 0 1 0 0 0 1 0 0 0 0 0 1 1 3 2 0 0 0 1 0 0 0 1 0 3 3 3 6
AAG_G 322 187 97 63 57 34 43 26 34 18 27 8 13 21 15 14 16 8 11 12 14 7 8 7 9 7 17 6 9 6 13 6 9 9 6 7 5 3 4 9 6 10 4 5 5 4 2 4 3 4 5 7 5 3 3 4 4 2 4 0 2 3 3 3 3 2 1 6 3 3 3 4 5 0 2 3 3 5 2 2 0 3 4 4 2 2 4 2 4 6 3 3 2 3 4 0 1 4 4 2 2 3 3 3 6 3 4 5 2 3 2 4 5 5 3 7 5 7 5 7 16 53
AAG_T 86 23 23 10 16 8 4 6 4 9 8 6 5 7 2 4 6 1 3 2 5 0 3 0 1 2 2 1 1 2 1 3 2 2 1 2 3 0 0 1 1 1 0 2 1 2 1 1 0 0 1 1 0 0 0 2 0 0 2 0 1 1 1 0 2 2 0 0 0 2 0 1 0 0 3 1 1 1 0 0 1 1 1 0 1 1 1 0 0 0 0 0 0 0 0 0 0 1 0 0 1 0 0 0 0 0 0 0 1 0 0 1 2 0 1 2 0 2 3 2 2 8
AAT_C 102 65 29 23 19 11 18 6 10 11 8 4 4 0 3 4 5 2 3 3 4 4 3 2 2 2 1 5 2 3 1 3 1 6 2 0 1 0 0 1 0 0 1 2 3 1 1 1 0 2 0 2 2 2 0 1 0 1 1 1 0 0 3 3 0 0 0 1 2 1 0 3 0 2 0 0 1 2 0 0 1 1 1 1 1 2 1 1 3 1 0 1 0 0 2 0 5 0 0 1 2 0 1 1 0 3 1 0 2 1 4 3 0 0 1 1 1 2 1 0 3 6
AAT_G 672 326 192 138 108 97 75 51 72 39 42 43 33 39 21 38 31 21 35 19 23 16 17 19 10 29 13 12 14 10 15 6 14 8 11 17 19 13 11 22 7 14 13 13 15 14 6 7 10 10 11 7 8 13 9 13 9 9 6 6 6 7 8 7 4 3 10 3 4 7 5 6 4 1 8 4 7 2 7 2 8 7 2 4 7 4 3 7 5 2 3 7 3 1 3 8 6 2 6 4 3 3 5 10 2 4 7 4 12 7 5 12 3 7 6 7 5 13 8 13 21 51
AAT_T 127 66 51 24 15 21 18 12 4 9 7 4 12 5 5 7 3 5 6 5 3 3 2 1 2 4 3 7 1 2 0 1 2 2 1 3 2 2 2 2 2 1 1 0 4 0 4 3 3 2 2 1 3 0 1 2 1 2 0 3 2 0 0 2 1 0 1 0 1 1 0 2 2 1 0 0 0 1 1 1 1 0 3 0 0 0 0 1 2 1 0 0 2 1 1 1 1 0 0 0 0 0 0 1 0 3 0 0 1 0 1 3 1 0 1 3 2 5 0 9 5 28
ACA_A 230 109 62 47 28 33 23 25 15 12 14 12 11 12 14 9 5 10 7 6 6 8 8 9 6 3 1 2 3 5 5 1 4 3 0 5 3 1 2 7 4 3 3 3 2 4 1 2 0 2 3 2 2 1 1 2 0 3 1 2 5 4 0 1 1 0 1 7 1 2 5 1 1 3 2 2 2 2 1 0 3 3 0 4 2 1 0 1 3 2 3 1 3 2 1 2 1 1 1 0 0 0 1 2 2 2 1 0 2 1 1 1 2 3 2 4 3 5 3 2 11 29
ACA_G 210 114 60 42 34 22 26 21 16 19 10 9 14 11 12 12 8 5 10 6 6 7 10 11 6 6 8 6 3 2 3 1 4 1 2 7 2 2 5 3 4 4 5 3 3 2 3 4 1 3 2 2 1 1 1 7 1 5 0 1 4 1 1 0 3 0 0 2 3 2 1 0 3 2 0 0 1 1 1 0 0 1 2 1 2 2 1 3 3 2 1 1 0 0 1 3 4 1 1 1 4 1 1 2 2 1 0 1 1 4 2 1 3 4 4 5 1 3 5 3 7 23
ACA_T 784 397 250 168 123 101 96 79 60 62 42 40 47 34 37 17 40 33 22 26 23 21 30 17 17 19 24 11 10 19 13 12 17 7 14 5 13 12 6 12 10 10 7 8 11 15 7 5 14 9 8 9 9 3 8 11 5 11 7 4 5 10 5 7 2 12 4 6 3 4 6 7 6 9 2 10 9 11 9 5 3 3 4 8 1 1 9 6 8 4 6 2 2 6 4 4 10 5 9 5 9 6 5 7 8 10 3 6 4 6 6 6 5 11 5 11 7 12 8 28 40 132
ACC_A 292 138 83 55 58 43 28 24 20 15 16 15 13 14 9 6 11 7 12 6 6 8 7 6 8 8 3 8 5 8 12 3 8 3 1 3 3 7 6 3 6 1 7 5 3 7 1 3 2 2 3 7 2 4 3 1 4 2 5 2 1 2 6 4 4 3 2 3 2 4 1 3 0 2 3 1 1 0 7 0 2 1 2 4 2 3 1 0 1 1 3 2 1 3 0 3 1 2 2 3 0 0 1 2 4 0 0 0 2 0 2 2 1 1 2 2 4 3 6 6 8 24
ACC_G 174 70 44 36 22 17 14 14 11 14 12 7 7 12 3 8 7 10 11 3 2 4 5 1 5 4 2 4 2 4 3 2 3 3 4 1 2 4 2 2 0 1 1 5 2 3 2 4 3 2 0 0 0 0 1 3 1 1 5 1 3 0 1 2 0 0 5 0 0 2 1 1 3 4 1 1 3 2 1 2 3 1 1 1 4 2 1 1 2 1 0 2 2 1 1 2 2 2 1 3 1 0 2 2 0 1 2 1 3 3 1 0 1 1 2 2 2 3 4 6 3 14
ACC_T 634 295 168 121 96 82 66 52 51 46 30 35 39 30 26 28 29 15 22 25 16 18 11 11 15 18 12 8 15 12 11 8 6 6 7 7 8 7 6 6 7 1 8 11 7 7 6 7 10 6 4 7 8 8 6 8 3 1 4 7 5 4 8 7 5 1 2 5 6 5 4 4 7 2 5 3 1 3 2 5 3 4 4 2 1 4 4 3 4 3 2 2 2 4 2 4 3 3 5 1 2 2 3 2 6 6 2 2 5 4 7 8 1 6 2 4 6 6 6 6 15 40
ACG_A 91 54 24 16 11 9 14 11 4 7 13 2 4 4 6 4 3 4 3 4 7 6 2 2 5 4 0 4 1 3 0 2 4 1 2 1 0 1 2 0 1 1 1 2 1 0 1 0 2 3 0 1 1 1 0 1 0 0 1 0 1 0 1 0 1 0 0 1 1 0 3 1 0 0 0 1 3 0 0 1 1 2 2 0 1 1 3 2 0 2 0 0 0 1 0 0 0 1 0 0 0 0 1 2 0 2 1 0 1 1 1 0 0 1 0 0 2 0 1 1 2 6
ACG_G 64 34 14 13 9 4 11 5 6 1 6 6 7 3 2 5 2 4 2 2 3 1 1 1 0 1 3 3 1 3 0 3 0 1 1 1 0 2 0 1 1 2 2 0 1 5 1 2 0 2 1 1 0 2 0 1 0 1 1 0 1 0 1 1 1 0 1 0 0 1 0 2 2 4 0 1 0 0 1 0 1 2 0 0 1 0 0 0 0 0 0 1 1 0 0 0 1 1 1 0 1 2 1 0 1 4 1 0 0 0 0 0 2 0 2 0 1 0 0 2 4 18
ACG_T 1857 935 498 405 269 216 204 156 153 116 116 91 84 87 66 65 74 68 65 55 64 47 51 38 53 39 34 36 31 22 28 27 26 25 23 25 21 26 19 30 22 25 18 16 21 22 23 18 26 10 17 23 13 16 20 15 16 13 14 10 16 16 15 14 8 17 11 13 19 11 10 12 19 14 11 13 12 15 16 7 16 15 12 5 7 9 12 16 13 12 11 14 14 10 3 6 14 12 10 7 5 9 9 13 6 17 16 6 21 12 12 14 16 18 17 21 14 17 16 32 50 153
ACT_A 118 55 38 35 15 14 13 8 6 5 7 5 7 2 4 2 6 5 3 1 2 1 3 2 1 2 4 0 2 4 1 3 1 0 3 2 0 1 0 0 1 1 1 2 1 2 2 2 1 3 1 1 1 0 3 1 3 1 4 0 0 1 0 0 1 1 0 0 1 0 4 1 1 0 3 0 1 1 0 2 1 0 0 0 1 0 1 0 0 0 0 1 0 2 1 0 1 0 2 0 0 0 1 0 0 0 2 2 0 0 2 0 0 1 2 1 0 1 0 1 3 14
ACT_G 201 110 62 47 28 27 26 16 17 12 16 6 13 9 8 4 7 4 6 11 5 9 5 7 1 7 4 2 3 4 0 5 5 2 6 3 3 2 1 2 2 3 5 3 5 1 2 5 3 3 3 5 3 1 1 5 4 2 4 1 2 1 2 2 3 2 1 1 2 3 2 2 2 2 0 0 1 0 1 0 0 0 1 1 0 2 1 2 1 0 2 3 1 1 1 1 1 2 1 1 1 3 3 1 2 1 2 0 1 1 1 1 3 2 1 2 1 2 0 5 5 11
ACT_T 514 243 170 116 83 70 59 46 44 43 30 31 36 23 26 18 19 14 15 16 14 11 10 11 9 12 13 15 10 12 10 4 8 4 3 5 6 8 11 10 3 9 4 6 4 8 6 5 7 10 7 5 6 7 12 3 9 5 2 5 2 2 3 4 3 3 3 6 2 3 5 5 7 2 5 4 2 1 4 1 3 2 4 1 1 2 2 3 1 6 5 5 3 4 5 2 0 6 3 5 3 4 4 1 1 6 3 3 2 5 7 5 7 6 6 6 3 13 6 11 29 92
AGA_A 532 236 137 88 87 53 55 29 49 32 34 27 25 25 18 21 26 13 21 8 12 15 19 11 13 14 18 14 12 9 9 7 16 8 9 6 6 9 10 5 5 5 11 1 5 2 10 2 9 6 3 2 4 8 3 4 5 4 9 9 3 3 5 3 6 2 5 8 8 2 2 1 1 4 7 1 4 1 3 4 2 1 2 2 10 4 1 3 6 5 3 3 3 3 3 1 1 6 2 1 0 7 2 1 2 4 6 2 7 2 4 4 3 4 1 3 7 5 7 9 6 48
AGA_C 345 160 99 70 47 45 36 28 30 22 19 27 18 12 18 23 20 9 10 11 9 4 11 9 7 3 9 3 8 9 5 5 6 7 5 3 6 5 3 5 0 4 9 6 3 6 3 5 10 5 3 4 7 6 4 4 3 3 4 5 3 3 3 4 4 1 3 2 3 0 5 0 4 4 1 1 3 3 5 3 1 2 2 1 3 3 1 1 1 1 0 2 1 4 4 0 4 2 3 2 4 1 4 2 2 1 3 0 3 1 1 4 1 5 6 6 1 4 4 4 8 18
AGA_T 183 113 59 45 19 24 19 18 18 11 12 12 13 7 6 9 10 6 3 5 3 7 9 4 7 4 3 6 4 4 0 4 4 2 1 2 1 2 1 3 4 3 2 4 3 2 0 3 3 2 4 2 1 2 1 3 4 1 4 1 0 2 1 2 1 0 1 0 0 1 3 1 1 0 2 3 3 2 2 3 2 3 0 1 2 0 2 2 0 1 1 0 1 1 1 0 1 4 0 0 0 2 1 1 2 1 1 1 0 1 3 1 1 1 1 1 1 0 2 2 6 15
AGC_A 582 302 196 130 100 80 77 65 36 36 38 29 25 19 30 29 24 20 26 13 17 13 18 16 20 12 8 13 11 11 14 11 12 8 10 12 13 11 9 11 5 1 5 6 5 8 9 5 9 6 10 9 2 5 8 4 8 3 5 2 4 4 6 5 4 3 3 4 2 5 2 2 2 8 6 3 2 6 5 4 4 2 7 1 2 3 2 2 1 6 2 0 1 7 3 2 3 6 2 3 2 2 4 6 4 3 1 1 4 4 2 1 6 4 3 6 8 3 7 6 17 45
AGC_C 170 89 56 28 25 21 14 20 17 6 13 12 9 13 6 4 6 2 8 4 6 2 5 6 6 4 7 10 2 3 0 9 4 5 3 2 1 4 4 0 1 6 3 1 1 2 3 0 2 2 5 0 0 4 1 1 2 2 1 1 2 2 0 0 2 1 1 1 2 1 2 1 3 3 1 0 0 1 0 1 0 1 1 0 0 0 1 0 1 0 0 1 0 1 0 0 2 0 1 2 1 0 2 3 3 1 1 1 1 1 1 2 1 1 0 0 2 2 2 3 5 9
AGC_T 126 80 38 29 23 19 16 12 6 9 7 9 7 4 10 7 4 4 2 1 8 4 5 2 4 4 1 3 0 3 1 3 3 5 2 1 5 3 2 3 1 2 0 0 2 3 2 1 2 0 1 0 0 0 1 1 0 2 1 2 2 0 0 2 2 1 1 1 2 0 0 1 1 2 1 1 0 2 1 0 1 2 1 0 4 1 1 2 0 1 2 0 1 1 1 1 1 0 2 1 0 2 0 2 0 1 2 0 1 0 4 1 1 1 2 3 2 0 5 3 8 11
AGG_A 845 424 239 186 130 115 98 94 73 61 49 40 51 36 37 39 28 39 33 21 27 41 24 18 23 13 29 16 23 13 15 19 13 17 15 16 15 9 13 9 11 9 14 4 9 14 14 9 10 8 15 5 5 11 5 6 13 9 6 7 8 1 4 5 8 7 10 7 6 2 10 10 4 6 7 3 11 3 5 7 4 3 9 5 8 4 6 5 2 4 2 3 7 4 4 6 5 7 2 9 3 3 7 4 5 3 5 9 3 8 5 8 5 3 13 13 6 3 9 13 17 47
AGG_C 283 132 88 66 39 22 26 41 21 19 17 20 14 10 11 10 11 18 14 9 6 16 6 8 8 4 4 4 4 4 5 2 5 5 7 2 5 3 8 4 3 9 6 1 2 1 2 2 2 5 6 3 4 4 4 2 2 2 2 5 1 1 1 2 2 2 2 3 2 1 2 1 1 4 2 0 0 0 1 1 0 1 1 3 2 1 2 1 2 2 2 0 1 2 4 3 4 3 1 1 3 2 6 0 0 2 4 2 3 0 3 2 4 0 4 4 2 2 4 1 4 17
AGG_T 149 70 31 25 22 22 23 10 13 14 11 12 7 4 2 6 3 7 4 4 4 5 4 3 4 4 1 4 0 1 0 2 1 3 1 4 0 1 0 3 0 2 2 0 2 2 2 2 0 2 3 0 2 3 2 0 0 1 1 3 3 2 1 1 3 0 1 2 0 1 2 0 4 0 1 1 0 2 1 1 0 3 0 1 2 2 1 3 1 0 1 0 0 1 0 2 1 1 1 1 1 0 1 1 0 3 0 0 2 0 3 0 2 4 1 1 2 2 1 1 5 7
AGT_A 500 275 162 117 78 76 72 42 39 26 32 22 26 28 15 17 21 9 22 13 5 14 13 8 12 10 6 8 8 17 5 10 10 5 10 10 7 6 9 5 6 5 5 3 7 4 16 4 2 11 8 4 3 9 5 2 8 6 1 4 5 2 2 5 3 5 5 3 3 3 4 3 6 2 5 3 5 3 6 4 6 6 2 3 2 1 5 4 3 2 6 2 3 4 1 2 0 8 5 3 3 3 1 4 6 12 5 6 7 3 8 5 5 6 5 6 5 9 22 10 25 115
AGT_C 190 92 53 38 30 23 15 20 18 10 14 5 12 5 12 12 7 6 6 7 6 6 4 7 3 3 4 4 6 1 4 7 6 2 1 6 5 3 3 3 2 3 2 1 6 4 2 2 3 3 4 1 2 2 3 1 3 1 3 0 2 1 0 3 3 0 1 2 1 0 1 2 2 0 0 1 1 0 2 2 2 1 0 0 0 1 0 2 1 2 3 0 1 4 1 1 1 4 5 3 4 0 0 1 2 4 2 0 0 0 4 2 0 2 0 3 2 4 1 3 4 12
AGT_T 133 59 30 32 15 14 14 16 12 7 4 7 6 9 3 4 8 10 2 2 4 6 0 4 1 2 4 4 3 0 2 0 0 2 2 6 3 1 4 0 3 3 1 3 2 2 3 1 2 1 4 2 1 4 3 0 1 1 2 0 0 0 1 0 2 2 2 0 0 0 0 0 1 2 1 1 0 0 3 0 1 2 0 0 2 1 2 2 1 1 0 1 0 2 2 1 1 1 0 4 2 1 1 1 0 3 0 1 0 1 0 1 1 2 1 0 1 1 1 1 6 15
ATA_A 111 58 33 20 17 11 12 12 8 9 4 4 6 4 3 6 4 2 5 9 4 1 5 1 1 1 2 2 3 3 1 1 0 3 1 1 3 3 0 4 1 1 0 3 1 0 1 0 2 0 0 3 4 1 0 2 0 0 3 0 0 1 1 0 0 0 1 0 0 0 0 1 2 2 2 0 1 1 1 1 0 4 0 2 3 0 0 2 2 1 1 3 0 2 2 1 1 1 2 0 1 0 1 2 2 1 1 5 0 1 2 1 0 2 1 3 0 0 3 5 5 17
ATA_C 738 345 204 157 115 83 99 67 72 56 32 43 42 30 20 36 33 17 33 20 17 25 20 24 18 25 8 16 16 16 15 18 6 17 6 13 23 12 6 12 13 7 10 11 5 12 11 9 9 7 13 8 7 8 9 9 6 11 8 7 7 5 3 3 4 9 7 12 5 11 5 3 7 11 4 9 6 4 2 5 3 5 4 1 3 5 7 6 6 3 2 3 10 3 10 5 2 6 3 5 4 7 2 3 5 6 9 6 2 5 5 5 6 10 8 7 5 10 8 14 30 78
ATA_G 80 26 21 15 8 7 10 7 7 5 3 1 4 5 6 3 3 7 2 2 0 2 2 2 1 4 4 0 2 2 3 2 2 0 0 1 1 2 1 1 2 0 0 0 3 1 0 1 1 2 0 2 0 1 0 1 1 0 0 1 0 1 0 1 0 0 1 0 0 2 0 0 1 1 1 0 0 1 1 1 1 3 2 0 2 0 0 2 0 1 1 1 0 2 2 2 0 2 1 2 0 1 0 4 0 0 2 0 1 3 1 0 1 2 1 0 0 2 1 4 1 8
ATC_A 134 51 43 29 19 25 9 9 8 9 10 8 4 4 3 1 6 3 3 3 6 3 3 2 3 2 2 2 4 1 1 1 2 4 2 2 2 1 2 0 5 3 1 1 2 2 0 3 2 3 4 2 3 3 1 1 1 0 0 3 1 1 0 3 0 0 1 0 0 0 2 0 2 2 1 1 2 0 0 1 0 1 3 0 0 1 1 0 0 0 0 0 0 1 1 0 1 1 0 0 0 3 1 3 0 1 1 0 0 2 1 3 1 1 0 2 0 2 3 0 3 6
ATC_C 261 153 90 71 47 40 39 25 30 15 15 14 16 20 9 10 11 11 7 9 11 9 10 8 4 7 5 7 4 9 4 9 3 6 3 5 5 6 6 6 6 9 4 1 4 5 7 9 5 7 5 4 1 7 2 3 1 4 2 4 1 2 2 6 4 1 1 1 2 1 4 4 2 2 2 2 3 2 3 6 0 1 2 3 5 4 2 2 2 3 1 0 1 4 6 1 2 1 2 5 0 3 4 3 4 5 4 0 6 0 2 3 5 5 0 7 7 3 5 4 14 56
ATC_G 57 24 18 19 6 3 7 7 7 5 5 4 3 4 2 2 2 1 0 1 1 3 0 3 1 2 2 2 4 0 2 2 1 1 0 2 2 0 1 2 1 0 1 1 0 1 2 0 1 1 0 0 1 1 0 1 1 0 0 1 2 0 1 3 2 1 1 3 1 1 1 0 1 0 1 1 0 0 1 0 2 1 1 0 0 0 1 0 1 0 0 0 0 0 0 0 2 0 0 1 0 0 0 0 1 0 0 0 0 0 0 0 3 2 1 0 0 1 1 0 1 7
ATG_A 139 70 38 32 27 19 22 15 11 6 11 13 11 11 4 6 7 3 6 4 6 7 8 6 5 3 6 4 1 2 1 2 3 2 2 1 5 1 3 5 4 3 3 0 3 5 2 2 2 1 2 0 1 2 1 4 2 0 2 1 2 5 3 0 2 2 1 3 2 1 3 1 2 2 1 2 1 1 0 0 0 1 3 0 1 2 0 3 3 1 3 4 1 1 0 2 0 1 0 1 1 1 0 2 0 1 0 0 3 1 0 1 1 1 1 1 1 3 2 3 1 9
ATG_C 818 421 264 209 125 106 84 84 69 50 58 41 53 34 33 29 34 27 23 21 31 42 33 22 17 32 25 31 25 17 13 24 23 15 15 22 20 14 16 13 26 13 18 10 12 14 16 16 11 10 12 13 12 10 10 15 11 15 9 13 14 14 8 16 16 9 10 8 8 13 6 8 5 11 11 10 7 8 8 13 10 15 7 10 8 7 7 12 9 5 7 9 9 16 9 12 9 12 19 9 12 12 12 8 12 14 15 14 12 14 19 18 24 22 28 31 48 45 66 117 191 1017
ATG_G 155 75 39 35 16 23 19 9 13 15 5 10 5 12 7 9 7 7 4 3 3 2 7 3 3 6 6 4 1 1 3 6 5 2 2 3 2 3 1 4 1 2 2 1 2 2 4 0 2 5 3 2 2 1 0 0 2 3 0 2 1 1 3 1 1 2 0 2 0 1 1 0 1 1 1 2 1 0 2 0 0 0 1 1 0 0 0 2 3 0 0 2 1 3 0 0 1 2 0 1 1 1 0 3 3 2 1 1 0 0 0 0 3 2 0 3 1 3 3 2 11 8
ATT_A 119 65 40 22 13 15 14 9 11 8 6 5 5 8 6 3 7 8 8 5 4 4 4 1 3 1 2 4 3 4 3 1 1 2 2 3 1 2 4 0 1 0 2 0 1 4 1 2 1 1 2 2 3 1 4 1 1 1 0 0 1 1 2 2 0 0 1 2 1 0 1 2 0 2 3 1 0 0 2 0 1 2 0 1 1 1 0 1 1 1 1 1 0 1 1 0 0 1 1 0 0 1 3 3 2 0 4 0 2 4 2 0 4 0 0 1 0 1 2 4 7 27
ATT_C 646 312 226 163 96 91 71 79 75 41 36 27 40 33 32 31 22 30 24 28 20 19 23 10 10 20 12 10 10 18 12 15 16 9 9 6 10 12 13 9 16 9 8 14 9 7 9 10 8 9 2 6 8 9 10 5 13 5 7 7 11 9 6 6 4 4 7 4 6 4 1 6 9 6 2 7 2 5 4 3 5 2 6 3 8 4 4 1 7 8 4 3 3 3 2 2 2 4 9 3 4 6 11 2 1 13 4 7 6 3 2 2 7 10 7 11 6 5 8 15 21 60
ATT_G 77 52 28 16 20 10 8 8 11 15 2 4 6 7 5 4 2 2 5 2 4 1 2 4 4 3 2 4 3 3 2 1 4 0 1 3 1 1 4 5 3 3 1 4 0 2 1 2 0 1 2 1 0 1 1 2 0 0 1 1 0 0 1 0 1 0 2 0 0 2 1 1 0 0 2 1 1 2 0 0 0 0 0 0 0 0 0 1 1 0 2 0 1 4 0 0 0 1 0 0 1 3 0 0 0 3 1 0 2 1 0 0 4 0 2 2 1 2 1 3 3 7
CAA_C 129 77 47 34 24 16 21 15 13 11 10 8 9 8 11 10 5 4 3 4 8 6 4 5 2 2 4 8 5 0 4 2 2 2 5 1 4 0 1 1 7 3 1 4 2 1 1 3 4 4 2 1 2 1 1 3 1 2 2 2 0 0 2 2 2 4 1 0 3 1 0 2 0 1 1 4 4 3 2 0 1 1 0 1 0 2 1 0 2 1 1 0 2 0 1 0 1 1 1 2 2 1 2 2 0 1 3 1 1 1 0 0 0 2 1 4 1 4 2 4 10 19
CAA_G 311 136 85 58 43 30 44 36 26 26 26 20 18 14 25 19 14 10 21 13 8 11 12 10 9 8 8 10 10 8 3 6 6 1 6 2 9 5 11 6 2 4 5 5 7 7 8 3 5 15 9 7 6 2 4 4 6 3 3 8 2 4 3 10 1 2 3 2 5 5 5 2 4 5 3 1 3 1 4 4 1 1 4 10 4 5 3 7 5 8 3 3 2 3 4 7 5 4 6 4 6 3 6 4 3 7 7 5 9 3 7 9 12 9 10 14 12 23 36 28 77 433
CAA_T 55 30 18 8 9 7 9 10 6 2 3 4 4 4 1 3 0 0 1 1 1 1 3 2 3 1 2 1 2 1 0 1 1 2 0 2 2 1 1 2 1 0 1 0 1 1 2 0 1 1 0 1 0 1 0 1 0 0 3 0 0 0 2 0 0 0 2 1 0 0 0 0 0 0 1 1 0 0 1 0 0 0 0 0 0 0 0 1 1 0 0 0 0 2 0 1 2 0 0 0 0 0 1 0 0 1 0 0 0 1 1 0 0 1 0 1 1 0 1 2 1 2
CAC_C 162 78 51 35 25 18 17 12 18 7 7 5 9 9 8 9 11 3 8 6 10 3 6 4 1 2 3 2 1 3 2 4 3 6 4 3 2 0 0 2 1 1 1 3 2 3 2 1 1 1 4 3 2 1 2 2 0 1 2 0 4 0 4 0 2 1 1 1 2 2 0 1 1 2 0 0 3 1 1 2 0 0 3 1 0 2 2 2 3 3 3 1 3 2 0 3 2 3 2 4 4 1 0 2 0 2 4 1 4 0 3 0 4 1 0 2 2 4 1 5 6 16
CAC_G 400 225 132 100 72 84 53 47 47 36 28 36 31 29 28 26 25 17 17 21 18 16 8 19 18 16 18 11 13 12 6 11 11 9 5 9 14 10 9 12 9 6 5 11 6 11 14 8 7 6 10 5 11 8 8 11 6 8 3 11 12 10 9 6 7 5 11 7 9 3 7 5 7 8 2 3 10 8 6 5 6 8 4 7 4 6 7 11 9 3 7 8 6 9 7 11 11 5 9 10 7 10 4 7 8 10 8 6 15 11 17 15 9 21 18 22 28 29 44 62 151 727
CAC_T 92 56 30 24 19 14 21 12 8 6 3 9 9 3 6 5 1 2 6 6 2 3 1 8 6 3 3 1 4 3 4 0 2 1 3 0 4 2 2 2 0 2 2 2 0 1 1 1 2 1 3 1 0 2 2 0 1 1 0 1 2 1 2 0 0 0 1 1 1 0 0 1 1 0 1 0 0 1 2 3 0 1 0 0 1 0 0 1 0 1 1 1 0 0 2 0 0 1 1 0 1 2 1 0 2 0 0 0 1 2 0 2 0 1 0 5 0 4 1 4 0 6
CAG_C 180 98 57 42 25 20 17 18 13 13 7 13 11 5 5 4 14 11 5 4 4 2 7 6 1 5 5 2 2 5 3 11 4 3 5 2 3 3 5 4 4 3 1 1 3 4 2 5 4 4 3 5 1 2 1 2 3 0 0 3 2 3 0 1 2 1 1 2 1 1 3 2 1 0 3 1 1 0 1 0 1 0 1 1 0 0 1 0 2 1 0 0 3 1 0 4 0 1 0 1 2 2 1 0 0 1 0 1 2 3 0 0 2 0 0 3 2 2 1 5 3 9
CAG_G 655 295 196 139 120 72 90 90 54 37 36 27 36 24 38 39 26 23 30 16 23 33 23 29 19 20 14 18 20 12 12 13 10 11 16 14 19 13 16 12 9 19 14 7 7 14 6 13 14 7 9 9 9 11 10 10 12 9 6 9 4 18 5 10 7 10 8 9 13 9 8 12 12 7 5 8 10 12 6 9 6 12 7 11 6 12 7 12 11 12 12 12 12 9 8 18 9 11 15 14 14 9 14 11 15 18 8 10 15 13 17 20 21 24 33 32 35 41 56 88 169 955
CAG_T 122 54 39 25 20 11 13 12 9 12 11 11 4 7 5 5 4 4 6 7 2 5 3 3 1 2 2 1 2 4 0 3 1 4 0 0 0 2 1 2 2 2 2 1 1 1 3 0 0 1 2 3 1 2 1 3 3 2 4 1 3 1 1 1 2 0 0 3 0 0 0 1 0 1 1 2 0 1 2 0 0 0 0 1 0 2 0 0 0 1 0 1 1 2 0 0 1 0 1 0 0 0 3 1 1 2 2 1 1 2 0 0 1 1 1 0 1 5 2 1 2 5
CAT_C 128 85 43 36 23 13 12 17 11 8 10 8 7 2 14 3 6 3 7 5 6 5 7 1 11 3 2 7 1 2 2 3 3 1 1 3 4 2 5 4 1 1 3 4 1 1 6 0 3 1 3 4 0 4 2 2 0 0 1 3 4 3 2 1 1 0 2 1 2 2 0 1 2 2 0 1 1 1 5 4 1 1 3 1 4 1 1 3 0 1 1 0 0 2 0 1 3 0 2 0 1 1 3 1 2 1 2 3 1 1 1 1 1 1 1 1 0 0 2 3 3 6
CAT_G 818 425 243 194 136 116 93 83 65 57 49 58 52 44 34 45 31 30 27 27 27 32 36 33 23 26 20 18 18 27 20 21 14 37 14 22 28 18 15 21 12 11 10 19 14 16 7 11 10 14 10 14 13 8 10 11 9 7 12 15 9 7 5 10 9 11 11 8 9 13 9 13 11 10 16 8 9 11 15 10 7 10 11 9 6 5 10 8 15 14 15 9 10 12 19 7 15 11 11 10 10 11 11 13 11 14 9 17 26 18 24 23 24 37 19 42 37 33 55 106 204 1046
CAT_T 135 60 46 35 25 34 17 11 9 12 9 13 8 14 9 8 12 4 3 4 2 5 6 2 4 2 5 4 6 8 3 3 5 2 2 0 5 1 5 0 2 2 0 1 3 3 1 1 2 2 2 1 1 6 1 0 0 2 0 1 1 2 5 1 1 0 1 2 2 1 0 1 1 5 0 0 2 1 0 0 1 1 0 1 2 1 1 0 3 0 2 1 0 2 1 1 1 2 1 1 1 0 1 1 0 0 1 1 1 2 1 1 2 2 1 0 1 4 1 1 6 7
CCA_A 189 100 45 42 35 29 19 14 10 4 11 7 10 9 4 8 8 6 7 4 9 4 3 1 7 2 5 5 3 1 2 2 2 2 1 3 3 1 6 4 2 4 1 3 0 3 2 1 1 1 1 1 3 2 3 1 1 2 0 0 3 3 1 2 1 2 1 0 0 2 1 2 4 0 2 3 2 2 0 2 0 1 1 0 0 1 0 2 0 1 0 0 1 1 0 0 0 0 2 0 2 0 1 2 1 2 3 0 1 0 0 0 0 0 1 3 2 4 4 6 3 17
CCA_G 179 82 49 48 30 19 23 18 14 8 14 13 11 11 6 6 6 1 7 8 5 2 5 8 3 7 5 6 1 5 3 1 6 2 4 3 4 3 2 4 2 1 2 2 4 3 2 3 3 1 2 1 1 2 0 1 2 3 3 2 0 0 4 4 3 0 3 3 3 0 0 2 1 1 3 1 2 2 3 1 0 0 2 1 0 2 0 2 0 0 0 2 1 1 0 2 4 1 3 2 3 0 5 1 2 2 0 0 5 1 2 0 1 0 0 1 1 1 2 5 1 19
CCA_T 719 339 188 162 133 100 95 92 56 55 32 35 38 20 31 25 28 29 39 22 27 21 19 20 17 15 16 13 10 13 13 11 11 11 16 6 8 15 8 10 16 15 13 9 8 6 8 10 11 6 9 8 5 14 9 11 5 8 6 7 4 3 5 7 6 6 7 3 7 5 2 3 4 6 4 4 1 4 5 1 1 0 7 4 7 3 2 3 3 5 3 5 0 4 5 2 3 3 3 1 5 3 8 2 7 4 6 3 2 4 1 7 2 7 6 5 10 6 5 9 18 40
CCC_A 255 115 66 43 30 35 28 21 20 12 15 15 10 8 13 8 5 8 9 12 9 9 8 9 7 4 6 5 6 3 5 5 6 5 6 1 2 5 4 3 4 1 2 5 2 7 2 1 6 1 3 2 1 4 5 2 2 4 3 5 2 3 1 0 1 5 2 2 0 4 3 1 2 3 2 2 1 2 0 0 1 2 3 2 0 1 1 1 1 1 2 1 0 1 2 0 0 3 0 0 2 1 1 2 3 1 4 1 0 4 2 0 2 0 0 1 2 2 1 4 4 12
CCC_G 291 162 80 54 44 31 40 24 22 26 22 7 11 12 17 8 12 10 15 7 9 5 8 10 8 6 10 5 9 4 3 5 4 6 4 3 4 2 6 2 6 4 3 2 4 2 2 2 5 6 1 3 1 3 3 5 4 2 3 3 4 0 2 5 3 2 0 1 3 2 3 3 4 0 5 1 3 1 0 1 1 1 4 2 1 1 2 2 0 2 2 2 1 0 0 2 1 1 1 2 1 1 2 4 3 3 3 0 1 1 2 1 2 2 2 9 3 0 3 7 4 12
CCC_T 799 388 244 169 118 97 81 88 70 61 47 46 43 45 30 35 28 28 37 19 21 27 21 20 25 21 22 20 23 24 10 19 11 11 16 18 11 9 15 13 11 8 9 5 10 13 9 8 11 12 16 6 4 8 8 9 6 6 10 3 10 5 6 4 4 6 5 4 11 5 9 8 5 4 1 3 6 4 8 6 5 4 6 6 5 9 3 6 2 3 4 2 3 2 5 5 7 2 3 4 5 3 3 7 6 4 5 3 5 2 3 3 7 9 3 8 4 11 7 13 17 45
CCG_A 99 45 22 34 13 15 8 6 11 5 6 3 5 9 5 2 3 4 6 2 1 2 2 3 3 3 2 1 3 1 2 3 4 2 2 1 1 1 4 1 0 3 0 1 1 0 1 0 0 3 0 0 1 1 2 1 1 1 0 2 1 1 0 1 0 0 0 1 1 0 1 1 1 0 0 0 1 0 1 1 1 0 0 1 2 1 0 1 2 2 3 1 1 2 0 0 0 0 2 1 0 2 0 0 1 3 0 1 2 1 0 1 2 1 1 1 2 1 1 0 4 4
CCG_G 130 63 45 25 13 14 12 10 7 8 8 7 4 8 7 8 5 4 7 5 4 2 3 4 2 1 2 2 4 2 4 2 2 1 1 3 3 3 2 3 2 1 4 1 2 1 1 1 3 1 3 4 0 0 4 2 1 0 1 2 1 1 1 2 1 0 2 0 2 1 2 0 0 0 2 2 2 0 2 1 1 1 0 1 2 3 0 2 1 3 1 0 2 1 0 2 0 1 1 1 2 0 1 1 0 2 0 0 1 2 4 1 1 0 0 2 0 0 1 1 5 5
CCG_T 2267 1086 617 478 342 266 249 198 185 134 139 91 119 108 87 79 77 67 76 78 60 63 68 63 57 56 41 47 41 31 48 28 30 34 33 37 23 32 25 29 26 24 27 28 28 29 17 30 20 28 22 30 17 19 22 17 12 10 23 13 18 25 13 27 14 18 13 13 19 21 14 13 14 15 13 5 10 13 13 23 7 19 14 11 11 11 8 11 9 13 5 9 5 13 14 19 14 9 8 14 9 12 18 15 10 11 16 15 14 11 12 5 16 13 22 23 20 20 17 30 50 137
CCT_A 139 88 45 29 20 18 12 16 11 7 11 5 6 5 9 10 7 6 6 3 3 2 0 3 3 6 1 3 6 2 2 0 5 1 2 0 2 4 2 2 0 3 1 2 3 1 5 1 2 1 2 3 1 1 2 0 1 0 4 2 1 1 0 1 1 2 2 5 1 2 0 1 3 1 2 0 0 0 1 0 1 0 0 2 2 2 0 0 1 0 0 3 2 2 0 3 2 2 0 1 2 0 1 1 1 1 0 1 3 2 1 2 1 1 1 3 0 3 3 3 6 9
CCT_G 292 132 89 59 40 44 25 21 32 21 17 14 12 10 11 10 9 12 15 8 13 8 9 4 7 9 7 5 3 3 6 2 4 5 4 4 4 2 3 4 2 2 6 3 6 0 4 1 5 1 3 2 0 3 1 2 4 1 3 3 0 1 1 0 3 1 1 1 4 1 5 3 2 1 1 1 1 0 1 0 2 2 1 1 2 2 2 3 1 0 2 1 3 1 1 3 2 3 0 0 0 1 2 2 1 1 1 0 4 1 0 4 2 2 1 3 2 2 3 1 6 21
CCT_T 841 414 261 178 150 113 96 59 63 64 70 43 43 51 34 48 39 33 32 25 20 28 19 21 21 28 22 21 20 8 16 16 16 9 11 12 14 5 9 16 11 12 8 11 11 11 2 8 12 7 10 10 7 12 3 14 6 5 11 13 5 8 7 6 6 2 5 7 7 6 2 5 7 4 2 6 9 3 7 11 2 5 6 7 6 4 3 5 4 3 7 7 6 10 0 6 6 7 6 6 2 2 7 6 5 10 1 6 13 5 5 6 3 4 5 8 6 7 14 12 19 41
CGA_A 1227 605 368 290 171 151 128 118 102 79 71 72 65 67 48 49 48 35 46 43 28 25 25 39 25 25 37 24 20 24 21 26 22 21 18 18 20 11 21 17 17 9 18 15 16 18 8 10 15 18 14 11 5 4 9 14 15 9 12 6 7 8 5 10 13 13 5 10 6 8 10 10 8 6 5 6 11 5 6 5 7 3 5 10 4 6 5 5 6 5 5 5 5 3 6 4 7 6 7 10 5 6 9 5 5 10 7 9 10 4 7 5 14 11 7 9 6 5 12 12 26 69
CGA_C 73 38 27 13 13 6 11 5 8 3 4 5 5 2 2 0 6 4 0 3 4 2 3 1 3 2 4 3 1 4 3 1 1 1 1 0 2 1 2 1 0 1 1 1 4 3 0 1 0 2 3 3 0 0 0 1 0 3 0 1 0 0 3 2 1 1 0 2 1 0 1 1 0 0 0 0 1 1 2 0 1 0 0 2 0 3 0 0 2 2 1 1 0 1 0 0 0 0 2 0 2 0 2 2 2 1 0 1 0 0 0 0 2 2 1 2 1 3 2 1 4 6
CGA_T 60 21 17 16 13 5 7 6 5 9 4 0 4 1 3 2 1 3 2 1 2 1 4 3 5 3 4 1 0 2 1 1 2 0 1 1 1 4 2 1 1 1 0 1 0 4 1 1 1 1 1 0 0 1 2 0 2 0 0 2 1 0 0 0 1 0 1 0 0 2 1 1 0 1 0 0 0 0 0 1 0 0 0 0 2 0 1 0 0 1 0 1 0 1 2 0 1 0 1 0 0 1 0 0 0 1 0 0 0 0 1 1 0 0 1 0 0 1 1 2 1 8
CGC_A 1796 818 540 373 246 223 195 160 146 94 95 99 90 92 67 71 70 62 60 56 44 43 50 38 32 45 33 36 39 43 21 21 33 21 29 26 37 20 30 26 23 12 26 20 20 17 19 19 13 18 25 11 22 22 20 16 11 13 21 17 9 16 12 20 13 14 12 14 7 19 8 7 7 13 9 11 12 13 10 8 6 11 11 11 11 13 9 6 8 15 6 9 6 14 7 3 12 12 8 10 6 12 8 9 9 13 7 8 8 12 6 6 9 6 13 16 11 12 20 25 35 98
CGC_C 49 36 19 6 5 13 10 9 3 7 4 3 4 4 2 0 6 4 0 1 4 2 3 2 0 1 3 0 1 2 0 1 0 1 0 2 1 0 3 0 1 3 1 3 0 1 3 1 0 2 2 1 0 1 0 1 1 1 0 0 0 1 1 0 0 2 1 1 0 1 0 1 1 0 0 2 0 1 1 0 0 1 3 1 0 0 0 2 0 0 4 0 0 0 0 1 0 0 0 0 0 0 0 1 1 1 0 1 0 0 0 1 1 0 0 0 3 0 1 0 4 9
CGC_T 146 68 25 31 24 16 21 13 10 13 5 12 7 3 6 7 11 5 6 5 1 6 4 6 1 3 0 1 2 3 1 3 0 1 1 2 2 4 4 2 2 3 1 2 2 2 1 2 2 2 1 1 1 1 1 3 3 0 0 1 1 0 2 1 2 2 2 1 1 0 1 1 0 0 1 1 0 0 0 1 1 1 0 1 0 3 1 1 0 0 0 1 0 0 0 1 2 0 1 0 1 1 1 2 0 1 2 0 1 0 1 2 3 0 2 1 8 2 2 2 1 6
CGG_A 2358 1195 686 485 367 305 230 224 172 169 133 106 119 100 97 90 76 76 62 71 66 64 57 58 52 52 37 39 35 43 39 56 30 25 34 27 44 29 24 42 25 21 28 27 25 29 30 22 19 20 22 23 26 19 16 19 15 19 23 17 11 14 13 17 13 18 15 20 8 14 13 15 17 11 12 12 16 16 12 8 9 12 22 5 7 13 8 10 13 17 10 16 8 5 12 10 19 11 12 14 14 5 18 14 16 15 18 15 7 14 13 16 14 18 14 19 16 21 19 32 48 113
CGG_C 112 42 32 33 21 13 13 10 12 11 10 4 8 3 8 6 1 5 4 3 6 4 6 1 1 2 2 2 1 2 3 3 0 1 2 2 0 2 2 4 3 0 2 4 2 2 2 2 2 1 0 0 1 2 1 1 1 3 2 1 0 1 0 1 1 0 0 1 1 1 2 1 5 0 1 0 2 1 1 2 0 0 2 0 0 0 1 1 2 2 2 2 1 1 1 0 0 1 3 1 0 2 0 0 1 0 2 0 0 1 1 3 1 2 3 3 1 1 2 2 5 7
CGG_T 94 42 26 25 21 12 19 13 5 5 7 6 9 7 4 3 3 6 2 4 3 2 1 3 3 0 1 1 3 0 2 2 2 1 1 1 2 2 2 2 2 1 1 1 2 0 1 0 2 2 2 5 2 1 1 0 1 0 1 0 1 0 0 1 2 0 0 1 1 2 0 0 1 0 0 0 1 0 1 0 2 2 2 0 0 0 1 0 2 1 0 1 0 0 0 1 1 1 1 0 0 0 0 0 2 0 0 0 3 0 1 0 0 1 2 3 1 0 0 3 3 5
CGT_A 1863 906 557 378 295 232 191 154 138 124 101 74 109 77 67 76 70 49 67 49 57 60 30 42 49 44 32 23 36 34 30 29 25 33 36 32 26 32 29 23 14 21 26 17 20 31 16 16 24 20 29 21 13 20 10 13 19 18 19 12 20 11 8 17 14 14 10 9 10 13 13 8 6 9 12 9 13 8 14 6 9 14 12 4 6 19 7 9 14 9 4 8 12 15 3 7 9 13 12 15 6 11 12 8 8 9 10 9 19 12 8 18 9 16 17 23 16 22 20 30 53 172
CGT_C 75 33 22 15 13 14 13 5 4 5 5 6 4 0 3 2 0 3 1 3 3 4 4 4 1 0 2 0 0 1 2 1 0 4 2 0 2 2 3 3 0 0 0 2 0 2 0 1 3 0 2 1 0 2 0 1 2 1 0 0 1 0 1 1 2 0 1 1 0 0 1 1 1 1 1 0 1 0 0 0 0 1 0 0 1 1 1 0 1 1 2 2 0 0 1 1 0 0 1 2 1 2 0 0 2 2 0 0 5 2 0 0 0 1 1 3 1 3 2 1 1 17
CGT_T 91 39 24 13 16 14 10 8 10 7 4 2 4 3 2 5 2 3 3 2 3 1 1 0 1 2 2 3 2 4 0 2 0 3 2 2 0 0 1 1 1 5 2 0 2 0 2 1 1 2 0 2 0 1 2 1 5 0 1 2 2 1 0 0 0 2 3 1 0 2 0 1 2 0 2 0 1 0 0 1 0 1 1 1 0 0 0 0 0 0 1 0 0 1 1 0 0 0 0 0 0 1 0 0 1 0 0 1 3 1 0 0 0 0 1 1 2 0 0 3 3 8
CTA_A 39 23 5 9 4 3 3 8 4 1 1 4 2 3 1 1 0 2 0 5 1 2 0 2 2 0 2 2 1 1 0 1 0 1 2 0 1 1 2 1 0 0 2 0 0 0 1 0 1 1 1 2 1 2 0 0 0 0 0 1 0 0 0 0 0 0 0 1 1 0 0 0 0 0 0 0 0 0 0 0 2 1 0 0 1 0 0 0 0 0 0 1 1 0 0 0 0 2 0 0 2 0 0 0 0 0 0 2 0 0 1 0 0 1 0 1 0 2 1 2 2 1
CTA_C 194 140 84 52 46 23 26 28 9 17 13 17 21 16 11 11 7 9 7 10 10 10 7 14 5 4 5 4 9 7 3 5 6 5 5 11 6 4 6 2 1 5 7 5 3 3 6 2 6 4 6 0 3 5 2 4 2 1 3 1 0 2 5 1 3 4 1 4 2 3 2 2 1 1 2 2 3 4 5 0 2 1 1 2 3 1 1 0 1 1 1 3 2 1 2 3 2 3 4 0 2 1 4 6 4 2 0 8 4 2 0 2 3 3 3 6 3 3 3 7 15 45
CTA_G 57 23 10 8 8 6 5 5 4 3 2 6 1 0 1 6 2 0 0 1 0 0 2 1 2 1 1 1 2 2 0 0 1 0 0 1 3 1 2 2 2 0 0 0 2 1 0 0 0 1 3 0 1 0 1 1 2 0 0 1 3 1 0 2 0 0 0 1 0 0 0 1 2 0 0 0 1 1 0 1 1 1 0 2 0 0 2 0 0 1 0 2 2 0 1 0 1 0 0 1 0 0 2 0 0 2 0 1 0 0 1 0 0 1 0 0 2 0 0 2 3 6
CTC_A 88 46 29 20 16 10 4 11 11 6 5 4 3 3 6 6 4 5 0 2 4 1 3 3 4 2 3 2 4 2 1 1 1 0 1 3 1 1 1 2 0 1 1 1 0 2 1 1 1 2 0 0 2 2 0 1 2 2 0 0 1 1 1 0 0 1 1 0 0 0 1 0 2 1 0 2 0 1 0 1 0 1 2 1 1 1 2 1 1 1 1 0 2 1 2 1 1 3 0 1 2 0 1 1 2 1 1 1 1 0 1 2 0 0 1 4 0 0 0 0 2 9
CTC_C 303 149 106 67 39 31 31 24 17 19 8 16 16 13 12 15 13 12 7 7 11 14 7 12 14 7 9 12 6 6 8 6 7 6 7 4 5 5 6 7 8 8 7 5 3 6 3 6 3 6 4 5 5 2 3 4 4 3 1 4 4 4 3 3 4 3 3 7 1 3 0 3 6 2 4 3 1 2 2 1 2 3 3 2 4 2 2 3 2 1 2 3 3 1 4 4 2 2 1 1 5 3 0 1 3 8 2 1 3 3 2 4 4 7 3 5 5 3 7 9 12 48
CTC_G 105 61 39 20 23 19 11 10 16 11 11 9 5 7 5 3 6 1 3 4 6 1 1 3 4 2 2 4 1 1 2 4 3 5 1 9 0 1 2 2 3 1 1 1 1 3 1 1 0 3 0 0 1 5 1 1 0 1 2 2 3 2 3 2 4 0 1 2 1 1 0 0 0 0 0 2 3 0 1 0 1 0 1 0 1 0 1 1 1 0 1 0 1 0 3 0 2 1 2 2 2 1 2 0 1 0 3 2 0 1 2 0 2 1 1 1 2 0 0 2 4 11
CTG_A 120 62 38 28 26 11 16 12 10 9 8 3 9 8 6 1 2 6 5 4 1 4 2 2 3 3 3 7 1 3 0 0 0 3 3 1 3 4 1 1 4 0 4 1 2 0 2 2 3 0 3 1 0 0 2 3 2 0 0 1 1 0 1 2 2 4 0 0 0 3 3 1 1 1 0 0 1 0 1 2 1 1 2 0 2 2 0 0 0 0 0 2 1 0 0 2 1 2 0 0 1 1 0 0 1 0 2 0 1 0 0 0 2 1 3 2 2 2 3 4 1 7
CTG_C 655 345 191 134 106 88 89 59 49 48 45 41 49 30 28 30 21 23 27 19 28 18 17 22 20 25 28 16 22 17 15 16 13 14 18 16 12 6 15 19 14 16 13 15 12 13 10 16 12 8 17 13 10 8 8 15 11 10 14 11 10 8 12 8 7 10 11 9 9 11 17 14 10 7 4 7 4 5 7 10 10 8 13 8 12 8 8 8 8 12 5 9 12 11 8 14 11 11 12 10 9 7 11 10 14 9 12 12 12 11 17 15 19 22 24 30 26 45 46 93 195 955
CTG_G 186 83 41 47 27 27 19 15 21 4 11 10 14 12 5 9 4 4 6 9 2 4 4 6 9 3 8 3 2 4 3 5 1 4 3 4 1 0 2 3 2 4 0 2 2 1 2 4 3 0 3 2 1 2 0 2 3 0 0 1 1 3 1 0 0 1 1 3 4 0 3 0 1 0 2 1 1 2 2 1 0 2 1 1 0 1 1 4 3 1 0 1 1 0 1 2 1 2 0 4 1 5 0 2 0 1 0 0 4 0 0 0 1 1 1 1 1 2 2 2 6 10
CTT_A 83 23 22 12 7 9 9 3 6 2 6 5 3 6 3 2 3 3 2 2 2 4 4 1 2 1 1 2 3 2 2 1 1 1 1 2 2 0 0 1 1 2 1 0 1 1 0 2 0 3 2 0 2 1 1 0 0 2 0 1 2 0 1 0 0 1 0 0 0 2 0 0 1 0 2 1 1 2 1 1 1 0 0 2 0 1 0 1 1 0 1 1 0 1 0 0 0 1 0 1 0 0 0 0 1 3 0 0 0 0 1 1 1 0 3 0 1 0 3 1 1 3
CTT_C 339 166 105 69 46 39 39 36 20 22 26 16 18 24 9 17 12 11 14 10 17 4 9 7 9 6 14 14 11 10 10 7 12 6 7 3 6 5 5 8 6 6 5 5 0 8 6 3 3 4 5 4 6 8 4 1 9 5 1 7 3 3 4 5 3 4 3 4 2 4 3 7 3 2 4 2 0 2 4 1 0 6 3 2 3 0 2 4 5 0 0 4 6 2 2 3 2 1 3 5 3 5 1 1 2 3 1 6 2 1 3 4 5 4 1 9 5 7 7 6 10 51
CTT_G 107 44 33 25 22 20 20 9 8 7 9 5 6 9 4 5 6 1 7 9 0 8 2 8 5 3 5 3 0 3 1 1 2 2 1 0 1 1 2 3 3 3 3 2 1 1 0 0 0 0 2 0 2 3 0 1 1 3 1 0 0 0 0 1 3 2 2 2 1 1 0 0 1 0 1 1 0 3 2 0 1 2 1 1 2 1 1 1 0 0 0 0 1 1 1 0 4 1 1 1 0 3 0 0 1 1 0 1 3 1 0 4 1 0 1 2 0 2 2 1 3 3
GAA_C 100 34 30 18 16 18 15 14 6 8 8 8 6 6 4 4 3 3 2 2 2 1 5 4 1 2 3 3 2 3 2 3 1 3 1 2 2 0 3 4 0 1 2 2 2 1 3 1 0 2 2 0 1 1 1 2 1 1 1 0 1 3 1 1 2 1 0 0 0 0 3 2 1 1 0 0 0 2 1 0 0 1 1 2 1 0 2 0 3 2 2 0 1 1 1 1 3 2 0 1 0 0 0 0 2 1 2 1 1 2 1 4 1 1 2 3 0 2 2 5 0 9
GAA_G 227 108 67 48 32 29 36 20 22 17 6 18 13 13 7 17 7 11 7 8 8 4 13 7 6 10 3 5 5 6 4 5 7 4 4 4 2 2 4 5 4 3 4 4 1 6 1 5 5 2 4 5 3 3 5 5 7 2 3 5 1 4 1 2 5 1 6 4 2 2 5 0 4 1 3 5 3 2 3 2 2 2 1 0 3 2 4 0 2 7 0 2 0 2 1 3 1 1 1 0 1 2 1 4 4 3 4 4 2 5 3 2 1 5 4 4 6 4 3 1 13 31
GAA_T 73 38 23 15 12 8 8 3 4 7 3 3 4 4 5 4 3 3 0 2 2 3 1 0 0 2 1 1 4 0 1 0 2 0 2 0 1 0 1 1 2 2 0 0 2 0 1 0 0 1 1 2 0 0 0 1 0 1 0 0 0 0 0 0 1 0 0 4 0 1 0 0 0 0 0 0 0 0 1 0 2 1 0 0 0 1 0 0 0 1 0 0 1 0 0 0 0 0 2 0 0 1 1 1 1 0 2 2 0 0 0 1 1 0 0 1 0 1 2 1 1 2
GAC_C 53 18 19 11 9 5 4 4 4 4 3 7 2 2 6 2 3 4 2 4 2 2 1 0 0 2 3 1 1 0 0 0 2 2 1 2 1 1 0 0 0 1 1 0 0 0 0 0 1 0 2 2 1 1 1 1 0 0 0 0 0 2 1 2 0 2 0 2 0 0 1 1 0 1 1 0 0 1 1 0 0 1 0 0 1 1 0 0 0 0 0 0 0 1 0 2 1 0 0 0 2 0 0 0 1 0 0 0 0 2 0 1 0 0 1 3 0 0 0 0 5 6
GAC_G 188 102 49 52 28 25 16 20 18 14 14 7 13 7 12 11 10 11 6 3 10 6 10 6 9 5 5 7 1 8 5 3 5 4 2 1 8 4 2 3 3 5 3 6 3 3 2 3 3 4 2 3 2 4 0 5 3 2 2 2 4 0 5 2 3 0 1 3 1 0 2 1 3 3 6 4 3 2 1 2 3 2 2 2 3 6 2 0 1 3 2 1 0 4 2 2 0 3 4 2 1 3 3 2 3 0 0 3 3 5 1 2 6 5 3 2 5 5 2 7 10 42
GAC_T 93 31 30 20 14 10 13 5 6 4 5 3 4 2 3 2 5 6 2 2 3 2 7 3 2 1 2 5 2 3 0 2 4 2 2 1 2 1 0 1 1 1 0 0 1 0 1 1 1 1 1 0 1 0 1 0 0 2 0 0 2 1 2 0 0 0 1 0 1 1 1 0 0 0 1 1 0 0 0 0 0 0 0 0 0 0 0 1 0 1 0 0 0 0 1 0 0 0 0 0 3 1 1 0 0 0 2 0 0 1 0 0 1 1 0 1 2 0 0 1 2 3
GAG_C 133 74 37 25 16 19 5 7 15 13 5 3 9 5 6 5 4 7 3 1 2 2 3 3 4 3 4 3 3 1 2 0 3 2 3 2 6 1 0 1 3 1 0 5 2 5 1 1 3 1 2 0 1 2 2 3 2 2 0 1 2 2 0 1 0 3 0 3 0 1 2 0 3 0 0 3 1 0 3 1 0 1 1 0 1 2 1 1 1 1 1 2 0 0 2 2 0 1 2 0 0 0 0 2 1 2 0 0 0 1 2 3 0 1 1 2 2 1 3 3 0 7
GAG_G 289 122 80 71 46 36 32 29 12 13 25 13 15 18 9 7 17 7 11 10 20 6 11 9 10 7 13 4 12 7 6 3 7 6 5 6 4 2 4 11 8 5 11 5 6 4 4 4 7 3 4 4 3 4 5 5 3 6 5 4 9 2 5 5 4 2 6 4 3 2 1 3 4 6 3 1 2 2 6 0 3 3 2 7 3 0 3 2 3 4 2 2 4 1 1 0 1 3 1 2 1 2 3 5 1 2 3 2 5 2 3 5 3 3 4 6 10 6 3 3 24 51
GAG_T 82 51 30 24 16 14 12 8 10 6 5 4 1 3 3 5 4 5 2 1 1 2 0 3 5 1 2 2 2 1 0 5 3 0 2 2 2 0 4 0 1 1 4 2 1 1 0 1 1 3 2 0 2 0 3 1 0 1 2 0 0 1 0 2 3 2 1 0 1 0 0 1 1 1 1 1 0 0 1 0 1 0 0 0 0 0 0 0 0 1 0 0 0 1 0 3 1 0 2 0 0 1 0 0 0 0 1 1 0 2 1 0 1 0 1 2 0 0 1 3 1 8
GAT_C 61 29 15 11 9 6 9 6 7 3 2 4 5 2 1 3 3 2 4 1 1 2 2 1 1 1 6 1 0 1 0 2 1 2 1 2 2 1 1 2 0 0 0 0 1 0 2 1 0 0 1 0 0 0 1 0 1 1 0 1 0 0 1 1 1 0 1 1 0 1 0 0 1 0 0 0 1 0 1 0 1 0 0 1 0 0 0 0 1 0 0 1 0 0 0 0 0 0 2 0 0 0 0 1 1 1 1 0 0 0 0 0 1 1 0 0 0 0 2 1 0 4
GAT_G 293 146 98 51 50 38 35 22 28 17 18 8 8 11 17 12 10 13 11 12 14 9 5 6 4 9 6 11 9 9 0 7 8 3 7 4 6 9 11 4 0 3 2 4 1 0 3 4 4 3 5 3 5 2 1 5 4 3 3 1 5 2 4 2 8 5 2 4 3 1 3 4 3 1 1 1 3 4 1 2 2 3 1 0 3 2 1 1 4 2 4 0 3 2 1 3 2 5 1 4 1 5 0 2 1 2 2 4 3 2 3 4 4 2 6 5 5 3 9 4 18 39
GAT_T 121 62 38 29 16 17 20 11 10 9 3 6 1 6 11 5 4 3 5 0 3 7 1 2 3 0 2 2 2 2 1 4 0 0 4 0 3 3 3 1 2 2 2 3 1 1 1 1 2 2 4 1 3 0 0 3 0 4 3 1 1 2 2 1 0 2 3 0 0 2 0 0 0 0 2 0 0 1 1 0 2 0 1 1 0 1 0 1 0 1 0 0 2 1 1 0 1 2 0 0 2 1 1 1 0 0 2 0 0 2 0 0 1 1 0 3 1 1 2 5 1 6
GCA_A 192 116 62 40 31 19 21 17 13 11 14 11 13 9 13 11 10 9 9 5 6 4 8 6 8 1 4 6 1 4 7 3 4 1 4 5 2 2 1 2 5 1 0 4 2 4 6 0 2 2 1 2 0 0 2 4 0 2 1 0 1 0 4 4 0 3 2 2 1 6 0 1 3 2 1 3 0 0 2 3 2 1 0 2 1 0 0 0 2 0 0 0 0 0 1 1 0 0 1 0 1 2 1 0 2 2 1 2 3 1 0 2 3 1 1 3 1 4 2 4 2 13
GCA_G 143 64 30 29 23 15 9 8 10 7 9 7 5 4 5 9 2 7 3 3 2 4 3 3 1 1 3 4 2 3 4 3 3 1 1 4 1 1 2 1 3 0 1 1 2 3 3 1 3 3 4 1 2 3 0 3 2 2 2 1 1 1 3 3 1 1 1 2 0 1 1 0 2 2 0 0 0 1 1 0 0 1 1 1 0 0 0 0 1 1 0 0 1 0 0 0 0 0 1 0 0 1 0 2 3 1 0 0 1 2 0 0 1 0 0 1 3 1 0 2 3 9
GCA_T 520 265 171 130 84 71 62 41 56 31 41 22 22 38 15 24 20 17 22 17 18 14 18 18 11 10 13 11 14 7 7 8 10 9 10 9 3 9 6 9 4 2 9 6 2 8 9 10 5 5 8 10 4 4 5 7 7 10 4 6 4 1 3 3 2 6 5 4 1 4 1 0 6 5 4 3 1 4 2 2 2 6 1 5 4 2 2 2 3 4 4 3 2 0 2 5 2 2 4 2 2 1 0 2 3 1 5 2 3 4 4 3 5 5 4 6 3 3 6 7 16 39
GCC_A 250 134 74 63 37 37 25 31 18 12 21 13 11 15 8 15 11 5 7 8 7 4 10 5 6 7 6 7 8 4 4 2 4 3 7 4 5 1 5 1 1 5 4 2 5 4 3 3 5 0 1 2 6 1 1 1 0 0 2 2 1 3 3 2 2 1 1 3 4 0 1 1 2 2 3 1 1 3 0 1 2 0 2 2 2 1 2 1 1 5 3 2 1 1 0 0 2 0 1 1 2 2 3 1 0 3 1 1 2 0 0 1 4 2 0 2 1 0 2 2 5 13
GCC_G 180 87 38 42 28 25 19 19 15 11 18 5 5 3 10 10 7 7 3 6 9 4 4 12 1 5 2 2 2 2 3 5 2 3 3 4 4 0 3 6 1 0 2 2 2 1 2 3 1 1 5 2 2 1 2 2 2 2 1 0 0 3 6 0 4 1 1 1 2 0 2 1 0 1 2 1 4 0 1 0 2 2 1 3 0 0 0 0 0 1 1 1 1 0 0 2 1 0 1 0 1 0 1 1 0 0 0 1 1 0 1 1 3 0 1 2 2 1 1 4 2 6
GCC_T 702 373 209 119 115 83 74 70 47 52 36 35 29 27 29 27 22 24 25 22 16 24 18 20 19 26 14 17 9 13 14 12 12 10 11 10 10 11 12 8 10 5 6 9 8 13 7 9 6 8 5 6 7 8 6 3 7 8 7 12 6 4 4 4 6 4 6 3 3 3 8 1 8 5 3 4 6 5 5 2 4 5 6 4 3 5 2 2 5 2 3 5 1 3 5 5 4 4 2 1 4 3 7 4 3 4 3 2 5 3 2 4 3 3 6 6 7 12 10 15 15 35
GCG_A 134 62 36 22 16 16 16 9 16 18 12 6 11 7 5 4 6 4 5 3 6 5 0 6 6 2 1 3 1 3 0 3 6 1 1 2 3 2 4 2 1 1 1 0 1 4 0 3 2 3 2 2 1 1 2 1 0 1 0 1 2 2 1 1 0 0 0 0 0 2 1 0 1 1 2 0 2 0 1 1 1 0 1 0 0 4 0 2 0 1 2 1 2 0 1 1 2 0 1 0 0 0 0 0 2 2 2 0 0 1 2 0 1 2 4 1 0 3 4 2 3 7
GCG_G 56 34 18 21 9 13 9 3 11 6 1 6 5 6 6 3 1 6 2 4 2 2 3 0 1 2 1 1 1 5 3 0 1 2 0 1 0 2 1 4 3 1 1 2 3 3 3 0 2 1 0 2 2 2 0 3 3 0 0 0 0 0 1 1 1 0 1 2 1 0 1 0 1 1 3 0 0 2 0 1 0 1 1 1 1 0 0 0 0 1 1 0 0 0 0 1 0 0 0 0 0 0 1 1 1 0 0 3 0 2 1 0 0 0 1 0 2 0 1 2 1 12
GCG_T 1760 878 499 359 252 245 204 168 142 100 94 95 88 84 70 65 80 54 50 52 55 44 48 67 48 37 37 36 28 29 29 21 28 20 29 23 45 21 21 15 16 25 15 26 25 18 19 19 22 24 17 14 15 22 20 17 17 19 19 4 18 12 13 17 10 6 13 21 14 14 7 17 10 12 9 9 8 10 11 7 16 7 12 9 7 12 12 11 7 7 11 14 11 14 9 10 9 13 12 11 10 13 10 5 12 12 14 7 18 15 14 9 8 13 7 19 22 15 19 33 39 75
GCT_A 125 72 44 24 16 16 13 8 12 12 5 5 11 8 4 6 8 5 5 1 5 6 5 5 6 6 2 7 2 1 1 3 4 2 3 2 1 1 2 0 3 3 2 1 2 0 3 1 3 0 2 2 1 1 1 1 0 2 1 1 0 0 0 1 1 2 1 0 0 1 2 0 0 2 1 1 0 1 0 1 1 2 1 1 0 1 0 0 1 0 0 1 0 1 0 2 2 0 1 0 0 1 0 1 1 2 1 0 0 1 1 1 0 2 0 0 0 1 2 3 1 6
GCT_G 157 95 46 39 21 25 13 15 16 4 11 6 16 4 4 8 8 8 8 5 5 9 7 7 1 8 3 3 3 3 5 4 1 4 3 1 2 0 3 1 0 2 0 3 2 2 0 3 1 0 4 2 2 2 2 1 1 3 0 0 2 0 2 1 1 1 2 1 1 3 2 1 0 1 2 0 0 0 2 1 1 2 1 0 1 1 1 1 1 1 0 0 2 1 0 2 1 3 1 0 1 1 2 0 0 0 2 5 0 0 0 1 0 1 0 3 2 3 1 2 12 12
GCT_T 592 272 167 111 89 65 70 50 53 35 26 19 34 17 16 17 17 22 15 11 15 10 19 23 12 15 10 13 9 10 10 8 13 4 7 14 8 6 5 5 7 6 7 4 10 9 6 4 3 2 7 9 7 10 5 3 8 5 4 2 4 7 2 2 2 4 5 4 1 4 3 4 3 6 4 2 2 3 5 1 0 5 7 3 2 4 1 3 4 5 3 4 5 4 4 5 4 5 2 4 4 4 5 2 5 2 3 2 4 3 3 2 6 3 5 13 5 5 6 8 21 40
GGA_A 707 334 215 139 97 83 67 51 51 37 46 40 29 32 19 17 21 22 21 20 12 8 21 13 12 9 15 11 6 10 12 13 9 8 8 9 6 8 8 10 13 9 10 6 5 12 6 20 8 2 4 5 5 6 5 9 6 4 14 2 7 3 2 3 2 5 7 3 3 3 8 7 5 2 3 4 3 4 6 2 5 5 7 7 1 1 3 4 2 4 2 1 2 3 0 3 7 4 2 1 4 4 4 1 5 5 1 5 4 3 3 1 4 7 4 7 2 5 4 8 16 37
GGA_C 208 104 63 46 43 27 17 23 17 23 16 11 9 11 8 5 6 6 3 7 7 10 8 4 6 4 1 4 6 5 9 3 4 3 2 2 3 5 1 8 2 2 2 2 3 3 2 5 1 4 3 7 1 0 2 2 5 0 2 0 2 1 3 3 2 4 1 4 0 2 1 2 6 1 0 3 2 1 3 3 0 0 3 5 2 2 1 2 1 1 2 2 2 0 0 0 1 3 0 0 5 3 1 3 1 2 1 1 1 1 1 1 4 2 2 1 3 2 2 0 1 9
GGA_T 196 114 55 53 28 20 22 20 15 11 16 13 13 8 2 14 8 10 4 4 5 1 6 3 2 3 4 3 3 5 4 2 3 3 5 2 5 1 4 1 3 3 2 4 1 1 2 2 3 2 1 5 0 4 0 2 0 0 2 2 1 2 1 2 1 0 0 1 0 2 2 1 2 2 0 0 0 2 2 0 0 1 2 2 1 0 1 3 0 1 1 1 1 3 3 2 3 3 1 1 0 0 0 3 0 2 0 2 2 1 0 1 0 4 1 0 1 1 2 7 2 9
GGC_A 676 322 204 153 136 98 85 61 73 57 48 41 29 37 21 21 28 16 29 28 21 20 21 24 17 18 18 13 18 15 18 9 13 14 11 9 12 9 11 12 16 11 7 4 4 9 12 4 9 8 14 8 8 5 4 6 3 7 6 1 5 8 2 10 5 5 7 4 8 2 2 4 8 3 4 6 5 4 8 2 1 3 3 4 3 3 2 1 2 3 4 2 1 8 4 12 6 4 2 2 6 3 7 2 4 4 7 3 6 9 4 2 7 1 2 5 10 5 8 5 15 35
GGC_C 168 86 63 19 45 21 22 13 15 6 14 13 7 11 6 11 5 6 9 2 10 8 6 4 5 5 2 7 4 3 5 5 5 4 1 2 2 1 3 1 3 2 2 2 5 3 3 1 0 1 1 3 1 0 1 1 4 3 0 1 1 1 3 4 2 0 1 2 0 1 2 0 2 2 1 0 1 1 0 1 2 1 0 1 4 2 0 0 0 1 2 0 1 1 0 1 0 2 0 2 2 3 0 2 1 4 1 1 0 2 1 1 2 4 2 5 4 3 2 0 5 13
GGC_T 260 132 71 43 40 33 29 26 17 15 14 11 21 7 8 11 8 7 14 4 15 9 8 10 5 10 6 8 5 5 6 3 7 5 3 4 4 2 2 5 3 3 3 3 0 1 4 3 2 1 3 5 2 3 2 4 1 2 1 0 4 0 4 1 4 2 1 2 1 2 1 0 2 3 1 3 1 0 1 2 0 3 5 1 2 4 1 1 1 0 1 2 0 0 3 1 1 3 1 1 0 1 1 4 0 2 0 1 2 1 1 0 3 0 2 2 2 2 4 0 2 10
GGG_A 788 408 238 181 132 96 90 74 69 68 45 43 40 51 27 34 40 30 33 24 27 24 12 25 18 14 23 14 25 12 16 14 16 15 15 15 11 7 12 7 9 5 8 9 7 7 11 9 9 8 12 15 8 7 8 5 5 7 10 6 11 6 4 4 9 2 6 6 10 3 4 4 9 9 6 4 4 5 10 5 2 4 2 4 2 9 5 3 5 2 6 3 4 3 5 3 6 5 8 2 1 4 7 8 5 7 2 7 3 5 6 10 7 6 5 12 8 10 10 10 11 39
GGG_C 285 145 96 57 39 33 32 29 22 19 12 15 11 13 5 11 13 10 9 7 13 4 7 5 7 1 7 7 6 4 4 2 6 4 8 2 6 5 3 3 2 2 4 3 3 2 2 5 4 2 6 5 8 4 0 2 4 3 1 1 0 4 4 2 4 3 2 1 1 2 1 2 1 1 2 4 4 2 6 3 1 0 1 0 0 2 1 2 3 1 0 2 1 1 0 1 1 5 2 2 1 1 2 4 1 1 1 2 1 1 0 3 2 2 4 7 1 2 3 8 2 18
GGG_T 254 112 66 59 35 28 24 38 15 22 14 16 19 12 10 12 8 11 7 7 10 7 8 2 4 5 8 2 6 5 2 4 5 6 5 5 8 5 2 7 3 4 5 5 5 5 3 2 3 3 2 2 1 1 1 4 2 0 0 2 0 2 3 1 1 2 0 0 3 1 1 1 2 3 4 2 2 2 1 3 2 0 4 1 0 1 2 1 3 2 0 2 1 1 0 2 0 2 1 1 1 1 2 0 1 1 1 1 1 0 2 0 3 1 1 4 1 2 2 3 6 13
GGT_A 652 355 167 120 99 86 88 62 51 52 40 37 27 34 26 39 24 25 34 15 17 14 11 13 16 22 14 12 13 5 10 12 5 3 9 7 19 5 6 10 9 5 11 8 9 10 9 6 4 9 4 6 7 6 12 6 2 10 1 2 5 3 5 5 4 5 5 4 5 1 5 5 4 4 6 3 5 4 5 5 3 4 4 5 3 3 2 2 0 3 3 5 4 7 0 8 4 3 3 4 5 1 3 2 3 5 5 3 3 3 5 2 4 4 6 2 5 8 1 8 16 60
GGT_C 147 81 56 27 17 18 15 22 11 12 9 14 5 9 11 6 5 4 7 2 8 2 3 4 3 2 7 3 3 6 3 3 1 2 1 6 2 5 3 0 2 1 1 2 2 3 1 2 1 3 2 3 1 4 4 2 1 0 0 0 2 1 0 2 0 3 2 1 1 1 1 5 1 3 0 1 5 1 2 1 1 2 1 2 3 0 1 1 2 1 0 2 3 0 0 5 2 1 1 0 3 3 1 0 1 1 0 3 1 0 4 1 1 1 2 3 2 4 2 1 9 7
GGT_T 273 142 97 73 31 37 35 30 22 19 22 17 8 11 7 11 8 11 12 6 9 9 5 6 9 4 7 5 7 1 9 3 2 5 3 5 5 3 7 3 3 3 3 6 0 3 4 4 3 6 1 7 0 3 5 4 10 5 1 4 3 3 5 5 0 3 3 2 3 1 1 4 2 2 1 2 4 1 2 1 0 2 0 0 4 3 2 2 1 3 2 2 2 4 0 3 3 2 1 3 0 2 0 2 5 3 1 4 1 4 3 3 2 2 4 3 3 2 7 8 6 16
GTA_A 43 21 13 7 7 4 3 7 2 1 1 3 3 0 1 0 2 2 3 1 2 1 2 1 0 2 0 0 3 0 0 1 0 0 2 1 1 1 0 1 0 1 1 1 0 0 0 0 0 2 0 0 0 0 0 1 0 1 1 2 1 0 0 0 0 0 2 0 3 0 0 1 0 0 0 0 0 0 0 0 0 1 0 0 0 0 0 0 0 0 0 0 0 0 0 0 2 0 0 0 0 0 0 0 0 1 0 0 0 0 1 1 0 1 1 1 0 0 0 1 2 1
GTA_C 247 114 67 52 47 28 22 21 23 22 15 20 7 15 14 10 12 5 11 10 6 9 3 8 4 15 2 1 4 6 4 5 7 4 7 4 4 5 6 1 4 3 2 2 7 1 4 3 5 1 5 5 2 7 2 2 5 1 3 1 2 3 4 3 2 3 4 1 0 1 3 0 2 1 2 4 1 3 2 1 1 1 3 6 2 0 0 2 1 3 4 4 0 5 2 2 0 2 4 3 0 2 1 2 3 3 0 1 4 2 1 2 1 2 3 3 4 4 2 10 11 45
GTA_G 43 26 17 9 3 3 7 3 5 3 5 5 3 2 3 1 3 0 1 3 1 3 1 0 0 0 0 2 0 0 1 2 1 1 2 0 0 1 1 1 0 0 0 3 1 0 1 0 0 1 1 0 0 0 0 1 0 0 1 0 0 0 0 0 1 1 1 0 1 0 1 0 0 0 1 1 1 0 0 2 0 2 2 1 0 0 1 0 0 1 2 0 0 0 0 1 1 2 0 0 0 0 0 0 1 1 0 0 0 1 1 1 0 0 0 0 2 0 0 0 0 4
GTC_A 75 34 25 12 16 13 14 5 8 3 5 4 3 2 3 1 1 4 2 5 2 3 1 3 1 3 3 0 2 1 0 0 3 0 0 1 0 5 1 0 1 2 1 1 0 1 1 1 0 1 1 0 1 0 0 0 1 1 0 0 0 0 1 1 0 0 0 0 1 1 1 0 0 0 1 1 0 0 0 0 2 0 2 0 0 0 0 0 0 1 0 1 0 1 0 1 1 0 0 0 0 0 0 1 1 0 2 0 2 0 0 0 0 1 1 1 0 2 1 1 1 5
GTC_C 192 92 54 44 33 27 17 19 28 13 13 10 13 6 9 16 12 4 7 3 7 8 7 8 14 6 5 4 5 6 4 6 4 4 1 7 4 4 3 2 5 3 5 2 3 4 1 2 5 4 5 4 1 7 1 2 1 3 4 4 5 2 1 3 1 3 1 0 0 6 3 2 1 6 0 4 0 4 1 1 1 0 1 7 2 2 1 6 2 4 1 3 1 3 0 4 1 1 2 1 1 0 4 1 4 0 1 2 4 1 1 3 2 3 8 3 2 5 3 5 9 35
GTC_G 54 29 12 10 9 7 7 4 1 5 7 4 1 2 3 1 4 2 3 2 3 3 0 0 0 0 1 1 1 0 1 2 2 1 1 0 1 1 0 2 0 2 0 0 2 0 1 1 1 0 1 1 2 0 1 0 1 2 1 0 1 2 1 1 1 2 1 3 0 0 0 1 0 2 0 3 0 0 0 0 0 0 0 1 0 0 1 0 1 2 0 0 2 2 0 0 0 2 1 0 0 0 0 0 0 0 0 0 0 0 0 0 0 0 0 1 0 0 1 1 4 8
GTG_A 120 59 30 23 16 12 16 17 5 6 6 8 6 8 3 8 7 4 3 4 3 4 2 3 2 3 4 0 1 3 2 3 3 1 0 2 2 1 3 1 1 1 2 0 5 2 3 0 0 3 3 2 2 3 0 3 5 2 2 0 1 3 2 1 0 1 2 1 1 1 3 1 1 0 1 1 2 2 0 0 1 0 0 1 1 1 2 0 1 3 0 1 1 1 2 0 3 3 2 0 0 1 0 1 0 0 0 1 1 0 1 0 1 1 0 2 0 2 2 1 1 5
GTG_C 429 217 157 94 70 64 53 47 46 26 39 32 33 28 22 18 15 19 20 24 9 15 14 13 13 12 11 14 8 8 7 12 12 16 2 12 8 9 7 9 9 6 13 7 8 10 6 4 6 13 12 8 6 7 6 8 8 8 9 7 6 1 7 3 4 10 3 8 6 10 11 5 7 4 5 8 12 5 3 7 6 5 9 6 6 4 8 1 5 7 7 6 4 13 8 11 6 7 6 10 8 15 8 5 8 10 6 14 10 13 11 14 20 19 15 18 23 28 43 76 142 710
GTG_G 170 94 58 33 27 22 20 9 16 7 10 9 12 7 6 5 5 7 7 4 9 4 4 5 4 6 3 3 2 1 3 4 2 6 2 1 6 0 1 1 3 2 4 1 5 1 1 1 3 2 2 2 3 2 1 0 1 4 1 1 1 2 1 0 0 2 3 0 1 1 0 0 3 1 1 1 2 4 4 2 1 0 1 1 0 1 0 1 2 1 0 3 0 0 1 1 2 0 0 0 2 3 0 1 1 0 2 2 1 1 0 2 3 3 2 1 1 2 2 0 4 11
GTT_A 64 34 25 10 7 10 5 10 7 6 3 2 3 2 3 2 1 1 2 2 0 2 1 3 2 5 3 0 3 1 0 1 2 0 1 0 1 1 0 1 0 1 2 0 0 1 0 0 0 2 0 1 1 0 0 0 1 3 1 0 0 0 1 0 0 0 0 2 1 0 1 0 1 1 0 0 0 0 0 0 1 0 0 0 1 0 1 0 1 1 1 0 0 1 0 0 0 2 0 1 1 0 1 0 0 0 2 0 3 0 0 2 0 1 0 0 3 1 0 0 2 7
GTT_C 275 143 84 63 40 43 36 33 23 17 15 19 27 11 10 15 12 16 17 8 10 9 6 6 4 9 9 7 7 5 4 5 4 6 6 6 5 6 8 5 7 4 5 3 2 9 2 2 2 7 2 1 4 7 4 1 2 3 5 4 2 4 2 3 4 5 2 1 1 3 3 4 1 4 0 0 0 1 3 3 1 0 4 0 1 3 2 5 1 4 4 1 3 4 0 4 2 3 0 2 2 3 3 4 3 5 4 1 2 3 1 3 5 1 5 7 2 4 7 7 5 37
GTT_G 73 50 20 32 20 9 8 11 4 3 8 4 4 4 4 6 3 2 5 3 2 2 4 3 3 3 3 2 2 2 3 1 1 0 1 0 2 1 0 3 1 1 1 1 0 1 3 2 3 3 5 1 2 1 1 0 0 1 0 2 1 1 0 1 0 0 0 0 2 0 0 1 0 0 0 2 1 0 1 0 2 2 1 1 1 0 0 1 0 0 0 0 3 1 0 1 2 2 0 1 0 0 0 1 3 0 0 0 2 0 1 0 0 1 0 0 3 0 2 4 1 18
TAA_C 79 46 18 20 14 13 5 12 5 7 6 3 4 4 4 5 0 3 6 1 0 3 4 4 2 2 1 1 2 3 2 1 1 1 1 4 4 0 2 1 2 0 3 0 0 1 1 1 2 0 1 2 4 3 0 1 1 1 2 2 0 0 0 1 1 1 0 2 1 1 0 0 1 0 0 1 0 1 2 1 1 0 2 1 2 2 3 0 0 0 0 0 0 1 0 3 1 0 1 1 4 1 2 0 1 1 0 3 0 1 0 1 1 0 0 2 3 4 1 3 3 5
TAA_G 260 128 69 63 51 30 30 28 15 19 12 12 20 13 16 13 10 10 13 10 6 2 3 7 6 10 7 5 5 4 2 7 5 9 4 5 3 6 3 8 6 2 3 3 6 4 4 3 3 3 3 3 4 4 4 3 3 4 4 4 3 1 3 1 5 5 1 4 1 0 1 2 1 1 2 1 1 2 3 0 1 0 1 0 1 2 3 3 2 2 2 4 3 2 3 2 2 2 0 2 3 1 1 2 2 2 1 4 0 4 1 7 4 2 4 6 4 3 2 5 14 38
TAA_T 139 73 40 24 24 19 12 11 15 5 12 8 9 7 7 3 8 4 9 8 5 5 9 3 1 3 7 2 2 2 3 2 0 1 2 1 1 2 6 3 2 4 0 1 3 1 1 0 2 3 0 3 1 0 2 2 1 1 2 0 0 3 1 1 0 2 1 1 1 2 1 1 1 3 1 3 0 1 2 1 0 0 1 1 0 1 0 6 2 2 0 1 1 3 1 2 2 2 2 1 2 1 1 1 0 1 0 1 5 4 4 3 3 2 3 4 3 6 4 11 17 52
TAC_C 42 24 14 11 8 8 5 13 4 1 2 1 5 2 1 0 0 2 3 1 1 1 1 0 0 4 3 0 2 1 1 1 0 0 0 0 1 1 0 0 0 0 1 0 1 0 1 1 0 1 1 2 0 1 0 0 1 1 0 0 0 0 1 0 0 0 0 0 1 0 0 0 1 1 0 1 0 0 0 0 0 0 1 1 0 1 0 0 0 1 0 3 0 0 1 1 0 1 1 0 0 0 0 0 0 0 0 0 0 2 1 0 0 1 0 0 0 0 2 0 1 6
TAC_G 249 131 74 55 53 31 23 21 22 18 18 14 20 12 15 9 11 14 9 5 4 3 5 12 9 4 6 7 6 4 2 9 1 5 3 4 6 3 6 3 6 2 3 1 2 3 8 9 4 6 1 6 0 4 3 3 2 0 6 4 1 2 0 2 1 2 1 2 4 3 2 1 2 1 4 1 2 0 1 2 1 3 2 4 1 3 4 2 0 1 1 2 0 4 1 3 5 1 2 3 2 1 2 1 1 2 2 1 2 2 2 3 2 2 6 3 2 4 4 16 7 41
TAC_T 44 21 10 10 9 6 2 3 4 1 4 0 1 3 2 0 3 3 0 0 0 1 2 1 0 2 0 1 1 2 0 2 1 0 1 1 0 0 0 1 0 1 1 0 0 1 1 0 0 0 1 0 1 1 2 0 0 0 0 0 1 0 1 1 0 0 0 0 1 0 0 2 0 0 0 0 0 0 1 0 0 0 0 0 1 0 0 1 0 0 1 0 0 1 1 0 0 0 1 0 0 0 0 0 0 1 0 0 0 0 1 0 0 1 1 0 1 1 0 0 1 2
TAG_C 52 33 21 11 8 4 4 4 4 3 3 3 1 0 2 0 1 0 2 3 2 0 1 0 2 1 1 2 0 0 1 0 0 3 1 0 2 1 3 1 1 2 0 1 0 2 1 1 1 0 2 0 1 0 0 0 1 0 1 1 0 2 1 0 0 0 0 4 1 0 1 0 0 1 1 0 0 0 0 0 0 1 0 1 0 0 0 0 0 0 0 0 2 2 0 1 1 0 1 0 0 0 0 1 0 1 0 0 0 0 1 0 1 2 0 0 0 0 1 1 3 4
TAG_G 239 133 59 52 41 26 24 23 19 24 20 14 17 12 12 11 6 9 7 11 8 9 5 9 9 7 7 5 4 4 8 3 0 5 5 6 3 3 6 4 2 4 8 1 4 4 1 8 4 3 4 4 2 2 4 1 2 6 0 3 2 1 6 1 4 2 1 1 1 1 5 1 1 4 2 1 6 1 2 4 2 1 5 4 2 0 5 3 3 0 0 4 3 1 1 2 5 1 1 2 4 2 1 4 2 3 5 2 7 3 3 7 4 3 4 5 5 6 4 9 15 48
TAG_T 46 26 17 16 7 7 5 5 2 8 2 2 3 3 0 3 1 1 2 1 0 2 0 0 1 1 2 2 0 3 0 1 1 2 0 2 1 1 1 0 0 1 1 1 0 0 1 0 0 0 1 2 0 1 1 0 1 0 0 0 0 1 0 2 0 0 0 1 0 0 0 1 0 0 0 0 1 2 0 0 0 1 0 0 0 0 0 0 0 0 2 0 0 3 0 0 0 2 0 1 0 0 1 0 0 0 0 0 0 2 1 0 1 0 0 1 0 0 0 0 0 5
TAT_C 80 46 21 16 10 17 9 9 4 5 6 8 4 2 6 7 2 2 3 3 1 2 1 2 1 4 2 1 1 2 4 3 0 3 0 1 3 2 1 2 0 2 4 2 1 1 4 0 0 2 2 1 1 0 1 2 1 1 2 2 0 1 2 1 0 0 0 0 3 0 0 0 0 1 0 0 0 1 3 0 1 2 2 2 0 2 0 2 1 2 3 1 0 0 1 0 1 0 1 1 0 2 1 2 0 0 0 0 1 0 1 0 1 0 0 0 0 1 2 3 4 8
TAT_G 669 330 196 156 99 79 75 62 59 48 45 31 39 34 30 35 23 26 22 27 18 28 21 24 12 18 14 19 18 13 7 13 9 11 5 14 11 19 11 14 9 9 18 9 12 11 9 8 10 10 11 6 9 9 7 10 10 14 7 13 6 3 6 8 5 1 4 3 5 2 6 2 7 4 8 8 2 3 7 6 9 6 5 1 4 6 6 8 2 13 2 4 8 6 5 7 8 2 5 7 2 5 7 5 2 10 7 6 4 5 6 4 13 7 6 10 12 17 12 20 27 86
TAT_T 120 58 34 21 15 10 11 10 10 8 7 4 6 7 8 6 5 2 3 8 3 4 2 3 3 4 3 4 1 3 2 1 4 0 1 5 2 2 2 6 2 1 3 3 3 0 1 1 2 1 2 1 1 2 0 3 0 5 1 3 0 0 2 0 0 2 1 2 2 1 2 1 0 1 2 4 3 2 1 0 4 0 0 0 2 0 1 3 1 2 0 0 2 2 1 0 0 0 5 1 0 0 0 0 1 0 1 1 0 4 0 5 0 0 0 1 1 2 5 3 8 16
TCA_A 149 63 48 21 22 22 15 13 10 13 11 5 1 8 4 2 7 5 5 6 3 1 2 2 5 3 5 2 1 0 3 2 3 2 4 2 3 1 2 2 0 0 0 0 1 1 2 0 2 1 0 3 0 2 2 0 1 0 1 0 0 2 1 0 1 1 0 1 1 0 2 0 0 3 0 0 2 0 0 1 0 1 0 2 0 0 1 0 2 1 0 2 0 0 0 2 0 0 0 1 0 0 0 1 0 0 0 1 3 2 1 0 1 0 2 3 1 0 2 0 1 9
TCA_G 189 110 53 33 20 34 18 18 17 9 17 7 13 5 11 11 9 9 11 4 7 6 5 5 3 3 5 4 3 1 4 1 4 2 1 3 4 6 3 2 1 2 3 6 1 1 1 1 3 1 7 1 4 2 1 2 3 1 4 2 1 1 1 1 1 1 1 1 2 2 3 1 1 2 1 1 2 3 1 2 2 4 2 0 1 0 3 2 1 0 0 0 3 2 2 3 2 0 0 1 1 0 0 1 2 3 1 1 3 1 0 2 3 0 0 4 3 3 2 4 2 12
TCA_T 514 252 150 111 73 67 48 49 37 38 20 28 27 31 20 21 19 24 20 15 14 14 5 10 11 9 9 9 6 10 5 4 13 5 8 9 4 3 10 6 11 5 4 3 3 5 2 6 6 8 6 5 10 5 5 3 4 2 4 1 3 4 3 3 4 3 2 1 6 3 2 1 1 4 1 1 2 4 5 3 3 1 3 4 1 6 0 3 2 2 3 1 2 4 1 2 2 4 3 3 2 2 3 3 1 4 4 1 1 3 2 7 2 4 1 1 3 3 10 9 12 31
TCC_A 179 90 47 36 24 23 26 21 11 14 9 12 6 12 11 11 4 3 6 3 9 6 5 4 6 9 2 4 2 2 1 0 3 3 4 1 4 2 7 3 3 0 0 1 2 4 0 0 5 0 2 0 2 0 0 2 1 0 1 0 1 0 1 1 2 1 1 2 3 1 0 1 2 0 1 3 1 2 2 1 1 0 2 1 3 0 2 0 1 1 0 1 0 0 2 1 2 4 2 0 0 1 1 2 1 2 1 1 1 0 2 1 0 5 1 0 2 5 2 3 2 12
TCC_G 213 113 68 36 34 31 23 28 21 14 20 12 14 7 6 13 5 9 8 6 9 8 8 5 3 5 7 9 3 3 5 2 2 1 3 3 2 3 3 1 3 0 2 4 2 7 5 2 2 2 1 2 2 0 2 1 4 1 3 2 1 1 2 1 4 2 2 1 4 3 1 0 1 4 1 0 2 1 5 0 2 1 0 2 2 2 2 3 2 1 0 2 1 0 2 0 1 1 0 0 2 0 2 0 4 2 2 1 2 2 0 1 4 3 2 1 3 2 1 6 6 10
TCC_T 696 311 191 130 92 69 62 56 55 36 42 27 42 27 26 32 29 22 26 11 22 11 17 14 17 15 14 11 16 13 14 15 8 3 8 6 10 5 14 7 12 4 8 10 8 6 7 7 10 11 5 6 10 6 3 10 9 5 6 2 7 5 7 6 2 2 5 7 3 6 5 9 2 4 0 4 6 0 4 7 5 4 3 1 8 4 4 1 3 6 3 3 2 4 7 4 3 4 4 6 3 3 3 5 7 7 1 4 1 6 6 9 2 6 3 7 3 6 4 8 7 35
TCG_A 57 23 15 13 9 9 6 6 5 3 3 7 4 1 2 1 5 1 2 2 4 3 2 1 2 1 2 1 2 2 1 1 0 2 2 1 1 0 0 0 1 1 0 0 0 0 0 2 1 4 1 1 1 2 0 0 0 1 0 1 1 1 0 1 0 0 1 0 1 0 1 0 0 0 2 1 0 0 0 0 1 1 0 0 0 0 1 0 0 1 0 1 0 0 2 0 2 0 0 1 0 1 0 0 0 0 0 0 1 0 1 2 1 0 0 0 0 4 1 3 3 9
TCG_G 74 36 24 19 8 6 11 5 9 7 5 7 7 2 5 5 1 3 2 1 2 2 6 2 2 5 1 2 1 2 1 0 4 0 1 1 3 2 3 0 2 3 1 4 0 3 1 1 0 4 0 0 1 1 0 1 0 0 1 0 0 0 0 0 1 0 1 2 0 0 0 0 1 0 2 3 0 1 1 0 0 0 3 1 0 4 0 0 0 1 0 2 0 0 1 1 1 0 1 0 1 0 0 0 0 0 1 1 0 0 0 1 3 1 1 1 1 1 2 0 3 2
TCG_T 1204 615 337 233 208 147 125 95 90 84 66 64 57 54 38 57 62 43 39 31 36 37 34 29 29 22 25 37 23 20 13 26 18 13 18 16 23 13 14 18 10 13 18 18 19 16 6 12 14 14 9 12 6 6 10 5 9 12 13 10 8 7 10 10 9 12 6 14 8 10 9 9 13 6 4 11 7 5 7 4 5 8 7 5 7 7 7 2 10 8 3 4 5 2 4 3 4 8 4 5 2 6 9 2 5 7 7 9 7 8 9 9 6 7 7 4 5 16 13 18 33 59
TCT_A 213 91 59 40 30 26 21 27 18 9 8 8 20 9 11 9 6 8 8 3 5 3 2 5 4 3 8 3 3 1 2 1 3 1 3 6 4 3 3 3 4 3 2 2 4 1 0 2 3 5 0 3 0 1 2 2 0 0 2 2 1 3 0 1 2 2 1 0 0 1 0 3 0 2 2 1 1 2 0 2 0 2 2 0 1 1 2 0 2 2 1 0 1 2 0 1 1 1 1 1 0 0 3 1 0 2 0 0 5 2 2 1 0 2 0 3 1 2 4 1 9 13
TCT_G 321 195 100 78 46 41 48 36 37 13 23 18 20 16 9 16 11 15 12 10 8 7 15 5 10 9 8 8 12 11 13 7 2 6 3 9 13 3 5 1 4 2 3 6 6 4 6 8 6 5 2 2 5 9 4 8 2 3 2 4 2 2 2 3 4 2 0 3 4 3 0 4 0 0 2 1 2 3 2 1 7 3 4 2 2 2 2 3 3 3 4 2 2 3 1 4 1 0 2 2 1 1 2 3 1 4 3 3 3 3 3 3 4 4 2 5 3 6 3 8 8 22
TCT_T 497 238 167 105 73 52 54 32 36 32 35 27 36 26 19 20 12 18 17 19 8 12 15 17 12 11 9 6 11 8 5 6 12 7 7 9 14 9 5 6 6 1 7 3 7 6 6 9 3 9 10 9 4 3 5 4 5 5 8 7 1 5 4 5 5 3 1 8 6 0 5 2 4 2 2 7 3 2 0 2 0 3 2 1 4 3 2 1 2 3 5 7 1 10 1 6 4 7 0 3 5 5 2 2 4 3 1 2 2 5 4 4 11 7 5 7 1 7 9 11 16 38
TGA_A 483 233 136 98 78 68 53 51 42 30 32 25 23 22 22 21 21 14 19 12 12 15 11 16 11 10 12 10 5 8 9 8 8 10 9 5 9 5 12 8 11 3 4 3 6 6 10 7 10 4 5 7 5 7 6 4 3 3 2 5 2 0 5 7 1 2 1 6 2 5 1 3 4 6 3 3 6 2 7 2 2 9 1 2 6 3 2 9 2 3 0 2 4 1 4 4 5 1 1 3 1 1 4 2 2 9 3 2 5 4 0 2 5 8 4 2 2 6 5 13 9 44
TGA_C 200 92 59 47 24 24 26 19 23 12 10 9 8 8 7 10 8 8 5 4 4 3 2 10 5 2 3 6 0 4 2 3 4 2 3 3 0 5 6 6 1 1 2 0 3 2 5 2 1 4 1 0 3 1 2 0 0 0 1 0 0 2 0 0 1 1 0 2 2 2 2 3 3 1 0 1 1 0 1 0 0 2 1 0 4 2 1 0 2 0 2 0 0 1 1 1 2 1 1 1 0 1 1 2 0 1 2 1 1 2 1 0 1 3 0 0 1 1 3 7 4 13
TGA_T 142 71 41 18 21 10 14 11 10 8 9 4 8 7 5 5 4 4 4 2 2 1 3 6 4 3 3 2 3 1 3 1 2 5 2 2 0 1 2 2 2 1 5 1 1 2 1 1 4 2 1 3 0 3 0 3 0 0 0 0 1 0 0 1 0 0 0 1 1 2 1 0 0 0 1 1 1 0 1 3 0 1 0 0 0 0 0 1 2 0 0 0 1 0 1 0 1 1 0 1 0 0 0 0 1 1 0 0 0 1 3 1 1 0 2 0 1 1 0 2 2 3
TGC_A 559 278 170 128 86 63 56 52 38 29 38 33 35 26 21 21 20 18 25 19 12 17 18 9 14 5 15 15 13 12 12 5 8 13 9 5 7 8 8 11 6 3 9 14 8 2 4 9 3 5 5 9 4 7 2 4 5 7 5 3 2 2 5 4 6 2 5 6 4 2 5 2 1 4 4 4 2 3 2 1 3 3 3 2 2 0 2 1 1 6 4 3 1 3 0 3 2 4 5 4 1 3 6 3 4 5 2 4 4 1 4 2 3 4 6 2 2 9 6 9 14 37
TGC_C 123 61 37 23 19 22 16 12 9 11 10 7 3 6 2 6 4 1 3 4 3 4 5 1 6 1 2 6 1 1 1 2 1 2 4 5 1 3 3 4 2 1 0 3 2 1 1 3 2 1 0 3 3 1 1 2 0 2 2 1 1 1 2 1 1 1 0 0 2 1 0 1 2 0 1 1 5 4 1 2 2 0 0 1 0 1 1 0 1 2 0 2 0 1 2 1 1 0 1 2 0 2 1 0 0 0 0 0 0 0 1 1 2 0 0 1 0 1 1 5 3 5
TGC_T 201 107 72 52 34 32 26 22 13 11 11 12 14 6 3 14 4 6 2 4 8 2 8 6 2 3 5 4 3 4 5 6 0 2 1 3 1 4 2 1 3 1 1 6 2 4 3 1 1 4 4 5 2 3 2 2 4 3 2 0 1 2 2 3 2 0 2 1 3 4 2 2 2 0 3 2 1 1 2 0 2 2 1 0 1 2 0 1 1 2 2 1 3 1 2 0 0 1 0 1 1 2 6 2 2 3 2 1 2 0 1 2 4 1 1 3 2 1 1 6 4 14
TGG_A 732 359 219 163 132 100 79 79 56 46 37 44 43 36 23 28 25 19 37 17 25 22 16 19 26 15 19 11 18 13 11 9 17 7 6 8 12 9 9 12 10 5 18 12 9 9 6 7 3 11 4 8 8 8 11 10 9 3 6 10 5 4 9 6 2 6 8 6 7 6 5 2 5 4 2 2 2 3 5 6 2 5 4 3 3 11 4 5 3 9 1 4 5 4 6 5 7 2 6 6 4 3 7 1 6 8 4 2 8 5 5 6 4 6 5 8 6 9 11 6 19 49
TGG_C 185 105 64 39 25 30 20 23 8 14 13 10 4 9 7 5 8 8 5 4 3 3 3 6 7 3 4 3 4 2 4 4 2 1 0 5 4 3 2 2 0 1 1 5 2 2 0 1 4 0 1 1 1 1 2 0 1 5 3 2 0 3 3 2 2 1 3 2 1 2 3 2 0 1 1 1 1 2 1 0 3 2 2 1 2 2 4 3 3 0 0 1 0 2 1 0 0 2 2 0 3 0 3 2 0 0 2 1 0 1 1 1 1 1 0 1 3 3 1 2 9 10
TGG_T 177 102 58 34 27 25 19 16 15 13 2 13 9 13 5 9 10 8 4 9 4 3 4 7 7 2 9 3 3 4 6 4 2 3 1 4 3 3 0 2 4 4 4 3 5 6 1 0 4 4 0 5 3 1 2 2 6 1 5 0 0 4 3 2 0 0 3 0 0 1 1 0 0 2 0 0 0 1 2 1 3 1 1 0 0 1 0 0 2 0 2 3 1 3 1 0 3 1 0 0 1 1 2 2 0 0 1 1 2 1 2 2 1 2 1 3 1 1 2 3 3 18
TGT_A 804 422 239 164 133 110 99 73 59 58 38 35 47 33 32 38 39 27 31 27 20 22 26 27 17 14 19 21 16 22 15 22 13 19 10 18 7 11 18 12 17 12 15 15 5 10 11 11 11 17 12 9 12 6 7 6 8 10 7 7 3 3 6 6 3 5 4 7 8 7 5 6 12 7 10 6 4 7 5 4 5 6 4 9 7 4 4 3 2 6 3 2 4 6 7 3 8 3 4 8 1 3 3 5 4 6 6 7 5 12 7 6 8 11 8 18 10 7 11 13 36 112
TGT_C 199 90 47 43 36 22 19 23 16 16 11 14 13 6 10 10 4 6 3 6 5 5 7 2 8 7 7 5 1 4 1 3 3 2 4 1 4 4 1 3 5 5 3 3 3 2 2 1 1 3 4 1 1 2 3 3 0 2 2 1 4 1 7 2 1 2 0 0 2 5 1 0 0 1 2 0 4 1 2 3 4 2 4 2 0 2 2 3 2 1 3 0 1 1 2 0 1 1 2 1 4 1 3 3 4 2 0 2 3 1 4 2 1 1 2 2 1 2 2 6 5 18
TGT_T 231 97 76 33 30 28 24 21 17 11 8 7 14 10 7 9 9 5 3 4 4 7 5 5 7 7 4 10 4 4 4 4 5 1 4 4 8 2 1 3 5 2 4 0 1 5 4 1 3 2 2 3 3 2 1 6 6 0 0 1 1 1 3 3 1 3 2 3 0 2 2 1 2 6 0 3 5 1 3 3 3 1 1 0 2 1 0 2 2 2 2 1 2 1 2 0 2 3 2 1 2 0 3 0 0 2 2 1 0 3 2 0 2 1 1 4 4 7 4 7 6 23
TTA_A 114 63 38 27 25 17 16 14 8 10 13 4 13 6 4 11 5 1 7 5 10 5 2 5 3 3 3 3 3 2 4 1 2 3 4 4 1 3 7 5 1 5 9 3 1 2 1 2 0 2 2 3 4 4 3 2 2 0 3 4 1 2 1 3 0 2 3 1 0 2 1 1 1 0 2 2 2 1 0 1 0 3 0 0 2 1 1 1 1 0 2 1 1 1 0 0 1 2 1 3 0 1 1 4 3 5 0 1 0 1 8 2 2 0 3 2 4 3 7 10 24 60
TTA_C 284 139 84 56 41 33 35 25 25 15 20 14 18 14 10 7 12 12 8 13 14 7 7 3 5 9 9 11 4 6 4 3 3 5 5 4 2 4 3 3 6 6 4 6 8 3 7 3 0 4 3 4 6 1 2 3 4 3 2 0 3 3 5 2 4 5 2 8 2 2 2 2 4 3 2 0 2 3 3 6 0 2 2 2 9 3 0 3 3 0 4 5 5 3 3 1 7 3 2 2 2 0 4 3 3 1 1 0 0 2 0 2 2 1 3 3 3 2 3 7 4 42
TTA_G 71 33 26 22 13 11 10 12 5 5 7 7 3 2 2 0 1 1 2 3 6 1 4 3 1 4 0 3 1 2 0 1 2 2 3 2 6 3 2 2 4 2 2 0 0 0 0 3 1 1 1 2 0 3 1 1 1 2 0 0 1 0 0 0 1 0 1 0 0 1 1 0 2 2 1 1 3 0 1 3 1 3 1 0 1 1 1 0 1 1 0 3 2 0 1 0 2 0 1 1 2 1 0 0 1 1 3 0 0 1 2 1 0 1 4 1 2 3 2 1 2 12
TTC_A 72 32 17 13 9 6 6 7 4 3 5 1 3 4 4 4 3 0 3 2 0 0 1 1 1 1 6 0 0 1 0 0 0 4 0 2 1 0 1 0 1 0 2 2 1 2 1 0 1 0 1 0 0 0 1 0 1 1 0 2 0 1 0 0 1 1 1 0 0 0 0 0 0 2 1 0 0 0 1 0 0 0 0 0 0 0 0 0 0 0 0 0 1 0 0 0 0 0 0 0 0 0 1 0 0 2 1 0 1 0 1 1 1 2 0 0 3 2 1 1 0 2
TTC_C 245 136 68 51 42 25 24 22 19 22 10 14 15 14 7 8 6 12 7 6 6 4 7 6 5 5 8 9 6 6 4 4 6 3 3 2 7 3 5 5 3 3 5 4 3 5 3 7 3 6 3 4 5 5 2 5 4 1 5 1 1 0 2 3 4 2 4 3 2 4 0 4 6 3 1 1 3 2 2 3 1 1 3 2 1 2 1 5 1 2 1 0 2 3 2 1 2 3 2 3 1 0 1 0 2 1 2 5 3 2 3 3 4 0 3 5 3 8 6 9 12 37
TTC_G 88 42 33 24 11 7 11 6 6 6 6 5 5 3 4 4 4 6 3 3 2 1 2 1 3 2 2 3 1 2 0 1 2 2 0 2 1 0 3 1 1 2 1 1 3 1 1 1 1 0 3 2 1 1 1 1 1 1 0 4 1 1 0 2 0 3 0 0 0 1 1 0 2 0 4 1 0 1 0 1 0 0 1 2 0 1 0 0 2 1 1 1 1 1 1 2 0 0 0 0 0 3 0 4 0 2 0 4 0 0 2 0 2 1 0 1 0 1 0 0 2 15
TTG_A 67 40 20 18 14 11 3 7 2 3 3 2 6 3 1 2 2 3 1 1 2 1 0 2 0 4 0 0 0 0 0 1 0 0 2 0 0 2 1 1 0 0 1 1 0 1 1 1 0 0 0 0 0 1 0 0 1 0 0 2 0 0 0 1 0 2 1 0 1 0 2 0 2 1 3 0 1 0 0 1 1 0 1 1 1 0 0 0 0 0 1 0 0 0 0 1 0 0 0 1 1 0 0 0 2 0 0 0 1 0 0 0 0 1 1 0 0 2 1 1 0 3
TTG_C 308 166 100 63 48 49 30 27 26 35 22 19 23 14 9 21 14 11 11 9 9 9 14 7 11 6 8 9 7 4 5 5 9 5 11 6 12 5 8 3 2 6 3 0 4 6 5 9 3 15 6 4 6 2 6 8 2 7 3 3 3 2 10 4 8 2 2 5 4 4 3 3 3 0 1 1 8 1 4 5 5 4 5 4 0 4 3 2 4 4 3 2 6 6 4 4 2 5 6 4 7 6 7 2 4 7 10 3 7 7 5 7 11 11 12 10 7 18 23 47 62 403
TTG_G 137 63 44 27 21 22 16 13 13 17 6 9 8 13 13 9 10 5 5 4 2 4 4 4 6 2 5 1 5 2 5 6 1 5 3 1 1 2 1 0 2 3 1 2 2 2 2 1 0 3 2 1 1 1 0 0 2 3 3 1 0 2 4 0 6 0 1 0 0 3 4 2 1 2 0 1 1 0 0 2 0 0 3 3 1 0 1 1 0 2 0 0 1 0 0 3 0 2 1 0 0 2 0 0 2 1 1 1 1 1 1 1 2 3 2 2 1 4 5 3 5 18
TTT_A 135 62 55 28 14 25 17 15 14 18 8 5 14 4 5 8 4 3 5 2 5 6 7 5 1 6 3 1 2 3 4 3 2 0 1 2 1 3 5 0 0 2 3 1 3 0 2 1 1 2 0 2 1 2 4 1 2 3 1 2 1 3 2 5 0 1 0 0 0 0 0 1 1 3 1 0 0 0 1 0 0 2 0 2 0 1 1 0 2 0 2 0 2 0 1 1 3 0 0 1 0 1 1 3 0 0 2 1 3 0 0 0 0 1 1 2 2 5 2 3 7 11
TTT_C 461 206 133 90 83 64 46 47 41 27 28 20 35 21 22 22 9 15 22 22 15 15 16 19 12 7 5 9 10 9 7 9 8 7 7 6 12 6 17 2 5 7 6 12 5 5 8 6 5 5 4 12 4 5 2 7 8 0 6 6 2 3 4 2 2 0 1 3 4 4 2 2 5 2 1 5 4 4 1 4 3 4 3 2 3 3 2 1 7 4 0 6 3 1 2 4 2 3 3 2 4 4 5 3 2 2 4 7 5 3 3 4 5 4 4 9 2 6 1 14 9 27
TTT_G 229 118 76 60 28 30 20 20 17 16 12 17 8 8 11 7 11 12 12 11 5 4 4 4 11 5 7 7 2 6 4 3 8 4 6 6 2 4 6 2 4 2 4 4 9 2 4 2 1 3 5 2 0 2 1 2 3 0 3 5 3 3 1 4 1 4 4 0 3 2 3 2 1 0 3 2 3 0 2 2 1 2 0 1 0 2 0 4 1 4 1 3 2 0 0 1 1 2 0 0 2 0 0 3 3 0 0 1 2 3 5 0 2 5 5 3 4 5 3 2 8 29
